1845
7380
3 0 3
3 2 3
3 4 3
3 28 3
3 29 3
3 30 3
3 31 3
3 32 3
3 33 3
3 34 3
3 35 3
3 36 3
7 0 3
7 6 3
7 8 3
7 64 3
7 65 3
7 66 3
7 67 3
7 68 3
7 69 3
7 70 3
7 71 3
7 72 3
11 1 3
11 10 3
11 12 3
11 100 3
11 101 3
11 102 3
11 103 3
11 104 3
11 105 3
11 106 3
11 107 3
11 108 3
15 1 3
15 14 3
15 16 3
15 136 3
15 137 3
15 138 3
15 139 3
15 140 3
15 141 3
15 142 3
15 143 3
15 144 3
19 2 3
19 20 3
19 27 3
19 172 3
19 173 3
19 174 3
19 175 3
19 176 3
19 177 3
19 178 3
19 179 3
19 180 3
23 2 3
23 22 3
23 24 3
23 208 3
23 209 3
23 210 3
23 211 3
23 212 3
23 213 3
23 214 3
23 215 3
23 216 3
27 2 3
27 19 3
27 26 3
27 244 3
27 245 3
27 246 3
27 247 3
27 248 3
27 249 3
27 250 3
27 251 3
27 252 3
31 3 3
31 30 3
31 32 3
31 280 3
31 281 3
31 282 3
31 283 3
31 284 3
31 285 3
31 286 3
31 287 3
31 288 3
35 3 3
35 34 3
35 36 3
35 316 3
35 317 3
35 318 3
35 319 3
35 320 3
35 321 3
35 322 3
35 323 3
35 324 3
39 4 3
39 38 3
39 40 3
39 352 3
39 353 3
39 354 3
39 355 3
39 356 3
39 357 3
39 358 3
39 359 3
39 360 3
43 4 3
43 42 3
43 44 3
43 388 3
43 389 3
43 390 3
43 391 3
43 392 3
43 393 3
43 394 3
43 395 3
43 396 3
47 5 3
47 46 3
47 48 3
47 424 3
47 425 3
47 426 3
47 427 3
47 428 3
47 429 3
47 430 3
47 431 3
47 432 3
51 5 3
51 50 3
51 52 3
51 460 3
51 461 3
51 462 3
51 463 3
51 464 3
51 465 3
51 466 3
51 467 3
51 468 3
55 6 3
55 56 3
55 63 3
55 496 3
55 497 3
55 498 3
55 499 3
55 500 3
55 501 3
55 502 3
55 503 3
55 504 3
59 6 3
59 58 3
59 60 3
59 532 3
59 533 3
59 534 3
59 535 3
59 536 3
59 537 3
59 538 3
59 539 3
59 540 3
63 6 3
63 55 3
63 62 3
63 568 3
63 569 3
63 570 3
63 571 3
63 572 3
63 573 3
63 574 3
63 575 3
63 576 3
67 7 3
67 66 3
67 68 3
67 604 3
67 605 3
67 606 3
67 607 3
67 608 3
67 609 3
67 610 3
67 611 3
67 612 3
71 7 3
71 70 3
71 72 3
71 640 3
71 641 3
71 642 3
71 643 3
71 644 3
71 645 3
71 646 3
71 647 3
71 648 3
75 8 3
75 74 3
75 76 3
75 676 3
75 677 3
75 678 3
75 679 3
75 680 3
75 681 3
75 682 3
75 683 3
75 684 3
79 8 3
79 78 3
79 80 3
79 712 3
79 713 3
79 714 3
79 715 3
79 716 3
79 717 3
79 718 3
79 719 3
79 720 3
83 9 3
83 82 3
83 84 3
83 748 3
83 749 3
83 750 3
83 751 3
83 752 3
83 753 3
83 754 3
83 755 3
83 756 3
87 9 3
87 86 3
87 88 3
87 784 3
87 785 3
87 786 3
87 787 3
87 788 3
87 789 3
87 790 3
87 791 3
87 792 3
91 10 3
91 92 3
91 99 3
91 820 3
91 821 3
91 822 3
91 823 3
91 824 3
91 825 3
91 826 3
91 827 3
91 828 3
95 10 3
95 94 3
95 96 3
95 856 3
95 857 3
95 858 3
95 859 3
95 860 3
95 861 3
95 862 3
95 863 3
95 864 3
99 10 3
99 91 3
99 98 3
99 892 3
99 893 3
99 894 3
99 895 3
99 896 3
99 897 3
99 898 3
99 899 3
99 900 3
103 11 3
103 102 3
103 104 3
103 928 3
103 929 3
103 930 3
103 931 3
103 932 3
103 933 3
103 934 3
103 935 3
103 936 3
107 11 3
107 106 3
107 108 3
107 964 3
107 965 3
107 966 3
107 967 3
107 968 3
107 969 3
107 970 3
107 971 3
107 972 3
111 12 3
111 110 3
111 112 3
111 1000 3
111 1001 3
111 1002 3
111 1003 3
111 1004 3
111 1005 3
111 1006 3
111 1007 3
111 1008 3
115 12 3
115 114 3
115 116 3
115 1036 3
115 1037 3
115 1038 3
115 1039 3
115 1040 3
115 1041 3
115 1042 3
115 1043 3
115 1044 3
119 13 3
119 118 3
119 120 3
119 1072 3
119 1073 3
119 1074 3
119 1075 3
119 1076 3
119 1077 3
119 1078 3
119 1079 3
119 1080 3
123 13 3
123 122 3
123 124 3
123 1108 3
123 1109 3
123 1110 3
123 1111 3
123 1112 3
123 1113 3
123 1114 3
123 1115 3
123 1116 3
127 14 3
127 128 3
127 135 3
127 1144 3
127 1145 3
127 1146 3
127 1147 3
127 1148 3
127 1149 3
127 1150 3
127 1151 3
127 1152 3
131 14 3
131 130 3
131 132 3
131 1180 3
131 1181 3
131 1182 3
131 1183 3
131 1184 3
131 1185 3
131 1186 3
131 1187 3
131 1188 3
135 14 3
135 127 3
135 134 3
135 1216 3
135 1217 3
135 1218 3
135 1219 3
135 1220 3
135 1221 3
135 1222 3
135 1223 3
135 1224 3
139 15 3
139 138 3
139 140 3
139 1252 3
139 1253 3
139 1254 3
139 1255 3
139 1256 3
139 1257 3
139 1258 3
139 1259 3
139 1260 3
143 15 3
143 142 3
143 144 3
143 1288 3
143 1289 3
143 1290 3
143 1291 3
143 1292 3
143 1293 3
143 1294 3
143 1295 3
143 1296 3
147 16 3
147 146 3
147 148 3
147 1324 3
147 1325 3
147 1326 3
147 1327 3
147 1328 3
147 1329 3
147 1330 3
147 1331 3
147 1332 3
151 16 3
151 150 3
151 152 3
151 1360 3
151 1361 3
151 1362 3
151 1363 3
151 1364 3
151 1365 3
151 1366 3
151 1367 3
151 1368 3
155 17 3
155 154 3
155 156 3
155 1396 3
155 1397 3
155 1398 3
155 1399 3
155 1400 3
155 1401 3
155 1402 3
155 1403 3
155 1404 3
159 17 3
159 158 3
159 160 3
159 1432 3
159 1433 3
159 1434 3
159 1435 3
159 1436 3
159 1437 3
159 1438 3
159 1439 3
159 1440 3
163 18 3
163 164 3
163 171 3
163 1468 3
163 1469 3
163 1470 3
163 1471 3
163 1472 3
163 1473 3
163 1474 3
163 1475 3
163 1476 3
167 18 3
167 166 3
167 168 3
167 1504 3
167 1505 3
167 1506 3
167 1507 3
167 1508 3
167 1509 3
167 1510 3
167 1511 3
167 1512 3
171 18 3
171 163 3
171 170 3
171 1540 3
171 1541 3
171 1542 3
171 1543 3
171 1544 3
171 1545 3
171 1546 3
171 1547 3
171 1548 3
175 19 3
175 174 3
175 176 3
175 1576 3
175 1577 3
175 1578 3
175 1579 3
175 1580 3
175 1581 3
175 1582 3
175 1583 3
175 1584 3
179 19 3
179 178 3
179 180 3
179 1612 3
179 1613 3
179 1614 3
179 1615 3
179 1616 3
179 1617 3
179 1618 3
179 1619 3
179 1620 3
183 20 3
183 182 3
183 184 3
183 1648 3
183 1649 3
183 1650 3
183 1651 3
183 1652 3
183 1653 3
183 1654 3
183 1655 3
183 1656 3
187 20 3
187 186 3
187 188 3
187 1684 3
187 1685 3
187 1686 3
187 1687 3
187 1688 3
187 1689 3
187 1690 3
187 1691 3
187 1692 3
191 21 3
191 190 3
191 192 3
191 1720 3
191 1721 3
191 1722 3
191 1723 3
191 1724 3
191 1725 3
191 1726 3
191 1727 3
191 1728 3
195 21 3
195 194 3
195 196 3
195 1756 3
195 1757 3
195 1758 3
195 1759 3
195 1760 3
195 1761 3
195 1762 3
195 1763 3
195 1764 3
199 22 3
199 200 3
199 207 3
199 1792 3
199 1793 3
199 1794 3
199 1795 3
199 1796 3
199 1797 3
199 1798 3
199 1799 3
199 1800 3
203 22 3
203 202 3
203 204 3
203 1828 3
203 1829 3
203 1830 3
203 1831 3
203 1832 3
203 1833 3
203 1834 3
203 1835 3
203 1836 3
207 22 3
207 199 3
207 206 3
207 1864 3
207 1865 3
207 1866 3
207 1867 3
207 1868 3
207 1869 3
207 1870 3
207 1871 3
207 1872 3
211 23 3
211 210 3
211 212 3
211 1900 3
211 1901 3
211 1902 3
211 1903 3
211 1904 3
211 1905 3
211 1906 3
211 1907 3
211 1908 3
215 23 3
215 214 3
215 216 3
215 1936 3
215 1937 3
215 1938 3
215 1939 3
215 1940 3
215 1941 3
215 1942 3
215 1943 3
215 1944 3
219 24 3
219 218 3
219 220 3
219 1972 3
219 1973 3
219 1974 3
219 1975 3
219 1976 3
219 1977 3
219 1978 3
219 1979 3
219 1980 3
223 24 3
223 222 3
223 224 3
223 2008 3
223 2009 3
223 2010 3
223 2011 3
223 2012 3
223 2013 3
223 2014 3
223 2015 3
223 2016 3
227 25 3
227 226 3
227 228 3
227 2044 3
227 2045 3
227 2046 3
227 2047 3
227 2048 3
227 2049 3
227 2050 3
227 2051 3
227 2052 3
231 25 3
231 230 3
231 232 3
231 2080 3
231 2081 3
231 2082 3
231 2083 3
231 2084 3
231 2085 3
231 2086 3
231 2087 3
231 2088 3
235 26 3
235 236 3
235 243 3
235 2116 3
235 2117 3
235 2118 3
235 2119 3
235 2120 3
235 2121 3
235 2122 3
235 2123 3
235 2124 3
239 26 3
239 238 3
239 240 3
239 2152 3
239 2153 3
239 2154 3
239 2155 3
239 2156 3
239 2157 3
239 2158 3
239 2159 3
239 2160 3
243 26 3
243 235 3
243 242 3
243 2188 3
243 2189 3
243 2190 3
243 2191 3
243 2192 3
243 2193 3
243 2194 3
243 2195 3
243 2196 3
247 27 3
247 246 3
247 248 3
247 2224 3
247 2225 3
247 2226 3
247 2227 3
247 2228 3
247 2229 3
247 2230 3
247 2231 3
247 2232 3
251 27 3
251 250 3
251 252 3
251 2260 3
251 2261 3
251 2262 3
251 2263 3
251 2264 3
251 2265 3
251 2266 3
251 2267 3
251 2268 3
255 28 3
255 254 3
255 256 3
255 2296 3
255 2297 3
255 2298 3
255 2299 3
255 2300 3
255 2301 3
255 2302 3
255 2303 3
255 2304 3
259 28 3
259 258 3
259 260 3
259 2332 3
259 2333 3
259 2334 3
259 2335 3
259 2336 3
259 2337 3
259 2338 3
259 2339 3
259 2340 3
263 29 3
263 262 3
263 264 3
263 2368 3
263 2369 3
263 2370 3
263 2371 3
263 2372 3
263 2373 3
263 2374 3
263 2375 3
263 2376 3
267 29 3
267 266 3
267 268 3
267 2404 3
267 2405 3
267 2406 3
267 2407 3
267 2408 3
267 2409 3
267 2410 3
267 2411 3
267 2412 3
271 30 3
271 272 3
271 279 3
271 2440 3
271 2441 3
271 2442 3
271 2443 3
271 2444 3
271 2445 3
271 2446 3
271 2447 3
271 2448 3
275 30 3
275 274 3
275 276 3
275 2476 3
275 2477 3
275 2478 3
275 2479 3
275 2480 3
275 2481 3
275 2482 3
275 2483 3
275 2484 3
279 30 3
279 271 3
279 278 3
279 2512 3
279 2513 3
279 2514 3
279 2515 3
279 2516 3
279 2517 3
279 2518 3
279 2519 3
279 2520 3
283 31 3
283 282 3
283 284 3
283 2548 3
283 2549 3
283 2550 3
283 2551 3
283 2552 3
283 2553 3
283 2554 3
283 2555 3
283 2556 3
287 31 3
287 286 3
287 288 3
287 2584 3
287 2585 3
287 2586 3
287 2587 3
287 2588 3
287 2589 3
287 2590 3
287 2591 3
287 2592 3
291 32 3
291 290 3
291 292 3
291 2620 3
291 2621 3
291 2622 3
291 2623 3
291 2624 3
291 2625 3
291 2626 3
291 2627 3
291 2628 3
295 32 3
295 294 3
295 296 3
295 2656 3
295 2657 3
295 2658 3
295 2659 3
295 2660 3
295 2661 3
295 2662 3
295 2663 3
295 2664 3
299 33 3
299 298 3
299 300 3
299 2692 3
299 2693 3
299 2694 3
299 2695 3
299 2696 3
299 2697 3
299 2698 3
299 2699 3
299 2700 3
303 33 3
303 302 3
303 304 3
303 2728 3
303 2729 3
303 2730 3
303 2731 3
303 2732 3
303 2733 3
303 2734 3
303 2735 3
303 2736 3
307 34 3
307 308 3
307 315 3
307 2764 3
307 2765 3
307 2766 3
307 2767 3
307 2768 3
307 2769 3
307 2770 3
307 2771 3
307 2772 3
311 34 3
311 310 3
311 312 3
311 2800 3
311 2801 3
311 2802 3
311 2803 3
311 2804 3
311 2805 3
311 2806 3
311 2807 3
311 2808 3
315 34 3
315 307 3
315 314 3
315 2836 3
315 2837 3
315 2838 3
315 2839 3
315 2840 3
315 2841 3
315 2842 3
315 2843 3
315 2844 3
319 35 3
319 318 3
319 320 3
319 2872 3
319 2873 3
319 2874 3
319 2875 3
319 2876 3
319 2877 3
319 2878 3
319 2879 3
319 2880 3
323 35 3
323 322 3
323 324 3
323 2908 3
323 2909 3
323 2910 3
323 2911 3
323 2912 3
323 2913 3
323 2914 3
323 2915 3
323 2916 3
327 36 3
327 326 3
327 328 3
327 2944 3
327 2945 3
327 2946 3
327 2947 3
327 2948 3
327 2949 3
327 2950 3
327 2951 3
327 2952 3
331 36 3
331 330 3
331 332 3
331 2980 3
331 2981 3
331 2982 3
331 2983 3
331 2984 3
331 2985 3
331 2986 3
331 2987 3
331 2988 3
335 37 3
335 334 3
335 336 3
335 3016 3
335 3017 3
335 3018 3
335 3019 3
335 3020 3
335 3021 3
335 3022 3
335 3023 3
335 3024 3
339 37 3
339 338 3
339 340 3
339 3052 3
339 3053 3
339 3054 3
339 3055 3
339 3056 3
339 3057 3
339 3058 3
339 3059 3
339 3060 3
343 38 3
343 344 3
343 351 3
343 3088 3
343 3089 3
343 3090 3
343 3091 3
343 3092 3
343 3093 3
343 3094 3
343 3095 3
343 3096 3
347 38 3
347 346 3
347 348 3
347 3124 3
347 3125 3
347 3126 3
347 3127 3
347 3128 3
347 3129 3
347 3130 3
347 3131 3
347 3132 3
351 38 3
351 343 3
351 350 3
351 3160 3
351 3161 3
351 3162 3
351 3163 3
351 3164 3
351 3165 3
351 3166 3
351 3167 3
351 3168 3
355 39 3
355 354 3
355 356 3
355 3196 3
355 3197 3
355 3198 3
355 3199 3
355 3200 3
355 3201 3
355 3202 3
355 3203 3
355 3204 3
359 39 3
359 358 3
359 360 3
359 3232 3
359 3233 3
359 3234 3
359 3235 3
359 3236 3
359 3237 3
359 3238 3
359 3239 3
359 3240 3
363 40 3
363 362 3
363 364 3
363 3268 3
363 3269 3
363 3270 3
363 3271 3
363 3272 3
363 3273 3
363 3274 3
363 3275 3
363 3276 3
367 40 3
367 366 3
367 368 3
367 3304 3
367 3305 3
367 3306 3
367 3307 3
367 3308 3
367 3309 3
367 3310 3
367 3311 3
367 3312 3
371 41 3
371 370 3
371 372 3
371 3340 3
371 3341 3
371 3342 3
371 3343 3
371 3344 3
371 3345 3
371 3346 3
371 3347 3
371 3348 3
375 41 3
375 374 3
375 376 3
375 3376 3
375 3377 3
375 3378 3
375 3379 3
375 3380 3
375 3381 3
375 3382 3
375 3383 3
375 3384 3
379 42 3
379 380 3
379 387 3
379 3412 3
379 3413 3
379 3414 3
379 3415 3
379 3416 3
379 3417 3
379 3418 3
379 3419 3
379 3420 3
383 42 3
383 382 3
383 384 3
383 3448 3
383 3449 3
383 3450 3
383 3451 3
383 3452 3
383 3453 3
383 3454 3
383 3455 3
383 3456 3
387 42 3
387 379 3
387 386 3
387 3484 3
387 3485 3
387 3486 3
387 3487 3
387 3488 3
387 3489 3
387 3490 3
387 3491 3
387 3492 3
391 43 3
391 390 3
391 392 3
391 3520 3
391 3521 3
391 3522 3
391 3523 3
391 3524 3
391 3525 3
391 3526 3
391 3527 3
391 3528 3
395 43 3
395 394 3
395 396 3
395 3556 3
395 3557 3
395 3558 3
395 3559 3
395 3560 3
395 3561 3
395 3562 3
395 3563 3
395 3564 3
399 44 3
399 398 3
399 400 3
399 3592 3
399 3593 3
399 3594 3
399 3595 3
399 3596 3
399 3597 3
399 3598 3
399 3599 3
399 3600 3
403 44 3
403 402 3
403 404 3
403 3628 3
403 3629 3
403 3630 3
403 3631 3
403 3632 3
403 3633 3
403 3634 3
403 3635 3
403 3636 3
407 45 3
407 406 3
407 408 3
407 3664 3
407 3665 3
407 3666 3
407 3667 3
407 3668 3
407 3669 3
407 3670 3
407 3671 3
407 3672 3
411 45 3
411 410 3
411 412 3
411 3700 3
411 3701 3
411 3702 3
411 3703 3
411 3704 3
411 3705 3
411 3706 3
411 3707 3
411 3708 3
415 46 3
415 416 3
415 423 3
415 3736 3
415 3737 3
415 3738 3
415 3739 3
415 3740 3
415 3741 3
415 3742 3
415 3743 3
415 3744 3
419 46 3
419 418 3
419 420 3
419 3772 3
419 3773 3
419 3774 3
419 3775 3
419 3776 3
419 3777 3
419 3778 3
419 3779 3
419 3780 3
423 46 3
423 415 3
423 422 3
423 3808 3
423 3809 3
423 3810 3
423 3811 3
423 3812 3
423 3813 3
423 3814 3
423 3815 3
423 3816 3
427 47 3
427 426 3
427 428 3
427 3844 3
427 3845 3
427 3846 3
427 3847 3
427 3848 3
427 3849 3
427 3850 3
427 3851 3
427 3852 3
431 47 3
431 430 3
431 432 3
431 3880 3
431 3881 3
431 3882 3
431 3883 3
431 3884 3
431 3885 3
431 3886 3
431 3887 3
431 3888 3
435 48 3
435 434 3
435 436 3
435 3916 3
435 3917 3
435 3918 3
435 3919 3
435 3920 3
435 3921 3
435 3922 3
435 3923 3
435 3924 3
439 48 3
439 438 3
439 440 3
439 3952 3
439 3953 3
439 3954 3
439 3955 3
439 3956 3
439 3957 3
439 3958 3
439 3959 3
439 3960 3
443 49 3
443 442 3
443 444 3
443 3988 3
443 3989 3
443 3990 3
443 3991 3
443 3992 3
443 3993 3
443 3994 3
443 3995 3
443 3996 3
447 49 3
447 446 3
447 448 3
447 4024 3
447 4025 3
447 4026 3
447 4027 3
447 4028 3
447 4029 3
447 4030 3
447 4031 3
447 4032 3
451 50 3
451 452 3
451 459 3
451 4060 3
451 4061 3
451 4062 3
451 4063 3
451 4064 3
451 4065 3
451 4066 3
451 4067 3
451 4068 3
455 50 3
455 454 3
455 456 3
455 4096 3
455 4097 3
455 4098 3
455 4099 3
455 4100 3
455 4101 3
455 4102 3
455 4103 3
455 4104 3
459 50 3
459 451 3
459 458 3
459 4132 3
459 4133 3
459 4134 3
459 4135 3
459 4136 3
459 4137 3
459 4138 3
459 4139 3
459 4140 3
463 51 3
463 462 3
463 464 3
463 4168 3
463 4169 3
463 4170 3
463 4171 3
463 4172 3
463 4173 3
463 4174 3
463 4175 3
463 4176 3
467 51 3
467 466 3
467 468 3
467 4204 3
467 4205 3
467 4206 3
467 4207 3
467 4208 3
467 4209 3
467 4210 3
467 4211 3
467 4212 3
471 52 3
471 470 3
471 472 3
471 4240 3
471 4241 3
471 4242 3
471 4243 3
471 4244 3
471 4245 3
471 4246 3
471 4247 3
471 4248 3
475 52 3
475 474 3
475 476 3
475 4276 3
475 4277 3
475 4278 3
475 4279 3
475 4280 3
475 4281 3
475 4282 3
475 4283 3
475 4284 3
479 53 3
479 478 3
479 480 3
479 4312 3
479 4313 3
479 4314 3
479 4315 3
479 4316 3
479 4317 3
479 4318 3
479 4319 3
479 4320 3
483 53 3
483 482 3
483 484 3
483 4348 3
483 4349 3
483 4350 3
483 4351 3
483 4352 3
483 4353 3
483 4354 3
483 4355 3
483 4356 3
487 54 3
487 488 3
487 495 3
487 4384 3
487 4385 3
487 4386 3
487 4387 3
487 4388 3
487 4389 3
487 4390 3
487 4391 3
487 4392 3
491 54 3
491 490 3
491 492 3
491 4420 3
491 4421 3
491 4422 3
491 4423 3
491 4424 3
491 4425 3
491 4426 3
491 4427 3
491 4428 3
495 54 3
495 487 3
495 494 3
495 4456 3
495 4457 3
495 4458 3
495 4459 3
495 4460 3
495 4461 3
495 4462 3
495 4463 3
495 4464 3
499 55 3
499 498 3
499 500 3
499 4492 3
499 4493 3
499 4494 3
499 4495 3
499 4496 3
499 4497 3
499 4498 3
499 4499 3
499 4500 3
503 55 3
503 502 3
503 504 3
503 4528 3
503 4529 3
503 4530 3
503 4531 3
503 4532 3
503 4533 3
503 4534 3
503 4535 3
503 4536 3
507 56 3
507 506 3
507 508 3
507 4564 3
507 4565 3
507 4566 3
507 4567 3
507 4568 3
507 4569 3
507 4570 3
507 4571 3
507 4572 3
511 56 3
511 510 3
511 512 3
511 4600 3
511 4601 3
511 4602 3
511 4603 3
511 4604 3
511 4605 3
511 4606 3
511 4607 3
511 4608 3
515 57 3
515 514 3
515 516 3
515 4636 3
515 4637 3
515 4638 3
515 4639 3
515 4640 3
515 4641 3
515 4642 3
515 4643 3
515 4644 3
519 57 3
519 518 3
519 520 3
519 4672 3
519 4673 3
519 4674 3
519 4675 3
519 4676 3
519 4677 3
519 4678 3
519 4679 3
519 4680 3
523 58 3
523 524 3
523 531 3
523 4708 3
523 4709 3
523 4710 3
523 4711 3
523 4712 3
523 4713 3
523 4714 3
523 4715 3
523 4716 3
527 58 3
527 526 3
527 528 3
527 4744 3
527 4745 3
527 4746 3
527 4747 3
527 4748 3
527 4749 3
527 4750 3
527 4751 3
527 4752 3
531 58 3
531 523 3
531 530 3
531 4780 3
531 4781 3
531 4782 3
531 4783 3
531 4784 3
531 4785 3
531 4786 3
531 4787 3
531 4788 3
535 59 3
535 534 3
535 536 3
535 4816 3
535 4817 3
535 4818 3
535 4819 3
535 4820 3
535 4821 3
535 4822 3
535 4823 3
535 4824 3
539 59 3
539 538 3
539 540 3
539 4852 3
539 4853 3
539 4854 3
539 4855 3
539 4856 3
539 4857 3
539 4858 3
539 4859 3
539 4860 3
543 60 3
543 542 3
543 544 3
543 4888 3
543 4889 3
543 4890 3
543 4891 3
543 4892 3
543 4893 3
543 4894 3
543 4895 3
543 4896 3
547 60 3
547 546 3
547 548 3
547 4924 3
547 4925 3
547 4926 3
547 4927 3
547 4928 3
547 4929 3
547 4930 3
547 4931 3
547 4932 3
551 61 3
551 550 3
551 552 3
551 4960 3
551 4961 3
551 4962 3
551 4963 3
551 4964 3
551 4965 3
551 4966 3
551 4967 3
551 4968 3
555 61 3
555 554 3
555 556 3
555 4996 3
555 4997 3
555 4998 3
555 4999 3
555 5000 3
555 5001 3
555 5002 3
555 5003 3
555 5004 3
559 62 3
559 560 3
559 567 3
559 5032 3
559 5033 3
559 5034 3
559 5035 3
559 5036 3
559 5037 3
559 5038 3
559 5039 3
559 5040 3
563 62 3
563 562 3
563 564 3
563 5068 3
563 5069 3
563 5070 3
563 5071 3
563 5072 3
563 5073 3
563 5074 3
563 5075 3
563 5076 3
567 62 3
567 559 3
567 566 3
567 5104 3
567 5105 3
567 5106 3
567 5107 3
567 5108 3
567 5109 3
567 5110 3
567 5111 3
567 5112 3
571 63 3
571 570 3
571 572 3
571 5140 3
571 5141 3
571 5142 3
571 5143 3
571 5144 3
571 5145 3
571 5146 3
571 5147 3
571 5148 3
575 63 3
575 574 3
575 576 3
575 5176 3
575 5177 3
575 5178 3
575 5179 3
575 5180 3
575 5181 3
575 5182 3
575 5183 3
575 5184 3
579 64 3
579 578 3
579 580 3
579 5212 3
579 5213 3
579 5214 3
579 5215 3
579 5216 3
579 5217 3
579 5218 3
579 5219 3
579 5220 3
583 64 3
583 582 3
583 584 3
583 5248 3
583 5249 3
583 5250 3
583 5251 3
583 5252 3
583 5253 3
583 5254 3
583 5255 3
583 5256 3
587 65 3
587 586 3
587 588 3
587 5284 3
587 5285 3
587 5286 3
587 5287 3
587 5288 3
587 5289 3
587 5290 3
587 5291 3
587 5292 3
591 65 3
591 590 3
591 592 3
591 5320 3
591 5321 3
591 5322 3
591 5323 3
591 5324 3
591 5325 3
591 5326 3
591 5327 3
591 5328 3
595 66 3
595 596 3
595 603 3
595 5356 3
595 5357 3
595 5358 3
595 5359 3
595 5360 3
595 5361 3
595 5362 3
595 5363 3
595 5364 3
599 66 3
599 598 3
599 600 3
599 5392 3
599 5393 3
599 5394 3
599 5395 3
599 5396 3
599 5397 3
599 5398 3
599 5399 3
599 5400 3
603 66 3
603 595 3
603 602 3
603 5428 3
603 5429 3
603 5430 3
603 5431 3
603 5432 3
603 5433 3
603 5434 3
603 5435 3
603 5436 3
607 67 3
607 606 3
607 608 3
607 5464 3
607 5465 3
607 5466 3
607 5467 3
607 5468 3
607 5469 3
607 5470 3
607 5471 3
607 5472 3
611 67 3
611 610 3
611 612 3
611 5500 3
611 5501 3
611 5502 3
611 5503 3
611 5504 3
611 5505 3
611 5506 3
611 5507 3
611 5508 3
615 68 3
615 614 3
615 616 3
615 5536 3
615 5537 3
615 5538 3
615 5539 3
615 5540 3
615 5541 3
615 5542 3
615 5543 3
615 5544 3
619 68 3
619 618 3
619 620 3
619 5572 3
619 5573 3
619 5574 3
619 5575 3
619 5576 3
619 5577 3
619 5578 3
619 5579 3
619 5580 3
623 69 3
623 622 3
623 624 3
623 5608 3
623 5609 3
623 5610 3
623 5611 3
623 5612 3
623 5613 3
623 5614 3
623 5615 3
623 5616 3
627 69 3
627 626 3
627 628 3
627 5644 3
627 5645 3
627 5646 3
627 5647 3
627 5648 3
627 5649 3
627 5650 3
627 5651 3
627 5652 3
631 70 3
631 632 3
631 639 3
631 5680 3
631 5681 3
631 5682 3
631 5683 3
631 5684 3
631 5685 3
631 5686 3
631 5687 3
631 5688 3
635 70 3
635 634 3
635 636 3
635 5716 3
635 5717 3
635 5718 3
635 5719 3
635 5720 3
635 5721 3
635 5722 3
635 5723 3
635 5724 3
639 70 3
639 631 3
639 638 3
639 5752 3
639 5753 3
639 5754 3
639 5755 3
639 5756 3
639 5757 3
639 5758 3
639 5759 3
639 5760 3
643 71 3
643 642 3
643 644 3
643 5788 3
643 5789 3
643 5790 3
643 5791 3
643 5792 3
643 5793 3
643 5794 3
643 5795 3
643 5796 3
647 71 3
647 646 3
647 648 3
647 5824 3
647 5825 3
647 5826 3
647 5827 3
647 5828 3
647 5829 3
647 5830 3
647 5831 3
647 5832 3
651 72 3
651 650 3
651 652 3
651 5860 3
651 5861 3
651 5862 3
651 5863 3
651 5864 3
651 5865 3
651 5866 3
651 5867 3
651 5868 3
655 72 3
655 654 3
655 656 3
655 5896 3
655 5897 3
655 5898 3
655 5899 3
655 5900 3
655 5901 3
655 5902 3
655 5903 3
655 5904 3
659 73 3
659 658 3
659 660 3
659 5932 3
659 5933 3
659 5934 3
659 5935 3
659 5936 3
659 5937 3
659 5938 3
659 5939 3
659 5940 3
663 73 3
663 662 3
663 664 3
663 5968 3
663 5969 3
663 5970 3
663 5971 3
663 5972 3
663 5973 3
663 5974 3
663 5975 3
663 5976 3
667 74 3
667 668 3
667 675 3
667 6004 3
667 6005 3
667 6006 3
667 6007 3
667 6008 3
667 6009 3
667 6010 3
667 6011 3
667 6012 3
671 74 3
671 670 3
671 672 3
671 6040 3
671 6041 3
671 6042 3
671 6043 3
671 6044 3
671 6045 3
671 6046 3
671 6047 3
671 6048 3
675 74 3
675 667 3
675 674 3
675 6076 3
675 6077 3
675 6078 3
675 6079 3
675 6080 3
675 6081 3
675 6082 3
675 6083 3
675 6084 3
679 75 3
679 678 3
679 680 3
679 6112 3
679 6113 3
679 6114 3
679 6115 3
679 6116 3
679 6117 3
679 6118 3
679 6119 3
679 6120 3
683 75 3
683 682 3
683 684 3
683 6148 3
683 6149 3
683 6150 3
683 6151 3
683 6152 3
683 6153 3
683 6154 3
683 6155 3
683 6156 3
687 76 3
687 686 3
687 688 3
687 6184 3
687 6185 3
687 6186 3
687 6187 3
687 6188 3
687 6189 3
687 6190 3
687 6191 3
687 6192 3
691 76 3
691 690 3
691 692 3
691 6220 3
691 6221 3
691 6222 3
691 6223 3
691 6224 3
691 6225 3
691 6226 3
691 6227 3
691 6228 3
695 77 3
695 694 3
695 696 3
695 6256 3
695 6257 3
695 6258 3
695 6259 3
695 6260 3
695 6261 3
695 6262 3
695 6263 3
695 6264 3
699 77 3
699 698 3
699 700 3
699 6292 3
699 6293 3
699 6294 3
699 6295 3
699 6296 3
699 6297 3
699 6298 3
699 6299 3
699 6300 3
703 78 3
703 704 3
703 711 3
703 6328 3
703 6329 3
703 6330 3
703 6331 3
703 6332 3
703 6333 3
703 6334 3
703 6335 3
703 6336 3
707 78 3
707 706 3
707 708 3
707 6364 3
707 6365 3
707 6366 3
707 6367 3
707 6368 3
707 6369 3
707 6370 3
707 6371 3
707 6372 3
711 78 3
711 703 3
711 710 3
711 6400 3
711 6401 3
711 6402 3
711 6403 3
711 6404 3
711 6405 3
711 6406 3
711 6407 3
711 6408 3
715 79 3
715 714 3
715 716 3
715 6436 3
715 6437 3
715 6438 3
715 6439 3
715 6440 3
715 6441 3
715 6442 3
715 6443 3
715 6444 3
719 79 3
719 718 3
719 720 3
719 6472 3
719 6473 3
719 6474 3
719 6475 3
719 6476 3
719 6477 3
719 6478 3
719 6479 3
719 6480 3
723 80 3
723 722 3
723 724 3
723 6508 3
723 6509 3
723 6510 3
723 6511 3
723 6512 3
723 6513 3
723 6514 3
723 6515 3
723 6516 3
727 80 3
727 726 3
727 728 3
727 6544 3
727 6545 3
727 6546 3
727 6547 3
727 6548 3
727 6549 3
727 6550 3
727 6551 3
727 6552 3
731 81 3
731 730 3
731 732 3
731 6580 3
731 6581 3
731 6582 3
731 6583 3
731 6584 3
731 6585 3
731 6586 3
731 6587 3
731 6588 3
735 81 3
735 734 3
735 736 3
735 6616 3
735 6617 3
735 6618 3
735 6619 3
735 6620 3
735 6621 3
735 6622 3
735 6623 3
735 6624 3
739 82 3
739 740 3
739 747 3
739 6652 3
739 6653 3
739 6654 3
739 6655 3
739 6656 3
739 6657 3
739 6658 3
739 6659 3
739 6660 3
743 82 3
743 742 3
743 744 3
743 6688 3
743 6689 3
743 6690 3
743 6691 3
743 6692 3
743 6693 3
743 6694 3
743 6695 3
743 6696 3
747 82 3
747 739 3
747 746 3
747 6724 3
747 6725 3
747 6726 3
747 6727 3
747 6728 3
747 6729 3
747 6730 3
747 6731 3
747 6732 3
751 83 3
751 750 3
751 752 3
751 6760 3
751 6761 3
751 6762 3
751 6763 3
751 6764 3
751 6765 3
751 6766 3
751 6767 3
751 6768 3
755 83 3
755 754 3
755 756 3
755 6796 3
755 6797 3
755 6798 3
755 6799 3
755 6800 3
755 6801 3
755 6802 3
755 6803 3
755 6804 3
759 84 3
759 758 3
759 760 3
759 6832 3
759 6833 3
759 6834 3
759 6835 3
759 6836 3
759 6837 3
759 6838 3
759 6839 3
759 6840 3
763 84 3
763 762 3
763 764 3
763 6868 3
763 6869 3
763 6870 3
763 6871 3
763 6872 3
763 6873 3
763 6874 3
763 6875 3
763 6876 3
767 85 3
767 766 3
767 768 3
767 6904 3
767 6905 3
767 6906 3
767 6907 3
767 6908 3
767 6909 3
767 6910 3
767 6911 3
767 6912 3
771 85 3
771 770 3
771 772 3
771 6940 3
771 6941 3
771 6942 3
771 6943 3
771 6944 3
771 6945 3
771 6946 3
771 6947 3
771 6948 3
775 86 3
775 776 3
775 783 3
775 6976 3
775 6977 3
775 6978 3
775 6979 3
775 6980 3
775 6981 3
775 6982 3
775 6983 3
775 6984 3
779 86 3
779 778 3
779 780 3
779 7012 3
779 7013 3
779 7014 3
779 7015 3
779 7016 3
779 7017 3
779 7018 3
779 7019 3
779 7020 3
783 86 3
783 775 3
783 782 3
783 7048 3
783 7049 3
783 7050 3
783 7051 3
783 7052 3
783 7053 3
783 7054 3
783 7055 3
783 7056 3
787 87 3
787 786 3
787 788 3
787 7084 3
787 7085 3
787 7086 3
787 7087 3
787 7088 3
787 7089 3
787 7090 3
787 7091 3
787 7092 3
791 87 3
791 790 3
791 792 3
791 7120 3
791 7121 3
791 7122 3
791 7123 3
791 7124 3
791 7125 3
791 7126 3
791 7127 3
791 7128 3
795 88 3
795 794 3
795 796 3
795 7156 3
795 7157 3
795 7158 3
795 7159 3
795 7160 3
795 7161 3
795 7162 3
795 7163 3
795 7164 3
799 88 3
799 798 3
799 800 3
799 7192 3
799 7193 3
799 7194 3
799 7195 3
799 7196 3
799 7197 3
799 7198 3
799 7199 3
799 7200 3
803 89 3
803 802 3
803 804 3
803 7228 3
803 7229 3
803 7230 3
803 7231 3
803 7232 3
803 7233 3
803 7234 3
803 7235 3
803 7236 3
807 89 3
807 806 3
807 808 3
807 7264 3
807 7265 3
807 7266 3
807 7267 3
807 7268 3
807 7269 3
807 7270 3
807 7271 3
807 7272 3
811 90 3
811 812 3
811 819 3
811 7300 3
811 7301 3
811 7302 3
811 7303 3
811 7304 3
811 7305 3
811 7306 3
811 7307 3
811 7308 3
815 90 3
815 814 3
815 816 3
815 7336 3
815 7337 3
815 7338 3
815 7339 3
815 7340 3
815 7341 3
815 7342 3
815 7343 3
815 7344 3
819 90 3
819 811 3
819 818 3
819 7372 3
819 7373 3
819 7374 3
819 7375 3
819 7376 3
819 7377 3
819 7378 3
819 7379 3
819 7380 3
823 91 3
823 822 3
823 824 3
827 91 3
827 826 3
827 828 3
831 92 3
831 830 3
831 832 3
835 92 3
835 834 3
835 836 3
839 93 3
839 838 3
839 840 3
843 93 3
843 842 3
843 844 3
847 94 3
847 848 3
847 855 3
851 94 3
851 850 3
851 852 3
855 94 3
855 847 3
855 854 3
859 95 3
859 858 3
859 860 3
863 95 3
863 862 3
863 864 3
867 96 3
867 866 3
867 868 3
871 96 3
871 870 3
871 872 3
875 97 3
875 874 3
875 876 3
879 97 3
879 878 3
879 880 3
883 98 3
883 884 3
883 891 3
887 98 3
887 886 3
887 888 3
891 98 3
891 883 3
891 890 3
895 99 3
895 894 3
895 896 3
899 99 3
899 898 3
899 900 3
903 100 3
903 902 3
903 904 3
907 100 3
907 906 3
907 908 3
911 101 3
911 910 3
911 912 3
915 101 3
915 914 3
915 916 3
919 102 3
919 920 3
919 927 3
923 102 3
923 922 3
923 924 3
927 102 3
927 919 3
927 926 3
931 103 3
931 930 3
931 932 3
935 103 3
935 934 3
935 936 3
939 104 3
939 938 3
939 940 3
943 104 3
943 942 3
943 944 3
947 105 3
947 946 3
947 948 3
951 105 3
951 950 3
951 952 3
955 106 3
955 956 3
955 963 3
959 106 3
959 958 3
959 960 3
963 106 3
963 955 3
963 962 3
967 107 3
967 966 3
967 968 3
971 107 3
971 970 3
971 972 3
975 108 3
975 974 3
975 976 3
979 108 3
979 978 3
979 980 3
983 109 3
983 982 3
983 984 3
987 109 3
987 986 3
987 988 3
991 110 3
991 992 3
991 999 3
995 110 3
995 994 3
995 996 3
999 110 3
999 991 3
999 998 3
1003 111 3
1003 1002 3
1003 1004 3
1007 111 3
1007 1006 3
1007 1008 3
1011 112 3
1011 1010 3
1011 1012 3
1015 112 3
1015 1014 3
1015 1016 3
1019 113 3
1019 1018 3
1019 1020 3
1023 113 3
1023 1022 3
1023 1024 3
1027 114 3
1027 1028 3
1027 1035 3
1031 114 3
1031 1030 3
1031 1032 3
1035 114 3
1035 1027 3
1035 1034 3
1039 115 3
1039 1038 3
1039 1040 3
1043 115 3
1043 1042 3
1043 1044 3
1047 116 3
1047 1046 3
1047 1048 3
1051 116 3
1051 1050 3
1051 1052 3
1055 117 3
1055 1054 3
1055 1056 3
1059 117 3
1059 1058 3
1059 1060 3
1063 118 3
1063 1064 3
1063 1071 3
1067 118 3
1067 1066 3
1067 1068 3
1071 118 3
1071 1063 3
1071 1070 3
1075 119 3
1075 1074 3
1075 1076 3
1079 119 3
1079 1078 3
1079 1080 3
1083 120 3
1083 1082 3
1083 1084 3
1087 120 3
1087 1086 3
1087 1088 3
1091 121 3
1091 1090 3
1091 1092 3
1095 121 3
1095 1094 3
1095 1096 3
1099 122 3
1099 1100 3
1099 1107 3
1103 122 3
1103 1102 3
1103 1104 3
1107 122 3
1107 1099 3
1107 1106 3
1111 123 3
1111 1110 3
1111 1112 3
1115 123 3
1115 1114 3
1115 1116 3
1119 124 3
1119 1118 3
1119 1120 3
1123 124 3
1123 1122 3
1123 1124 3
1127 125 3
1127 1126 3
1127 1128 3
1131 125 3
1131 1130 3
1131 1132 3
1135 126 3
1135 1136 3
1135 1143 3
1139 126 3
1139 1138 3
1139 1140 3
1143 126 3
1143 1135 3
1143 1142 3
1147 127 3
1147 1146 3
1147 1148 3
1151 127 3
1151 1150 3
1151 1152 3
1155 128 3
1155 1154 3
1155 1156 3
1159 128 3
1159 1158 3
1159 1160 3
1163 129 3
1163 1162 3
1163 1164 3
1167 129 3
1167 1166 3
1167 1168 3
1171 130 3
1171 1172 3
1171 1179 3
1175 130 3
1175 1174 3
1175 1176 3
1179 130 3
1179 1171 3
1179 1178 3
1183 131 3
1183 1182 3
1183 1184 3
1187 131 3
1187 1186 3
1187 1188 3
1191 132 3
1191 1190 3
1191 1192 3
1195 132 3
1195 1194 3
1195 1196 3
1199 133 3
1199 1198 3
1199 1200 3
1203 133 3
1203 1202 3
1203 1204 3
1207 134 3
1207 1208 3
1207 1215 3
1211 134 3
1211 1210 3
1211 1212 3
1215 134 3
1215 1207 3
1215 1214 3
1219 135 3
1219 1218 3
1219 1220 3
1223 135 3
1223 1222 3
1223 1224 3
1227 136 3
1227 1226 3
1227 1228 3
1231 136 3
1231 1230 3
1231 1232 3
1235 137 3
1235 1234 3
1235 1236 3
1239 137 3
1239 1238 3
1239 1240 3
1243 138 3
1243 1244 3
1243 1251 3
1247 138 3
1247 1246 3
1247 1248 3
1251 138 3
1251 1243 3
1251 1250 3
1255 139 3
1255 1254 3
1255 1256 3
1259 139 3
1259 1258 3
1259 1260 3
1263 140 3
1263 1262 3
1263 1264 3
1267 140 3
1267 1266 3
1267 1268 3
1271 141 3
1271 1270 3
1271 1272 3
1275 141 3
1275 1274 3
1275 1276 3
1279 142 3
1279 1280 3
1279 1287 3
1283 142 3
1283 1282 3
1283 1284 3
1287 142 3
1287 1279 3
1287 1286 3
1291 143 3
1291 1290 3
1291 1292 3
1295 143 3
1295 1294 3
1295 1296 3
1299 144 3
1299 1298 3
1299 1300 3
1303 144 3
1303 1302 3
1303 1304 3
1307 145 3
1307 1306 3
1307 1308 3
1311 145 3
1311 1310 3
1311 1312 3
1315 146 3
1315 1316 3
1315 1323 3
1319 146 3
1319 1318 3
1319 1320 3
1323 146 3
1323 1315 3
1323 1322 3
1327 147 3
1327 1326 3
1327 1328 3
1331 147 3
1331 1330 3
1331 1332 3
1335 148 3
1335 1334 3
1335 1336 3
1339 148 3
1339 1338 3
1339 1340 3
1343 149 3
1343 1342 3
1343 1344 3
1347 149 3
1347 1346 3
1347 1348 3
1351 150 3
1351 1352 3
1351 1359 3
1355 150 3
1355 1354 3
1355 1356 3
1359 150 3
1359 1351 3
1359 1358 3
1363 151 3
1363 1362 3
1363 1364 3
1367 151 3
1367 1366 3
1367 1368 3
1371 152 3
1371 1370 3
1371 1372 3
1375 152 3
1375 1374 3
1375 1376 3
1379 153 3
1379 1378 3
1379 1380 3
1383 153 3
1383 1382 3
1383 1384 3
1387 154 3
1387 1388 3
1387 1395 3
1391 154 3
1391 1390 3
1391 1392 3
1395 154 3
1395 1387 3
1395 1394 3
1399 155 3
1399 1398 3
1399 1400 3
1403 155 3
1403 1402 3
1403 1404 3
1407 156 3
1407 1406 3
1407 1408 3
1411 156 3
1411 1410 3
1411 1412 3
1415 157 3
1415 1414 3
1415 1416 3
1419 157 3
1419 1418 3
1419 1420 3
1423 158 3
1423 1424 3
1423 1431 3
1427 158 3
1427 1426 3
1427 1428 3
1431 158 3
1431 1423 3
1431 1430 3
1435 159 3
1435 1434 3
1435 1436 3
1439 159 3
1439 1438 3
1439 1440 3
1443 160 3
1443 1442 3
1443 1444 3
1447 160 3
1447 1446 3
1447 1448 3
1451 161 3
1451 1450 3
1451 1452 3
1455 161 3
1455 1454 3
1455 1456 3
1459 162 3
1459 1460 3
1459 1467 3
1463 162 3
1463 1462 3
1463 1464 3
1467 162 3
1467 1459 3
1467 1466 3
1471 163 3
1471 1470 3
1471 1472 3
1475 163 3
1475 1474 3
1475 1476 3
1479 164 3
1479 1478 3
1479 1480 3
1483 164 3
1483 1482 3
1483 1484 3
1487 165 3
1487 1486 3
1487 1488 3
1491 165 3
1491 1490 3
1491 1492 3
1495 166 3
1495 1496 3
1495 1503 3
1499 166 3
1499 1498 3
1499 1500 3
1503 166 3
1503 1495 3
1503 1502 3
1507 167 3
1507 1506 3
1507 1508 3
1511 167 3
1511 1510 3
1511 1512 3
1515 168 3
1515 1514 3
1515 1516 3
1519 168 3
1519 1518 3
1519 1520 3
1523 169 3
1523 1522 3
1523 1524 3
1527 169 3
1527 1526 3
1527 1528 3
1531 170 3
1531 1532 3
1531 1539 3
1535 170 3
1535 1534 3
1535 1536 3
1539 170 3
1539 1531 3
1539 1538 3
1543 171 3
1543 1542 3
1543 1544 3
1547 171 3
1547 1546 3
1547 1548 3
1551 172 3
1551 1550 3
1551 1552 3
1555 172 3
1555 1554 3
1555 1556 3
1559 173 3
1559 1558 3
1559 1560 3
1563 173 3
1563 1562 3
1563 1564 3
1567 174 3
1567 1568 3
1567 1575 3
1571 174 3
1571 1570 3
1571 1572 3
1575 174 3
1575 1567 3
1575 1574 3
1579 175 3
1579 1578 3
1579 1580 3
1583 175 3
1583 1582 3
1583 1584 3
1587 176 3
1587 1586 3
1587 1588 3
1591 176 3
1591 1590 3
1591 1592 3
1595 177 3
1595 1594 3
1595 1596 3
1599 177 3
1599 1598 3
1599 1600 3
1603 178 3
1603 1604 3
1603 1611 3
1607 178 3
1607 1606 3
1607 1608 3
1611 178 3
1611 1603 3
1611 1610 3
1615 179 3
1615 1614 3
1615 1616 3
1619 179 3
1619 1618 3
1619 1620 3
1623 180 3
1623 1622 3
1623 1624 3
1627 180 3
1627 1626 3
1627 1628 3
1631 181 3
1631 1630 3
1631 1632 3
1635 181 3
1635 1634 3
1635 1636 3
1639 182 3
1639 1640 3
1639 1647 3
1643 182 3
1643 1642 3
1643 1644 3
1647 182 3
1647 1639 3
1647 1646 3
1651 183 3
1651 1650 3
1651 1652 3
1655 183 3
1655 1654 3
1655 1656 3
1659 184 3
1659 1658 3
1659 1660 3
1663 184 3
1663 1662 3
1663 1664 3
1667 185 3
1667 1666 3
1667 1668 3
1671 185 3
1671 1670 3
1671 1672 3
1675 186 3
1675 1676 3
1675 1683 3
1679 186 3
1679 1678 3
1679 1680 3
1683 186 3
1683 1675 3
1683 1682 3
1687 187 3
1687 1686 3
1687 1688 3
1691 187 3
1691 1690 3
1691 1692 3
1695 188 3
1695 1694 3
1695 1696 3
1699 188 3
1699 1698 3
1699 1700 3
1703 189 3
1703 1702 3
1703 1704 3
1707 189 3
1707 1706 3
1707 1708 3
1711 190 3
1711 1712 3
1711 1719 3
1715 190 3
1715 1714 3
1715 1716 3
1719 190 3
1719 1711 3
1719 1718 3
1723 191 3
1723 1722 3
1723 1724 3
1727 191 3
1727 1726 3
1727 1728 3
1731 192 3
1731 1730 3
1731 1732 3
1735 192 3
1735 1734 3
1735 1736 3
1739 193 3
1739 1738 3
1739 1740 3
1743 193 3
1743 1742 3
1743 1744 3
1747 194 3
1747 1748 3
1747 1755 3
1751 194 3
1751 1750 3
1751 1752 3
1755 194 3
1755 1747 3
1755 1754 3
1759 195 3
1759 1758 3
1759 1760 3
1763 195 3
1763 1762 3
1763 1764 3
1767 196 3
1767 1766 3
1767 1768 3
1771 196 3
1771 1770 3
1771 1772 3
1775 197 3
1775 1774 3
1775 1776 3
1779 197 3
1779 1778 3
1779 1780 3
1783 198 3
1783 1784 3
1783 1791 3
1787 198 3
1787 1786 3
1787 1788 3
1791 198 3
1791 1783 3
1791 1790 3
1795 199 3
1795 1794 3
1795 1796 3
1799 199 3
1799 1798 3
1799 1800 3
1803 200 3
1803 1802 3
1803 1804 3
1807 200 3
1807 1806 3
1807 1808 3
1811 201 3
1811 1810 3
1811 1812 3
1815 201 3
1815 1814 3
1815 1816 3
1819 202 3
1819 1820 3
1819 1827 3
1823 202 3
1823 1822 3
1823 1824 3
1827 202 3
1827 1819 3
1827 1826 3
1831 203 3
1831 1830 3
1831 1832 3
1835 203 3
1835 1834 3
1835 1836 3
1839 204 3
1839 1838 3
1839 1840 3
1843 204 3
1843 1842 3
1843 1844 3
1847 205 3
1847 1846 3
1847 1848 3
1851 205 3
1851 1850 3
1851 1852 3
1855 206 3
1855 1856 3
1855 1863 3
1859 206 3
1859 1858 3
1859 1860 3
1863 206 3
1863 1855 3
1863 1862 3
1867 207 3
1867 1866 3
1867 1868 3
1871 207 3
1871 1870 3
1871 1872 3
1875 208 3
1875 1874 3
1875 1876 3
1879 208 3
1879 1878 3
1879 1880 3
1883 209 3
1883 1882 3
1883 1884 3
1887 209 3
1887 1886 3
1887 1888 3
1891 210 3
1891 1892 3
1891 1899 3
1895 210 3
1895 1894 3
1895 1896 3
1899 210 3
1899 1891 3
1899 1898 3
1903 211 3
1903 1902 3
1903 1904 3
1907 211 3
1907 1906 3
1907 1908 3
1911 212 3
1911 1910 3
1911 1912 3
1915 212 3
1915 1914 3
1915 1916 3
1919 213 3
1919 1918 3
1919 1920 3
1923 213 3
1923 1922 3
1923 1924 3
1927 214 3
1927 1928 3
1927 1935 3
1931 214 3
1931 1930 3
1931 1932 3
1935 214 3
1935 1927 3
1935 1934 3
1939 215 3
1939 1938 3
1939 1940 3
1943 215 3
1943 1942 3
1943 1944 3
1947 216 3
1947 1946 3
1947 1948 3
1951 216 3
1951 1950 3
1951 1952 3
1955 217 3
1955 1954 3
1955 1956 3
1959 217 3
1959 1958 3
1959 1960 3
1963 218 3
1963 1964 3
1963 1971 3
1967 218 3
1967 1966 3
1967 1968 3
1971 218 3
1971 1963 3
1971 1970 3
1975 219 3
1975 1974 3
1975 1976 3
1979 219 3
1979 1978 3
1979 1980 3
1983 220 3
1983 1982 3
1983 1984 3
1987 220 3
1987 1986 3
1987 1988 3
1991 221 3
1991 1990 3
1991 1992 3
1995 221 3
1995 1994 3
1995 1996 3
1999 222 3
1999 2000 3
1999 2007 3
2003 222 3
2003 2002 3
2003 2004 3
2007 222 3
2007 1999 3
2007 2006 3
2011 223 3
2011 2010 3
2011 2012 3
2015 223 3
2015 2014 3
2015 2016 3
2019 224 3
2019 2018 3
2019 2020 3
2023 224 3
2023 2022 3
2023 2024 3
2027 225 3
2027 2026 3
2027 2028 3
2031 225 3
2031 2030 3
2031 2032 3
2035 226 3
2035 2036 3
2035 2043 3
2039 226 3
2039 2038 3
2039 2040 3
2043 226 3
2043 2035 3
2043 2042 3
2047 227 3
2047 2046 3
2047 2048 3
2051 227 3
2051 2050 3
2051 2052 3
2055 228 3
2055 2054 3
2055 2056 3
2059 228 3
2059 2058 3
2059 2060 3
2063 229 3
2063 2062 3
2063 2064 3
2067 229 3
2067 2066 3
2067 2068 3
2071 230 3
2071 2072 3
2071 2079 3
2075 230 3
2075 2074 3
2075 2076 3
2079 230 3
2079 2071 3
2079 2078 3
2083 231 3
2083 2082 3
2083 2084 3
2087 231 3
2087 2086 3
2087 2088 3
2091 232 3
2091 2090 3
2091 2092 3
2095 232 3
2095 2094 3
2095 2096 3
2099 233 3
2099 2098 3
2099 2100 3
2103 233 3
2103 2102 3
2103 2104 3
2107 234 3
2107 2108 3
2107 2115 3
2111 234 3
2111 2110 3
2111 2112 3
2115 234 3
2115 2107 3
2115 2114 3
2119 235 3
2119 2118 3
2119 2120 3
2123 235 3
2123 2122 3
2123 2124 3
2127 236 3
2127 2126 3
2127 2128 3
2131 236 3
2131 2130 3
2131 2132 3
2135 237 3
2135 2134 3
2135 2136 3
2139 237 3
2139 2138 3
2139 2140 3
2143 238 3
2143 2144 3
2143 2151 3
2147 238 3
2147 2146 3
2147 2148 3
2151 238 3
2151 2143 3
2151 2150 3
2155 239 3
2155 2154 3
2155 2156 3
2159 239 3
2159 2158 3
2159 2160 3
2163 240 3
2163 2162 3
2163 2164 3
2167 240 3
2167 2166 3
2167 2168 3
2171 241 3
2171 2170 3
2171 2172 3
2175 241 3
2175 2174 3
2175 2176 3
2179 242 3
2179 2180 3
2179 2187 3
2183 242 3
2183 2182 3
2183 2184 3
2187 242 3
2187 2179 3
2187 2186 3
2191 243 3
2191 2190 3
2191 2192 3
2195 243 3
2195 2194 3
2195 2196 3
2199 244 3
2199 2198 3
2199 2200 3
2203 244 3
2203 2202 3
2203 2204 3
2207 245 3
2207 2206 3
2207 2208 3
2211 245 3
2211 2210 3
2211 2212 3
2215 246 3
2215 2216 3
2215 2223 3
2219 246 3
2219 2218 3
2219 2220 3
2223 246 3
2223 2215 3
2223 2222 3
2227 247 3
2227 2226 3
2227 2228 3
2231 247 3
2231 2230 3
2231 2232 3
2235 248 3
2235 2234 3
2235 2236 3
2239 248 3
2239 2238 3
2239 2240 3
2243 249 3
2243 2242 3
2243 2244 3
2247 249 3
2247 2246 3
2247 2248 3
2251 250 3
2251 2252 3
2251 2259 3
2255 250 3
2255 2254 3
2255 2256 3
2259 250 3
2259 2251 3
2259 2258 3
2263 251 3
2263 2262 3
2263 2264 3
2267 251 3
2267 2266 3
2267 2268 3
2271 252 3
2271 2270 3
2271 2272 3
2275 252 3
2275 2274 3
2275 2276 3
2279 253 3
2279 2278 3
2279 2280 3
2283 253 3
2283 2282 3
2283 2284 3
2287 254 3
2287 2288 3
2287 2295 3
2291 254 3
2291 2290 3
2291 2292 3
2295 254 3
2295 2287 3
2295 2294 3
2299 255 3
2299 2298 3
2299 2300 3
2303 255 3
2303 2302 3
2303 2304 3
2307 256 3
2307 2306 3
2307 2308 3
2311 256 3
2311 2310 3
2311 2312 3
2315 257 3
2315 2314 3
2315 2316 3
2319 257 3
2319 2318 3
2319 2320 3
2323 258 3
2323 2324 3
2323 2331 3
2327 258 3
2327 2326 3
2327 2328 3
2331 258 3
2331 2323 3
2331 2330 3
2335 259 3
2335 2334 3
2335 2336 3
2339 259 3
2339 2338 3
2339 2340 3
2343 260 3
2343 2342 3
2343 2344 3
2347 260 3
2347 2346 3
2347 2348 3
2351 261 3
2351 2350 3
2351 2352 3
2355 261 3
2355 2354 3
2355 2356 3
2359 262 3
2359 2360 3
2359 2367 3
2363 262 3
2363 2362 3
2363 2364 3
2367 262 3
2367 2359 3
2367 2366 3
2371 263 3
2371 2370 3
2371 2372 3
2375 263 3
2375 2374 3
2375 2376 3
2379 264 3
2379 2378 3
2379 2380 3
2383 264 3
2383 2382 3
2383 2384 3
2387 265 3
2387 2386 3
2387 2388 3
2391 265 3
2391 2390 3
2391 2392 3
2395 266 3
2395 2396 3
2395 2403 3
2399 266 3
2399 2398 3
2399 2400 3
2403 266 3
2403 2395 3
2403 2402 3
2407 267 3
2407 2406 3
2407 2408 3
2411 267 3
2411 2410 3
2411 2412 3
2415 268 3
2415 2414 3
2415 2416 3
2419 268 3
2419 2418 3
2419 2420 3
2423 269 3
2423 2422 3
2423 2424 3
2427 269 3
2427 2426 3
2427 2428 3
2431 270 3
2431 2432 3
2431 2439 3
2435 270 3
2435 2434 3
2435 2436 3
2439 270 3
2439 2431 3
2439 2438 3
2443 271 3
2443 2442 3
2443 2444 3
2447 271 3
2447 2446 3
2447 2448 3
2451 272 3
2451 2450 3
2451 2452 3
2455 272 3
2455 2454 3
2455 2456 3
2459 273 3
2459 2458 3
2459 2460 3
2463 273 3
2463 2462 3
2463 2464 3
2467 274 3
2467 2468 3
2467 2475 3
2471 274 3
2471 2470 3
2471 2472 3
2475 274 3
2475 2467 3
2475 2474 3
2479 275 3
2479 2478 3
2479 2480 3
2483 275 3
2483 2482 3
2483 2484 3
2487 276 3
2487 2486 3
2487 2488 3
2491 276 3
2491 2490 3
2491 2492 3
2495 277 3
2495 2494 3
2495 2496 3
2499 277 3
2499 2498 3
2499 2500 3
2503 278 3
2503 2504 3
2503 2511 3
2507 278 3
2507 2506 3
2507 2508 3
2511 278 3
2511 2503 3
2511 2510 3
2515 279 3
2515 2514 3
2515 2516 3
2519 279 3
2519 2518 3
2519 2520 3
2523 280 3
2523 2522 3
2523 2524 3
2527 280 3
2527 2526 3
2527 2528 3
2531 281 3
2531 2530 3
2531 2532 3
2535 281 3
2535 2534 3
2535 2536 3
2539 282 3
2539 2540 3
2539 2547 3
2543 282 3
2543 2542 3
2543 2544 3
2547 282 3
2547 2539 3
2547 2546 3
2551 283 3
2551 2550 3
2551 2552 3
2555 283 3
2555 2554 3
2555 2556 3
2559 284 3
2559 2558 3
2559 2560 3
2563 284 3
2563 2562 3
2563 2564 3
2567 285 3
2567 2566 3
2567 2568 3
2571 285 3
2571 2570 3
2571 2572 3
2575 286 3
2575 2576 3
2575 2583 3
2579 286 3
2579 2578 3
2579 2580 3
2583 286 3
2583 2575 3
2583 2582 3
2587 287 3
2587 2586 3
2587 2588 3
2591 287 3
2591 2590 3
2591 2592 3
2595 288 3
2595 2594 3
2595 2596 3
2599 288 3
2599 2598 3
2599 2600 3
2603 289 3
2603 2602 3
2603 2604 3
2607 289 3
2607 2606 3
2607 2608 3
2611 290 3
2611 2612 3
2611 2619 3
2615 290 3
2615 2614 3
2615 2616 3
2619 290 3
2619 2611 3
2619 2618 3
2623 291 3
2623 2622 3
2623 2624 3
2627 291 3
2627 2626 3
2627 2628 3
2631 292 3
2631 2630 3
2631 2632 3
2635 292 3
2635 2634 3
2635 2636 3
2639 293 3
2639 2638 3
2639 2640 3
2643 293 3
2643 2642 3
2643 2644 3
2647 294 3
2647 2648 3
2647 2655 3
2651 294 3
2651 2650 3
2651 2652 3
2655 294 3
2655 2647 3
2655 2654 3
2659 295 3
2659 2658 3
2659 2660 3
2663 295 3
2663 2662 3
2663 2664 3
2667 296 3
2667 2666 3
2667 2668 3
2671 296 3
2671 2670 3
2671 2672 3
2675 297 3
2675 2674 3
2675 2676 3
2679 297 3
2679 2678 3
2679 2680 3
2683 298 3
2683 2684 3
2683 2691 3
2687 298 3
2687 2686 3
2687 2688 3
2691 298 3
2691 2683 3
2691 2690 3
2695 299 3
2695 2694 3
2695 2696 3
2699 299 3
2699 2698 3
2699 2700 3
2703 300 3
2703 2702 3
2703 2704 3
2707 300 3
2707 2706 3
2707 2708 3
2711 301 3
2711 2710 3
2711 2712 3
2715 301 3
2715 2714 3
2715 2716 3
2719 302 3
2719 2720 3
2719 2727 3
2723 302 3
2723 2722 3
2723 2724 3
2727 302 3
2727 2719 3
2727 2726 3
2731 303 3
2731 2730 3
2731 2732 3
2735 303 3
2735 2734 3
2735 2736 3
2739 304 3
2739 2738 3
2739 2740 3
2743 304 3
2743 2742 3
2743 2744 3
2747 305 3
2747 2746 3
2747 2748 3
2751 305 3
2751 2750 3
2751 2752 3
2755 306 3
2755 2756 3
2755 2763 3
2759 306 3
2759 2758 3
2759 2760 3
2763 306 3
2763 2755 3
2763 2762 3
2767 307 3
2767 2766 3
2767 2768 3
2771 307 3
2771 2770 3
2771 2772 3
2775 308 3
2775 2774 3
2775 2776 3
2779 308 3
2779 2778 3
2779 2780 3
2783 309 3
2783 2782 3
2783 2784 3
2787 309 3
2787 2786 3
2787 2788 3
2791 310 3
2791 2792 3
2791 2799 3
2795 310 3
2795 2794 3
2795 2796 3
2799 310 3
2799 2791 3
2799 2798 3
2803 311 3
2803 2802 3
2803 2804 3
2807 311 3
2807 2806 3
2807 2808 3
2811 312 3
2811 2810 3
2811 2812 3
2815 312 3
2815 2814 3
2815 2816 3
2819 313 3
2819 2818 3
2819 2820 3
2823 313 3
2823 2822 3
2823 2824 3
2827 314 3
2827 2828 3
2827 2835 3
2831 314 3
2831 2830 3
2831 2832 3
2835 314 3
2835 2827 3
2835 2834 3
2839 315 3
2839 2838 3
2839 2840 3
2843 315 3
2843 2842 3
2843 2844 3
2847 316 3
2847 2846 3
2847 2848 3
2851 316 3
2851 2850 3
2851 2852 3
2855 317 3
2855 2854 3
2855 2856 3
2859 317 3
2859 2858 3
2859 2860 3
2863 318 3
2863 2864 3
2863 2871 3
2867 318 3
2867 2866 3
2867 2868 3
2871 318 3
2871 2863 3
2871 2870 3
2875 319 3
2875 2874 3
2875 2876 3
2879 319 3
2879 2878 3
2879 2880 3
2883 320 3
2883 2882 3
2883 2884 3
2887 320 3
2887 2886 3
2887 2888 3
2891 321 3
2891 2890 3
2891 2892 3
2895 321 3
2895 2894 3
2895 2896 3
2899 322 3
2899 2900 3
2899 2907 3
2903 322 3
2903 2902 3
2903 2904 3
2907 322 3
2907 2899 3
2907 2906 3
2911 323 3
2911 2910 3
2911 2912 3
2915 323 3
2915 2914 3
2915 2916 3
2919 324 3
2919 2918 3
2919 2920 3
2923 324 3
2923 2922 3
2923 2924 3
2927 325 3
2927 2926 3
2927 2928 3
2931 325 3
2931 2930 3
2931 2932 3
2935 326 3
2935 2936 3
2935 2943 3
2939 326 3
2939 2938 3
2939 2940 3
2943 326 3
2943 2935 3
2943 2942 3
2947 327 3
2947 2946 3
2947 2948 3
2951 327 3
2951 2950 3
2951 2952 3
2955 328 3
2955 2954 3
2955 2956 3
2959 328 3
2959 2958 3
2959 2960 3
2963 329 3
2963 2962 3
2963 2964 3
2967 329 3
2967 2966 3
2967 2968 3
2971 330 3
2971 2972 3
2971 2979 3
2975 330 3
2975 2974 3
2975 2976 3
2979 330 3
2979 2971 3
2979 2978 3
2983 331 3
2983 2982 3
2983 2984 3
2987 331 3
2987 2986 3
2987 2988 3
2991 332 3
2991 2990 3
2991 2992 3
2995 332 3
2995 2994 3
2995 2996 3
2999 333 3
2999 2998 3
2999 3000 3
3003 333 3
3003 3002 3
3003 3004 3
3007 334 3
3007 3008 3
3007 3015 3
3011 334 3
3011 3010 3
3011 3012 3
3015 334 3
3015 3007 3
3015 3014 3
3019 335 3
3019 3018 3
3019 3020 3
3023 335 3
3023 3022 3
3023 3024 3
3027 336 3
3027 3026 3
3027 3028 3
3031 336 3
3031 3030 3
3031 3032 3
3035 337 3
3035 3034 3
3035 3036 3
3039 337 3
3039 3038 3
3039 3040 3
3043 338 3
3043 3044 3
3043 3051 3
3047 338 3
3047 3046 3
3047 3048 3
3051 338 3
3051 3043 3
3051 3050 3
3055 339 3
3055 3054 3
3055 3056 3
3059 339 3
3059 3058 3
3059 3060 3
3063 340 3
3063 3062 3
3063 3064 3
3067 340 3
3067 3066 3
3067 3068 3
3071 341 3
3071 3070 3
3071 3072 3
3075 341 3
3075 3074 3
3075 3076 3
3079 342 3
3079 3080 3
3079 3087 3
3083 342 3
3083 3082 3
3083 3084 3
3087 342 3
3087 3079 3
3087 3086 3
3091 343 3
3091 3090 3
3091 3092 3
3095 343 3
3095 3094 3
3095 3096 3
3099 344 3
3099 3098 3
3099 3100 3
3103 344 3
3103 3102 3
3103 3104 3
3107 345 3
3107 3106 3
3107 3108 3
3111 345 3
3111 3110 3
3111 3112 3
3115 346 3
3115 3116 3
3115 3123 3
3119 346 3
3119 3118 3
3119 3120 3
3123 346 3
3123 3115 3
3123 3122 3
3127 347 3
3127 3126 3
3127 3128 3
3131 347 3
3131 3130 3
3131 3132 3
3135 348 3
3135 3134 3
3135 3136 3
3139 348 3
3139 3138 3
3139 3140 3
3143 349 3
3143 3142 3
3143 3144 3
3147 349 3
3147 3146 3
3147 3148 3
3151 350 3
3151 3152 3
3151 3159 3
3155 350 3
3155 3154 3
3155 3156 3
3159 350 3
3159 3151 3
3159 3158 3
3163 351 3
3163 3162 3
3163 3164 3
3167 351 3
3167 3166 3
3167 3168 3
3171 352 3
3171 3170 3
3171 3172 3
3175 352 3
3175 3174 3
3175 3176 3
3179 353 3
3179 3178 3
3179 3180 3
3183 353 3
3183 3182 3
3183 3184 3
3187 354 3
3187 3188 3
3187 3195 3
3191 354 3
3191 3190 3
3191 3192 3
3195 354 3
3195 3187 3
3195 3194 3
3199 355 3
3199 3198 3
3199 3200 3
3203 355 3
3203 3202 3
3203 3204 3
3207 356 3
3207 3206 3
3207 3208 3
3211 356 3
3211 3210 3
3211 3212 3
3215 357 3
3215 3214 3
3215 3216 3
3219 357 3
3219 3218 3
3219 3220 3
3223 358 3
3223 3224 3
3223 3231 3
3227 358 3
3227 3226 3
3227 3228 3
3231 358 3
3231 3223 3
3231 3230 3
3235 359 3
3235 3234 3
3235 3236 3
3239 359 3
3239 3238 3
3239 3240 3
3243 360 3
3243 3242 3
3243 3244 3
3247 360 3
3247 3246 3
3247 3248 3
3251 361 3
3251 3250 3
3251 3252 3
3255 361 3
3255 3254 3
3255 3256 3
3259 362 3
3259 3260 3
3259 3267 3
3263 362 3
3263 3262 3
3263 3264 3
3267 362 3
3267 3259 3
3267 3266 3
3271 363 3
3271 3270 3
3271 3272 3
3275 363 3
3275 3274 3
3275 3276 3
3279 364 3
3279 3278 3
3279 3280 3
3283 364 3
3283 3282 3
3283 3284 3
3287 365 3
3287 3286 3
3287 3288 3
3291 365 3
3291 3290 3
3291 3292 3
3295 366 3
3295 3296 3
3295 3303 3
3299 366 3
3299 3298 3
3299 3300 3
3303 366 3
3303 3295 3
3303 3302 3
3307 367 3
3307 3306 3
3307 3308 3
3311 367 3
3311 3310 3
3311 3312 3
3315 368 3
3315 3314 3
3315 3316 3
3319 368 3
3319 3318 3
3319 3320 3
3323 369 3
3323 3322 3
3323 3324 3
3327 369 3
3327 3326 3
3327 3328 3
3331 370 3
3331 3332 3
3331 3339 3
3335 370 3
3335 3334 3
3335 3336 3
3339 370 3
3339 3331 3
3339 3338 3
3343 371 3
3343 3342 3
3343 3344 3
3347 371 3
3347 3346 3
3347 3348 3
3351 372 3
3351 3350 3
3351 3352 3
3355 372 3
3355 3354 3
3355 3356 3
3359 373 3
3359 3358 3
3359 3360 3
3363 373 3
3363 3362 3
3363 3364 3
3367 374 3
3367 3368 3
3367 3375 3
3371 374 3
3371 3370 3
3371 3372 3
3375 374 3
3375 3367 3
3375 3374 3
3379 375 3
3379 3378 3
3379 3380 3
3383 375 3
3383 3382 3
3383 3384 3
3387 376 3
3387 3386 3
3387 3388 3
3391 376 3
3391 3390 3
3391 3392 3
3395 377 3
3395 3394 3
3395 3396 3
3399 377 3
3399 3398 3
3399 3400 3
3403 378 3
3403 3404 3
3403 3411 3
3407 378 3
3407 3406 3
3407 3408 3
3411 378 3
3411 3403 3
3411 3410 3
3415 379 3
3415 3414 3
3415 3416 3
3419 379 3
3419 3418 3
3419 3420 3
3423 380 3
3423 3422 3
3423 3424 3
3427 380 3
3427 3426 3
3427 3428 3
3431 381 3
3431 3430 3
3431 3432 3
3435 381 3
3435 3434 3
3435 3436 3
3439 382 3
3439 3440 3
3439 3447 3
3443 382 3
3443 3442 3
3443 3444 3
3447 382 3
3447 3439 3
3447 3446 3
3451 383 3
3451 3450 3
3451 3452 3
3455 383 3
3455 3454 3
3455 3456 3
3459 384 3
3459 3458 3
3459 3460 3
3463 384 3
3463 3462 3
3463 3464 3
3467 385 3
3467 3466 3
3467 3468 3
3471 385 3
3471 3470 3
3471 3472 3
3475 386 3
3475 3476 3
3475 3483 3
3479 386 3
3479 3478 3
3479 3480 3
3483 386 3
3483 3475 3
3483 3482 3
3487 387 3
3487 3486 3
3487 3488 3
3491 387 3
3491 3490 3
3491 3492 3
3495 388 3
3495 3494 3
3495 3496 3
3499 388 3
3499 3498 3
3499 3500 3
3503 389 3
3503 3502 3
3503 3504 3
3507 389 3
3507 3506 3
3507 3508 3
3511 390 3
3511 3512 3
3511 3519 3
3515 390 3
3515 3514 3
3515 3516 3
3519 390 3
3519 3511 3
3519 3518 3
3523 391 3
3523 3522 3
3523 3524 3
3527 391 3
3527 3526 3
3527 3528 3
3531 392 3
3531 3530 3
3531 3532 3
3535 392 3
3535 3534 3
3535 3536 3
3539 393 3
3539 3538 3
3539 3540 3
3543 393 3
3543 3542 3
3543 3544 3
3547 394 3
3547 3548 3
3547 3555 3
3551 394 3
3551 3550 3
3551 3552 3
3555 394 3
3555 3547 3
3555 3554 3
3559 395 3
3559 3558 3
3559 3560 3
3563 395 3
3563 3562 3
3563 3564 3
3567 396 3
3567 3566 3
3567 3568 3
3571 396 3
3571 3570 3
3571 3572 3
3575 397 3
3575 3574 3
3575 3576 3
3579 397 3
3579 3578 3
3579 3580 3
3583 398 3
3583 3584 3
3583 3591 3
3587 398 3
3587 3586 3
3587 3588 3
3591 398 3
3591 3583 3
3591 3590 3
3595 399 3
3595 3594 3
3595 3596 3
3599 399 3
3599 3598 3
3599 3600 3
3603 400 3
3603 3602 3
3603 3604 3
3607 400 3
3607 3606 3
3607 3608 3
3611 401 3
3611 3610 3
3611 3612 3
3615 401 3
3615 3614 3
3615 3616 3
3619 402 3
3619 3620 3
3619 3627 3
3623 402 3
3623 3622 3
3623 3624 3
3627 402 3
3627 3619 3
3627 3626 3
3631 403 3
3631 3630 3
3631 3632 3
3635 403 3
3635 3634 3
3635 3636 3
3639 404 3
3639 3638 3
3639 3640 3
3643 404 3
3643 3642 3
3643 3644 3
3647 405 3
3647 3646 3
3647 3648 3
3651 405 3
3651 3650 3
3651 3652 3
3655 406 3
3655 3656 3
3655 3663 3
3659 406 3
3659 3658 3
3659 3660 3
3663 406 3
3663 3655 3
3663 3662 3
3667 407 3
3667 3666 3
3667 3668 3
3671 407 3
3671 3670 3
3671 3672 3
3675 408 3
3675 3674 3
3675 3676 3
3679 408 3
3679 3678 3
3679 3680 3
3683 409 3
3683 3682 3
3683 3684 3
3687 409 3
3687 3686 3
3687 3688 3
3691 410 3
3691 3692 3
3691 3699 3
3695 410 3
3695 3694 3
3695 3696 3
3699 410 3
3699 3691 3
3699 3698 3
3703 411 3
3703 3702 3
3703 3704 3
3707 411 3
3707 3706 3
3707 3708 3
3711 412 3
3711 3710 3
3711 3712 3
3715 412 3
3715 3714 3
3715 3716 3
3719 413 3
3719 3718 3
3719 3720 3
3723 413 3
3723 3722 3
3723 3724 3
3727 414 3
3727 3728 3
3727 3735 3
3731 414 3
3731 3730 3
3731 3732 3
3735 414 3
3735 3727 3
3735 3734 3
3739 415 3
3739 3738 3
3739 3740 3
3743 415 3
3743 3742 3
3743 3744 3
3747 416 3
3747 3746 3
3747 3748 3
3751 416 3
3751 3750 3
3751 3752 3
3755 417 3
3755 3754 3
3755 3756 3
3759 417 3
3759 3758 3
3759 3760 3
3763 418 3
3763 3764 3
3763 3771 3
3767 418 3
3767 3766 3
3767 3768 3
3771 418 3
3771 3763 3
3771 3770 3
3775 419 3
3775 3774 3
3775 3776 3
3779 419 3
3779 3778 3
3779 3780 3
3783 420 3
3783 3782 3
3783 3784 3
3787 420 3
3787 3786 3
3787 3788 3
3791 421 3
3791 3790 3
3791 3792 3
3795 421 3
3795 3794 3
3795 3796 3
3799 422 3
3799 3800 3
3799 3807 3
3803 422 3
3803 3802 3
3803 3804 3
3807 422 3
3807 3799 3
3807 3806 3
3811 423 3
3811 3810 3
3811 3812 3
3815 423 3
3815 3814 3
3815 3816 3
3819 424 3
3819 3818 3
3819 3820 3
3823 424 3
3823 3822 3
3823 3824 3
3827 425 3
3827 3826 3
3827 3828 3
3831 425 3
3831 3830 3
3831 3832 3
3835 426 3
3835 3836 3
3835 3843 3
3839 426 3
3839 3838 3
3839 3840 3
3843 426 3
3843 3835 3
3843 3842 3
3847 427 3
3847 3846 3
3847 3848 3
3851 427 3
3851 3850 3
3851 3852 3
3855 428 3
3855 3854 3
3855 3856 3
3859 428 3
3859 3858 3
3859 3860 3
3863 429 3
3863 3862 3
3863 3864 3
3867 429 3
3867 3866 3
3867 3868 3
3871 430 3
3871 3872 3
3871 3879 3
3875 430 3
3875 3874 3
3875 3876 3
3879 430 3
3879 3871 3
3879 3878 3
3883 431 3
3883 3882 3
3883 3884 3
3887 431 3
3887 3886 3
3887 3888 3
3891 432 3
3891 3890 3
3891 3892 3
3895 432 3
3895 3894 3
3895 3896 3
3899 433 3
3899 3898 3
3899 3900 3
3903 433 3
3903 3902 3
3903 3904 3
3907 434 3
3907 3908 3
3907 3915 3
3911 434 3
3911 3910 3
3911 3912 3
3915 434 3
3915 3907 3
3915 3914 3
3919 435 3
3919 3918 3
3919 3920 3
3923 435 3
3923 3922 3
3923 3924 3
3927 436 3
3927 3926 3
3927 3928 3
3931 436 3
3931 3930 3
3931 3932 3
3935 437 3
3935 3934 3
3935 3936 3
3939 437 3
3939 3938 3
3939 3940 3
3943 438 3
3943 3944 3
3943 3951 3
3947 438 3
3947 3946 3
3947 3948 3
3951 438 3
3951 3943 3
3951 3950 3
3955 439 3
3955 3954 3
3955 3956 3
3959 439 3
3959 3958 3
3959 3960 3
3963 440 3
3963 3962 3
3963 3964 3
3967 440 3
3967 3966 3
3967 3968 3
3971 441 3
3971 3970 3
3971 3972 3
3975 441 3
3975 3974 3
3975 3976 3
3979 442 3
3979 3980 3
3979 3987 3
3983 442 3
3983 3982 3
3983 3984 3
3987 442 3
3987 3979 3
3987 3986 3
3991 443 3
3991 3990 3
3991 3992 3
3995 443 3
3995 3994 3
3995 3996 3
3999 444 3
3999 3998 3
3999 4000 3
4003 444 3
4003 4002 3
4003 4004 3
4007 445 3
4007 4006 3
4007 4008 3
4011 445 3
4011 4010 3
4011 4012 3
4015 446 3
4015 4016 3
4015 4023 3
4019 446 3
4019 4018 3
4019 4020 3
4023 446 3
4023 4015 3
4023 4022 3
4027 447 3
4027 4026 3
4027 4028 3
4031 447 3
4031 4030 3
4031 4032 3
4035 448 3
4035 4034 3
4035 4036 3
4039 448 3
4039 4038 3
4039 4040 3
4043 449 3
4043 4042 3
4043 4044 3
4047 449 3
4047 4046 3
4047 4048 3
4051 450 3
4051 4052 3
4051 4059 3
4055 450 3
4055 4054 3
4055 4056 3
4059 450 3
4059 4051 3
4059 4058 3
4063 451 3
4063 4062 3
4063 4064 3
4067 451 3
4067 4066 3
4067 4068 3
4071 452 3
4071 4070 3
4071 4072 3
4075 452 3
4075 4074 3
4075 4076 3
4079 453 3
4079 4078 3
4079 4080 3
4083 453 3
4083 4082 3
4083 4084 3
4087 454 3
4087 4088 3
4087 4095 3
4091 454 3
4091 4090 3
4091 4092 3
4095 454 3
4095 4087 3
4095 4094 3
4099 455 3
4099 4098 3
4099 4100 3
4103 455 3
4103 4102 3
4103 4104 3
4107 456 3
4107 4106 3
4107 4108 3
4111 456 3
4111 4110 3
4111 4112 3
4115 457 3
4115 4114 3
4115 4116 3
4119 457 3
4119 4118 3
4119 4120 3
4123 458 3
4123 4124 3
4123 4131 3
4127 458 3
4127 4126 3
4127 4128 3
4131 458 3
4131 4123 3
4131 4130 3
4135 459 3
4135 4134 3
4135 4136 3
4139 459 3
4139 4138 3
4139 4140 3
4143 460 3
4143 4142 3
4143 4144 3
4147 460 3
4147 4146 3
4147 4148 3
4151 461 3
4151 4150 3
4151 4152 3
4155 461 3
4155 4154 3
4155 4156 3
4159 462 3
4159 4160 3
4159 4167 3
4163 462 3
4163 4162 3
4163 4164 3
4167 462 3
4167 4159 3
4167 4166 3
4171 463 3
4171 4170 3
4171 4172 3
4175 463 3
4175 4174 3
4175 4176 3
4179 464 3
4179 4178 3
4179 4180 3
4183 464 3
4183 4182 3
4183 4184 3
4187 465 3
4187 4186 3
4187 4188 3
4191 465 3
4191 4190 3
4191 4192 3
4195 466 3
4195 4196 3
4195 4203 3
4199 466 3
4199 4198 3
4199 4200 3
4203 466 3
4203 4195 3
4203 4202 3
4207 467 3
4207 4206 3
4207 4208 3
4211 467 3
4211 4210 3
4211 4212 3
4215 468 3
4215 4214 3
4215 4216 3
4219 468 3
4219 4218 3
4219 4220 3
4223 469 3
4223 4222 3
4223 4224 3
4227 469 3
4227 4226 3
4227 4228 3
4231 470 3
4231 4232 3
4231 4239 3
4235 470 3
4235 4234 3
4235 4236 3
4239 470 3
4239 4231 3
4239 4238 3
4243 471 3
4243 4242 3
4243 4244 3
4247 471 3
4247 4246 3
4247 4248 3
4251 472 3
4251 4250 3
4251 4252 3
4255 472 3
4255 4254 3
4255 4256 3
4259 473 3
4259 4258 3
4259 4260 3
4263 473 3
4263 4262 3
4263 4264 3
4267 474 3
4267 4268 3
4267 4275 3
4271 474 3
4271 4270 3
4271 4272 3
4275 474 3
4275 4267 3
4275 4274 3
4279 475 3
4279 4278 3
4279 4280 3
4283 475 3
4283 4282 3
4283 4284 3
4287 476 3
4287 4286 3
4287 4288 3
4291 476 3
4291 4290 3
4291 4292 3
4295 477 3
4295 4294 3
4295 4296 3
4299 477 3
4299 4298 3
4299 4300 3
4303 478 3
4303 4304 3
4303 4311 3
4307 478 3
4307 4306 3
4307 4308 3
4311 478 3
4311 4303 3
4311 4310 3
4315 479 3
4315 4314 3
4315 4316 3
4319 479 3
4319 4318 3
4319 4320 3
4323 480 3
4323 4322 3
4323 4324 3
4327 480 3
4327 4326 3
4327 4328 3
4331 481 3
4331 4330 3
4331 4332 3
4335 481 3
4335 4334 3
4335 4336 3
4339 482 3
4339 4340 3
4339 4347 3
4343 482 3
4343 4342 3
4343 4344 3
4347 482 3
4347 4339 3
4347 4346 3
4351 483 3
4351 4350 3
4351 4352 3
4355 483 3
4355 4354 3
4355 4356 3
4359 484 3
4359 4358 3
4359 4360 3
4363 484 3
4363 4362 3
4363 4364 3
4367 485 3
4367 4366 3
4367 4368 3
4371 485 3
4371 4370 3
4371 4372 3
4375 486 3
4375 4376 3
4375 4383 3
4379 486 3
4379 4378 3
4379 4380 3
4383 486 3
4383 4375 3
4383 4382 3
4387 487 3
4387 4386 3
4387 4388 3
4391 487 3
4391 4390 3
4391 4392 3
4395 488 3
4395 4394 3
4395 4396 3
4399 488 3
4399 4398 3
4399 4400 3
4403 489 3
4403 4402 3
4403 4404 3
4407 489 3
4407 4406 3
4407 4408 3
4411 490 3
4411 4412 3
4411 4419 3
4415 490 3
4415 4414 3
4415 4416 3
4419 490 3
4419 4411 3
4419 4418 3
4423 491 3
4423 4422 3
4423 4424 3
4427 491 3
4427 4426 3
4427 4428 3
4431 492 3
4431 4430 3
4431 4432 3
4435 492 3
4435 4434 3
4435 4436 3
4439 493 3
4439 4438 3
4439 4440 3
4443 493 3
4443 4442 3
4443 4444 3
4447 494 3
4447 4448 3
4447 4455 3
4451 494 3
4451 4450 3
4451 4452 3
4455 494 3
4455 4447 3
4455 4454 3
4459 495 3
4459 4458 3
4459 4460 3
4463 495 3
4463 4462 3
4463 4464 3
4467 496 3
4467 4466 3
4467 4468 3
4471 496 3
4471 4470 3
4471 4472 3
4475 497 3
4475 4474 3
4475 4476 3
4479 497 3
4479 4478 3
4479 4480 3
4483 498 3
4483 4484 3
4483 4491 3
4487 498 3
4487 4486 3
4487 4488 3
4491 498 3
4491 4483 3
4491 4490 3
4495 499 3
4495 4494 3
4495 4496 3
4499 499 3
4499 4498 3
4499 4500 3
4503 500 3
4503 4502 3
4503 4504 3
4507 500 3
4507 4506 3
4507 4508 3
4511 501 3
4511 4510 3
4511 4512 3
4515 501 3
4515 4514 3
4515 4516 3
4519 502 3
4519 4520 3
4519 4527 3
4523 502 3
4523 4522 3
4523 4524 3
4527 502 3
4527 4519 3
4527 4526 3
4531 503 3
4531 4530 3
4531 4532 3
4535 503 3
4535 4534 3
4535 4536 3
4539 504 3
4539 4538 3
4539 4540 3
4543 504 3
4543 4542 3
4543 4544 3
4547 505 3
4547 4546 3
4547 4548 3
4551 505 3
4551 4550 3
4551 4552 3
4555 506 3
4555 4556 3
4555 4563 3
4559 506 3
4559 4558 3
4559 4560 3
4563 506 3
4563 4555 3
4563 4562 3
4567 507 3
4567 4566 3
4567 4568 3
4571 507 3
4571 4570 3
4571 4572 3
4575 508 3
4575 4574 3
4575 4576 3
4579 508 3
4579 4578 3
4579 4580 3
4583 509 3
4583 4582 3
4583 4584 3
4587 509 3
4587 4586 3
4587 4588 3
4591 510 3
4591 4592 3
4591 4599 3
4595 510 3
4595 4594 3
4595 4596 3
4599 510 3
4599 4591 3
4599 4598 3
4603 511 3
4603 4602 3
4603 4604 3
4607 511 3
4607 4606 3
4607 4608 3
4611 512 3
4611 4610 3
4611 4612 3
4615 512 3
4615 4614 3
4615 4616 3
4619 513 3
4619 4618 3
4619 4620 3
4623 513 3
4623 4622 3
4623 4624 3
4627 514 3
4627 4628 3
4627 4635 3
4631 514 3
4631 4630 3
4631 4632 3
4635 514 3
4635 4627 3
4635 4634 3
4639 515 3
4639 4638 3
4639 4640 3
4643 515 3
4643 4642 3
4643 4644 3
4647 516 3
4647 4646 3
4647 4648 3
4651 516 3
4651 4650 3
4651 4652 3
4655 517 3
4655 4654 3
4655 4656 3
4659 517 3
4659 4658 3
4659 4660 3
4663 518 3
4663 4664 3
4663 4671 3
4667 518 3
4667 4666 3
4667 4668 3
4671 518 3
4671 4663 3
4671 4670 3
4675 519 3
4675 4674 3
4675 4676 3
4679 519 3
4679 4678 3
4679 4680 3
4683 520 3
4683 4682 3
4683 4684 3
4687 520 3
4687 4686 3
4687 4688 3
4691 521 3
4691 4690 3
4691 4692 3
4695 521 3
4695 4694 3
4695 4696 3
4699 522 3
4699 4700 3
4699 4707 3
4703 522 3
4703 4702 3
4703 4704 3
4707 522 3
4707 4699 3
4707 4706 3
4711 523 3
4711 4710 3
4711 4712 3
4715 523 3
4715 4714 3
4715 4716 3
4719 524 3
4719 4718 3
4719 4720 3
4723 524 3
4723 4722 3
4723 4724 3
4727 525 3
4727 4726 3
4727 4728 3
4731 525 3
4731 4730 3
4731 4732 3
4735 526 3
4735 4736 3
4735 4743 3
4739 526 3
4739 4738 3
4739 4740 3
4743 526 3
4743 4735 3
4743 4742 3
4747 527 3
4747 4746 3
4747 4748 3
4751 527 3
4751 4750 3
4751 4752 3
4755 528 3
4755 4754 3
4755 4756 3
4759 528 3
4759 4758 3
4759 4760 3
4763 529 3
4763 4762 3
4763 4764 3
4767 529 3
4767 4766 3
4767 4768 3
4771 530 3
4771 4772 3
4771 4779 3
4775 530 3
4775 4774 3
4775 4776 3
4779 530 3
4779 4771 3
4779 4778 3
4783 531 3
4783 4782 3
4783 4784 3
4787 531 3
4787 4786 3
4787 4788 3
4791 532 3
4791 4790 3
4791 4792 3
4795 532 3
4795 4794 3
4795 4796 3
4799 533 3
4799 4798 3
4799 4800 3
4803 533 3
4803 4802 3
4803 4804 3
4807 534 3
4807 4808 3
4807 4815 3
4811 534 3
4811 4810 3
4811 4812 3
4815 534 3
4815 4807 3
4815 4814 3
4819 535 3
4819 4818 3
4819 4820 3
4823 535 3
4823 4822 3
4823 4824 3
4827 536 3
4827 4826 3
4827 4828 3
4831 536 3
4831 4830 3
4831 4832 3
4835 537 3
4835 4834 3
4835 4836 3
4839 537 3
4839 4838 3
4839 4840 3
4843 538 3
4843 4844 3
4843 4851 3
4847 538 3
4847 4846 3
4847 4848 3
4851 538 3
4851 4843 3
4851 4850 3
4855 539 3
4855 4854 3
4855 4856 3
4859 539 3
4859 4858 3
4859 4860 3
4863 540 3
4863 4862 3
4863 4864 3
4867 540 3
4867 4866 3
4867 4868 3
4871 541 3
4871 4870 3
4871 4872 3
4875 541 3
4875 4874 3
4875 4876 3
4879 542 3
4879 4880 3
4879 4887 3
4883 542 3
4883 4882 3
4883 4884 3
4887 542 3
4887 4879 3
4887 4886 3
4891 543 3
4891 4890 3
4891 4892 3
4895 543 3
4895 4894 3
4895 4896 3
4899 544 3
4899 4898 3
4899 4900 3
4903 544 3
4903 4902 3
4903 4904 3
4907 545 3
4907 4906 3
4907 4908 3
4911 545 3
4911 4910 3
4911 4912 3
4915 546 3
4915 4916 3
4915 4923 3
4919 546 3
4919 4918 3
4919 4920 3
4923 546 3
4923 4915 3
4923 4922 3
4927 547 3
4927 4926 3
4927 4928 3
4931 547 3
4931 4930 3
4931 4932 3
4935 548 3
4935 4934 3
4935 4936 3
4939 548 3
4939 4938 3
4939 4940 3
4943 549 3
4943 4942 3
4943 4944 3
4947 549 3
4947 4946 3
4947 4948 3
4951 550 3
4951 4952 3
4951 4959 3
4955 550 3
4955 4954 3
4955 4956 3
4959 550 3
4959 4951 3
4959 4958 3
4963 551 3
4963 4962 3
4963 4964 3
4967 551 3
4967 4966 3
4967 4968 3
4971 552 3
4971 4970 3
4971 4972 3
4975 552 3
4975 4974 3
4975 4976 3
4979 553 3
4979 4978 3
4979 4980 3
4983 553 3
4983 4982 3
4983 4984 3
4987 554 3
4987 4988 3
4987 4995 3
4991 554 3
4991 4990 3
4991 4992 3
4995 554 3
4995 4987 3
4995 4994 3
4999 555 3
4999 4998 3
4999 5000 3
5003 555 3
5003 5002 3
5003 5004 3
5007 556 3
5007 5006 3
5007 5008 3
5011 556 3
5011 5010 3
5011 5012 3
5015 557 3
5015 5014 3
5015 5016 3
5019 557 3
5019 5018 3
5019 5020 3
5023 558 3
5023 5024 3
5023 5031 3
5027 558 3
5027 5026 3
5027 5028 3
5031 558 3
5031 5023 3
5031 5030 3
5035 559 3
5035 5034 3
5035 5036 3
5039 559 3
5039 5038 3
5039 5040 3
5043 560 3
5043 5042 3
5043 5044 3
5047 560 3
5047 5046 3
5047 5048 3
5051 561 3
5051 5050 3
5051 5052 3
5055 561 3
5055 5054 3
5055 5056 3
5059 562 3
5059 5060 3
5059 5067 3
5063 562 3
5063 5062 3
5063 5064 3
5067 562 3
5067 5059 3
5067 5066 3
5071 563 3
5071 5070 3
5071 5072 3
5075 563 3
5075 5074 3
5075 5076 3
5079 564 3
5079 5078 3
5079 5080 3
5083 564 3
5083 5082 3
5083 5084 3
5087 565 3
5087 5086 3
5087 5088 3
5091 565 3
5091 5090 3
5091 5092 3
5095 566 3
5095 5096 3
5095 5103 3
5099 566 3
5099 5098 3
5099 5100 3
5103 566 3
5103 5095 3
5103 5102 3
5107 567 3
5107 5106 3
5107 5108 3
5111 567 3
5111 5110 3
5111 5112 3
5115 568 3
5115 5114 3
5115 5116 3
5119 568 3
5119 5118 3
5119 5120 3
5123 569 3
5123 5122 3
5123 5124 3
5127 569 3
5127 5126 3
5127 5128 3
5131 570 3
5131 5132 3
5131 5139 3
5135 570 3
5135 5134 3
5135 5136 3
5139 570 3
5139 5131 3
5139 5138 3
5143 571 3
5143 5142 3
5143 5144 3
5147 571 3
5147 5146 3
5147 5148 3
5151 572 3
5151 5150 3
5151 5152 3
5155 572 3
5155 5154 3
5155 5156 3
5159 573 3
5159 5158 3
5159 5160 3
5163 573 3
5163 5162 3
5163 5164 3
5167 574 3
5167 5168 3
5167 5175 3
5171 574 3
5171 5170 3
5171 5172 3
5175 574 3
5175 5167 3
5175 5174 3
5179 575 3
5179 5178 3
5179 5180 3
5183 575 3
5183 5182 3
5183 5184 3
5187 576 3
5187 5186 3
5187 5188 3
5191 576 3
5191 5190 3
5191 5192 3
5195 577 3
5195 5194 3
5195 5196 3
5199 577 3
5199 5198 3
5199 5200 3
5203 578 3
5203 5204 3
5203 5211 3
5207 578 3
5207 5206 3
5207 5208 3
5211 578 3
5211 5203 3
5211 5210 3
5215 579 3
5215 5214 3
5215 5216 3
5219 579 3
5219 5218 3
5219 5220 3
5223 580 3
5223 5222 3
5223 5224 3
5227 580 3
5227 5226 3
5227 5228 3
5231 581 3
5231 5230 3
5231 5232 3
5235 581 3
5235 5234 3
5235 5236 3
5239 582 3
5239 5240 3
5239 5247 3
5243 582 3
5243 5242 3
5243 5244 3
5247 582 3
5247 5239 3
5247 5246 3
5251 583 3
5251 5250 3
5251 5252 3
5255 583 3
5255 5254 3
5255 5256 3
5259 584 3
5259 5258 3
5259 5260 3
5263 584 3
5263 5262 3
5263 5264 3
5267 585 3
5267 5266 3
5267 5268 3
5271 585 3
5271 5270 3
5271 5272 3
5275 586 3
5275 5276 3
5275 5283 3
5279 586 3
5279 5278 3
5279 5280 3
5283 586 3
5283 5275 3
5283 5282 3
5287 587 3
5287 5286 3
5287 5288 3
5291 587 3
5291 5290 3
5291 5292 3
5295 588 3
5295 5294 3
5295 5296 3
5299 588 3
5299 5298 3
5299 5300 3
5303 589 3
5303 5302 3
5303 5304 3
5307 589 3
5307 5306 3
5307 5308 3
5311 590 3
5311 5312 3
5311 5319 3
5315 590 3
5315 5314 3
5315 5316 3
5319 590 3
5319 5311 3
5319 5318 3
5323 591 3
5323 5322 3
5323 5324 3
5327 591 3
5327 5326 3
5327 5328 3
5331 592 3
5331 5330 3
5331 5332 3
5335 592 3
5335 5334 3
5335 5336 3
5339 593 3
5339 5338 3
5339 5340 3
5343 593 3
5343 5342 3
5343 5344 3
5347 594 3
5347 5348 3
5347 5355 3
5351 594 3
5351 5350 3
5351 5352 3
5355 594 3
5355 5347 3
5355 5354 3
5359 595 3
5359 5358 3
5359 5360 3
5363 595 3
5363 5362 3
5363 5364 3
5367 596 3
5367 5366 3
5367 5368 3
5371 596 3
5371 5370 3
5371 5372 3
5375 597 3
5375 5374 3
5375 5376 3
5379 597 3
5379 5378 3
5379 5380 3
5383 598 3
5383 5384 3
5383 5391 3
5387 598 3
5387 5386 3
5387 5388 3
5391 598 3
5391 5383 3
5391 5390 3
5395 599 3
5395 5394 3
5395 5396 3
5399 599 3
5399 5398 3
5399 5400 3
5403 600 3
5403 5402 3
5403 5404 3
5407 600 3
5407 5406 3
5407 5408 3
5411 601 3
5411 5410 3
5411 5412 3
5415 601 3
5415 5414 3
5415 5416 3
5419 602 3
5419 5420 3
5419 5427 3
5423 602 3
5423 5422 3
5423 5424 3
5427 602 3
5427 5419 3
5427 5426 3
5431 603 3
5431 5430 3
5431 5432 3
5435 603 3
5435 5434 3
5435 5436 3
5439 604 3
5439 5438 3
5439 5440 3
5443 604 3
5443 5442 3
5443 5444 3
5447 605 3
5447 5446 3
5447 5448 3
5451 605 3
5451 5450 3
5451 5452 3
5455 606 3
5455 5456 3
5455 5463 3
5459 606 3
5459 5458 3
5459 5460 3
5463 606 3
5463 5455 3
5463 5462 3
5467 607 3
5467 5466 3
5467 5468 3
5471 607 3
5471 5470 3
5471 5472 3
5475 608 3
5475 5474 3
5475 5476 3
5479 608 3
5479 5478 3
5479 5480 3
5483 609 3
5483 5482 3
5483 5484 3
5487 609 3
5487 5486 3
5487 5488 3
5491 610 3
5491 5492 3
5491 5499 3
5495 610 3
5495 5494 3
5495 5496 3
5499 610 3
5499 5491 3
5499 5498 3
5503 611 3
5503 5502 3
5503 5504 3
5507 611 3
5507 5506 3
5507 5508 3
5511 612 3
5511 5510 3
5511 5512 3
5515 612 3
5515 5514 3
5515 5516 3
5519 613 3
5519 5518 3
5519 5520 3
5523 613 3
5523 5522 3
5523 5524 3
5527 614 3
5527 5528 3
5527 5535 3
5531 614 3
5531 5530 3
5531 5532 3
5535 614 3
5535 5527 3
5535 5534 3
5539 615 3
5539 5538 3
5539 5540 3
5543 615 3
5543 5542 3
5543 5544 3
5547 616 3
5547 5546 3
5547 5548 3
5551 616 3
5551 5550 3
5551 5552 3
5555 617 3
5555 5554 3
5555 5556 3
5559 617 3
5559 5558 3
5559 5560 3
5563 618 3
5563 5564 3
5563 5571 3
5567 618 3
5567 5566 3
5567 5568 3
5571 618 3
5571 5563 3
5571 5570 3
5575 619 3
5575 5574 3
5575 5576 3
5579 619 3
5579 5578 3
5579 5580 3
5583 620 3
5583 5582 3
5583 5584 3
5587 620 3
5587 5586 3
5587 5588 3
5591 621 3
5591 5590 3
5591 5592 3
5595 621 3
5595 5594 3
5595 5596 3
5599 622 3
5599 5600 3
5599 5607 3
5603 622 3
5603 5602 3
5603 5604 3
5607 622 3
5607 5599 3
5607 5606 3
5611 623 3
5611 5610 3
5611 5612 3
5615 623 3
5615 5614 3
5615 5616 3
5619 624 3
5619 5618 3
5619 5620 3
5623 624 3
5623 5622 3
5623 5624 3
5627 625 3
5627 5626 3
5627 5628 3
5631 625 3
5631 5630 3
5631 5632 3
5635 626 3
5635 5636 3
5635 5643 3
5639 626 3
5639 5638 3
5639 5640 3
5643 626 3
5643 5635 3
5643 5642 3
5647 627 3
5647 5646 3
5647 5648 3
5651 627 3
5651 5650 3
5651 5652 3
5655 628 3
5655 5654 3
5655 5656 3
5659 628 3
5659 5658 3
5659 5660 3
5663 629 3
5663 5662 3
5663 5664 3
5667 629 3
5667 5666 3
5667 5668 3
5671 630 3
5671 5672 3
5671 5679 3
5675 630 3
5675 5674 3
5675 5676 3
5679 630 3
5679 5671 3
5679 5678 3
5683 631 3
5683 5682 3
5683 5684 3
5687 631 3
5687 5686 3
5687 5688 3
5691 632 3
5691 5690 3
5691 5692 3
5695 632 3
5695 5694 3
5695 5696 3
5699 633 3
5699 5698 3
5699 5700 3
5703 633 3
5703 5702 3
5703 5704 3
5707 634 3
5707 5708 3
5707 5715 3
5711 634 3
5711 5710 3
5711 5712 3
5715 634 3
5715 5707 3
5715 5714 3
5719 635 3
5719 5718 3
5719 5720 3
5723 635 3
5723 5722 3
5723 5724 3
5727 636 3
5727 5726 3
5727 5728 3
5731 636 3
5731 5730 3
5731 5732 3
5735 637 3
5735 5734 3
5735 5736 3
5739 637 3
5739 5738 3
5739 5740 3
5743 638 3
5743 5744 3
5743 5751 3
5747 638 3
5747 5746 3
5747 5748 3
5751 638 3
5751 5743 3
5751 5750 3
5755 639 3
5755 5754 3
5755 5756 3
5759 639 3
5759 5758 3
5759 5760 3
5763 640 3
5763 5762 3
5763 5764 3
5767 640 3
5767 5766 3
5767 5768 3
5771 641 3
5771 5770 3
5771 5772 3
5775 641 3
5775 5774 3
5775 5776 3
5779 642 3
5779 5780 3
5779 5787 3
5783 642 3
5783 5782 3
5783 5784 3
5787 642 3
5787 5779 3
5787 5786 3
5791 643 3
5791 5790 3
5791 5792 3
5795 643 3
5795 5794 3
5795 5796 3
5799 644 3
5799 5798 3
5799 5800 3
5803 644 3
5803 5802 3
5803 5804 3
5807 645 3
5807 5806 3
5807 5808 3
5811 645 3
5811 5810 3
5811 5812 3
5815 646 3
5815 5816 3
5815 5823 3
5819 646 3
5819 5818 3
5819 5820 3
5823 646 3
5823 5815 3
5823 5822 3
5827 647 3
5827 5826 3
5827 5828 3
5831 647 3
5831 5830 3
5831 5832 3
5835 648 3
5835 5834 3
5835 5836 3
5839 648 3
5839 5838 3
5839 5840 3
5843 649 3
5843 5842 3
5843 5844 3
5847 649 3
5847 5846 3
5847 5848 3
5851 650 3
5851 5852 3
5851 5859 3
5855 650 3
5855 5854 3
5855 5856 3
5859 650 3
5859 5851 3
5859 5858 3
5863 651 3
5863 5862 3
5863 5864 3
5867 651 3
5867 5866 3
5867 5868 3
5871 652 3
5871 5870 3
5871 5872 3
5875 652 3
5875 5874 3
5875 5876 3
5879 653 3
5879 5878 3
5879 5880 3
5883 653 3
5883 5882 3
5883 5884 3
5887 654 3
5887 5888 3
5887 5895 3
5891 654 3
5891 5890 3
5891 5892 3
5895 654 3
5895 5887 3
5895 5894 3
5899 655 3
5899 5898 3
5899 5900 3
5903 655 3
5903 5902 3
5903 5904 3
5907 656 3
5907 5906 3
5907 5908 3
5911 656 3
5911 5910 3
5911 5912 3
5915 657 3
5915 5914 3
5915 5916 3
5919 657 3
5919 5918 3
5919 5920 3
5923 658 3
5923 5924 3
5923 5931 3
5927 658 3
5927 5926 3
5927 5928 3
5931 658 3
5931 5923 3
5931 5930 3
5935 659 3
5935 5934 3
5935 5936 3
5939 659 3
5939 5938 3
5939 5940 3
5943 660 3
5943 5942 3
5943 5944 3
5947 660 3
5947 5946 3
5947 5948 3
5951 661 3
5951 5950 3
5951 5952 3
5955 661 3
5955 5954 3
5955 5956 3
5959 662 3
5959 5960 3
5959 5967 3
5963 662 3
5963 5962 3
5963 5964 3
5967 662 3
5967 5959 3
5967 5966 3
5971 663 3
5971 5970 3
5971 5972 3
5975 663 3
5975 5974 3
5975 5976 3
5979 664 3
5979 5978 3
5979 5980 3
5983 664 3
5983 5982 3
5983 5984 3
5987 665 3
5987 5986 3
5987 5988 3
5991 665 3
5991 5990 3
5991 5992 3
5995 666 3
5995 5996 3
5995 6003 3
5999 666 3
5999 5998 3
5999 6000 3
6003 666 3
6003 5995 3
6003 6002 3
6007 667 3
6007 6006 3
6007 6008 3
6011 667 3
6011 6010 3
6011 6012 3
6015 668 3
6015 6014 3
6015 6016 3
6019 668 3
6019 6018 3
6019 6020 3
6023 669 3
6023 6022 3
6023 6024 3
6027 669 3
6027 6026 3
6027 6028 3
6031 670 3
6031 6032 3
6031 6039 3
6035 670 3
6035 6034 3
6035 6036 3
6039 670 3
6039 6031 3
6039 6038 3
6043 671 3
6043 6042 3
6043 6044 3
6047 671 3
6047 6046 3
6047 6048 3
6051 672 3
6051 6050 3
6051 6052 3
6055 672 3
6055 6054 3
6055 6056 3
6059 673 3
6059 6058 3
6059 6060 3
6063 673 3
6063 6062 3
6063 6064 3
6067 674 3
6067 6068 3
6067 6075 3
6071 674 3
6071 6070 3
6071 6072 3
6075 674 3
6075 6067 3
6075 6074 3
6079 675 3
6079 6078 3
6079 6080 3
6083 675 3
6083 6082 3
6083 6084 3
6087 676 3
6087 6086 3
6087 6088 3
6091 676 3
6091 6090 3
6091 6092 3
6095 677 3
6095 6094 3
6095 6096 3
6099 677 3
6099 6098 3
6099 6100 3
6103 678 3
6103 6104 3
6103 6111 3
6107 678 3
6107 6106 3
6107 6108 3
6111 678 3
6111 6103 3
6111 6110 3
6115 679 3
6115 6114 3
6115 6116 3
6119 679 3
6119 6118 3
6119 6120 3
6123 680 3
6123 6122 3
6123 6124 3
6127 680 3
6127 6126 3
6127 6128 3
6131 681 3
6131 6130 3
6131 6132 3
6135 681 3
6135 6134 3
6135 6136 3
6139 682 3
6139 6140 3
6139 6147 3
6143 682 3
6143 6142 3
6143 6144 3
6147 682 3
6147 6139 3
6147 6146 3
6151 683 3
6151 6150 3
6151 6152 3
6155 683 3
6155 6154 3
6155 6156 3
6159 684 3
6159 6158 3
6159 6160 3
6163 684 3
6163 6162 3
6163 6164 3
6167 685 3
6167 6166 3
6167 6168 3
6171 685 3
6171 6170 3
6171 6172 3
6175 686 3
6175 6176 3
6175 6183 3
6179 686 3
6179 6178 3
6179 6180 3
6183 686 3
6183 6175 3
6183 6182 3
6187 687 3
6187 6186 3
6187 6188 3
6191 687 3
6191 6190 3
6191 6192 3
6195 688 3
6195 6194 3
6195 6196 3
6199 688 3
6199 6198 3
6199 6200 3
6203 689 3
6203 6202 3
6203 6204 3
6207 689 3
6207 6206 3
6207 6208 3
6211 690 3
6211 6212 3
6211 6219 3
6215 690 3
6215 6214 3
6215 6216 3
6219 690 3
6219 6211 3
6219 6218 3
6223 691 3
6223 6222 3
6223 6224 3
6227 691 3
6227 6226 3
6227 6228 3
6231 692 3
6231 6230 3
6231 6232 3
6235 692 3
6235 6234 3
6235 6236 3
6239 693 3
6239 6238 3
6239 6240 3
6243 693 3
6243 6242 3
6243 6244 3
6247 694 3
6247 6248 3
6247 6255 3
6251 694 3
6251 6250 3
6251 6252 3
6255 694 3
6255 6247 3
6255 6254 3
6259 695 3
6259 6258 3
6259 6260 3
6263 695 3
6263 6262 3
6263 6264 3
6267 696 3
6267 6266 3
6267 6268 3
6271 696 3
6271 6270 3
6271 6272 3
6275 697 3
6275 6274 3
6275 6276 3
6279 697 3
6279 6278 3
6279 6280 3
6283 698 3
6283 6284 3
6283 6291 3
6287 698 3
6287 6286 3
6287 6288 3
6291 698 3
6291 6283 3
6291 6290 3
6295 699 3
6295 6294 3
6295 6296 3
6299 699 3
6299 6298 3
6299 6300 3
6303 700 3
6303 6302 3
6303 6304 3
6307 700 3
6307 6306 3
6307 6308 3
6311 701 3
6311 6310 3
6311 6312 3
6315 701 3
6315 6314 3
6315 6316 3
6319 702 3
6319 6320 3
6319 6327 3
6323 702 3
6323 6322 3
6323 6324 3
6327 702 3
6327 6319 3
6327 6326 3
6331 703 3
6331 6330 3
6331 6332 3
6335 703 3
6335 6334 3
6335 6336 3
6339 704 3
6339 6338 3
6339 6340 3
6343 704 3
6343 6342 3
6343 6344 3
6347 705 3
6347 6346 3
6347 6348 3
6351 705 3
6351 6350 3
6351 6352 3
6355 706 3
6355 6356 3
6355 6363 3
6359 706 3
6359 6358 3
6359 6360 3
6363 706 3
6363 6355 3
6363 6362 3
6367 707 3
6367 6366 3
6367 6368 3
6371 707 3
6371 6370 3
6371 6372 3
6375 708 3
6375 6374 3
6375 6376 3
6379 708 3
6379 6378 3
6379 6380 3
6383 709 3
6383 6382 3
6383 6384 3
6387 709 3
6387 6386 3
6387 6388 3
6391 710 3
6391 6392 3
6391 6399 3
6395 710 3
6395 6394 3
6395 6396 3
6399 710 3
6399 6391 3
6399 6398 3
6403 711 3
6403 6402 3
6403 6404 3
6407 711 3
6407 6406 3
6407 6408 3
6411 712 3
6411 6410 3
6411 6412 3
6415 712 3
6415 6414 3
6415 6416 3
6419 713 3
6419 6418 3
6419 6420 3
6423 713 3
6423 6422 3
6423 6424 3
6427 714 3
6427 6428 3
6427 6435 3
6431 714 3
6431 6430 3
6431 6432 3
6435 714 3
6435 6427 3
6435 6434 3
6439 715 3
6439 6438 3
6439 6440 3
6443 715 3
6443 6442 3
6443 6444 3
6447 716 3
6447 6446 3
6447 6448 3
6451 716 3
6451 6450 3
6451 6452 3
6455 717 3
6455 6454 3
6455 6456 3
6459 717 3
6459 6458 3
6459 6460 3
6463 718 3
6463 6464 3
6463 6471 3
6467 718 3
6467 6466 3
6467 6468 3
6471 718 3
6471 6463 3
6471 6470 3
6475 719 3
6475 6474 3
6475 6476 3
6479 719 3
6479 6478 3
6479 6480 3
6483 720 3
6483 6482 3
6483 6484 3
6487 720 3
6487 6486 3
6487 6488 3
6491 721 3
6491 6490 3
6491 6492 3
6495 721 3
6495 6494 3
6495 6496 3
6499 722 3
6499 6500 3
6499 6507 3
6503 722 3
6503 6502 3
6503 6504 3
6507 722 3
6507 6499 3
6507 6506 3
6511 723 3
6511 6510 3
6511 6512 3
6515 723 3
6515 6514 3
6515 6516 3
6519 724 3
6519 6518 3
6519 6520 3
6523 724 3
6523 6522 3
6523 6524 3
6527 725 3
6527 6526 3
6527 6528 3
6531 725 3
6531 6530 3
6531 6532 3
6535 726 3
6535 6536 3
6535 6543 3
6539 726 3
6539 6538 3
6539 6540 3
6543 726 3
6543 6535 3
6543 6542 3
6547 727 3
6547 6546 3
6547 6548 3
6551 727 3
6551 6550 3
6551 6552 3
6555 728 3
6555 6554 3
6555 6556 3
6559 728 3
6559 6558 3
6559 6560 3
6563 729 3
6563 6562 3
6563 6564 3
6567 729 3
6567 6566 3
6567 6568 3
6571 730 3
6571 6572 3
6571 6579 3
6575 730 3
6575 6574 3
6575 6576 3
6579 730 3
6579 6571 3
6579 6578 3
6583 731 3
6583 6582 3
6583 6584 3
6587 731 3
6587 6586 3
6587 6588 3
6591 732 3
6591 6590 3
6591 6592 3
6595 732 3
6595 6594 3
6595 6596 3
6599 733 3
6599 6598 3
6599 6600 3
6603 733 3
6603 6602 3
6603 6604 3
6607 734 3
6607 6608 3
6607 6615 3
6611 734 3
6611 6610 3
6611 6612 3
6615 734 3
6615 6607 3
6615 6614 3
6619 735 3
6619 6618 3
6619 6620 3
6623 735 3
6623 6622 3
6623 6624 3
6627 736 3
6627 6626 3
6627 6628 3
6631 736 3
6631 6630 3
6631 6632 3
6635 737 3
6635 6634 3
6635 6636 3
6639 737 3
6639 6638 3
6639 6640 3
6643 738 3
6643 6644 3
6643 6651 3
6647 738 3
6647 6646 3
6647 6648 3
6651 738 3
6651 6643 3
6651 6650 3
6655 739 3
6655 6654 3
6655 6656 3
6659 739 3
6659 6658 3
6659 6660 3
6663 740 3
6663 6662 3
6663 6664 3
6667 740 3
6667 6666 3
6667 6668 3
6671 741 3
6671 6670 3
6671 6672 3
6675 741 3
6675 6674 3
6675 6676 3
6679 742 3
6679 6680 3
6679 6687 3
6683 742 3
6683 6682 3
6683 6684 3
6687 742 3
6687 6679 3
6687 6686 3
6691 743 3
6691 6690 3
6691 6692 3
6695 743 3
6695 6694 3
6695 6696 3
6699 744 3
6699 6698 3
6699 6700 3
6703 744 3
6703 6702 3
6703 6704 3
6707 745 3
6707 6706 3
6707 6708 3
6711 745 3
6711 6710 3
6711 6712 3
6715 746 3
6715 6716 3
6715 6723 3
6719 746 3
6719 6718 3
6719 6720 3
6723 746 3
6723 6715 3
6723 6722 3
6727 747 3
6727 6726 3
6727 6728 3
6731 747 3
6731 6730 3
6731 6732 3
6735 748 3
6735 6734 3
6735 6736 3
6739 748 3
6739 6738 3
6739 6740 3
6743 749 3
6743 6742 3
6743 6744 3
6747 749 3
6747 6746 3
6747 6748 3
6751 750 3
6751 6752 3
6751 6759 3
6755 750 3
6755 6754 3
6755 6756 3
6759 750 3
6759 6751 3
6759 6758 3
6763 751 3
6763 6762 3
6763 6764 3
6767 751 3
6767 6766 3
6767 6768 3
6771 752 3
6771 6770 3
6771 6772 3
6775 752 3
6775 6774 3
6775 6776 3
6779 753 3
6779 6778 3
6779 6780 3
6783 753 3
6783 6782 3
6783 6784 3
6787 754 3
6787 6788 3
6787 6795 3
6791 754 3
6791 6790 3
6791 6792 3
6795 754 3
6795 6787 3
6795 6794 3
6799 755 3
6799 6798 3
6799 6800 3
6803 755 3
6803 6802 3
6803 6804 3
6807 756 3
6807 6806 3
6807 6808 3
6811 756 3
6811 6810 3
6811 6812 3
6815 757 3
6815 6814 3
6815 6816 3
6819 757 3
6819 6818 3
6819 6820 3
6823 758 3
6823 6824 3
6823 6831 3
6827 758 3
6827 6826 3
6827 6828 3
6831 758 3
6831 6823 3
6831 6830 3
6835 759 3
6835 6834 3
6835 6836 3
6839 759 3
6839 6838 3
6839 6840 3
6843 760 3
6843 6842 3
6843 6844 3
6847 760 3
6847 6846 3
6847 6848 3
6851 761 3
6851 6850 3
6851 6852 3
6855 761 3
6855 6854 3
6855 6856 3
6859 762 3
6859 6860 3
6859 6867 3
6863 762 3
6863 6862 3
6863 6864 3
6867 762 3
6867 6859 3
6867 6866 3
6871 763 3
6871 6870 3
6871 6872 3
6875 763 3
6875 6874 3
6875 6876 3
6879 764 3
6879 6878 3
6879 6880 3
6883 764 3
6883 6882 3
6883 6884 3
6887 765 3
6887 6886 3
6887 6888 3
6891 765 3
6891 6890 3
6891 6892 3
6895 766 3
6895 6896 3
6895 6903 3
6899 766 3
6899 6898 3
6899 6900 3
6903 766 3
6903 6895 3
6903 6902 3
6907 767 3
6907 6906 3
6907 6908 3
6911 767 3
6911 6910 3
6911 6912 3
6915 768 3
6915 6914 3
6915 6916 3
6919 768 3
6919 6918 3
6919 6920 3
6923 769 3
6923 6922 3
6923 6924 3
6927 769 3
6927 6926 3
6927 6928 3
6931 770 3
6931 6932 3
6931 6939 3
6935 770 3
6935 6934 3
6935 6936 3
6939 770 3
6939 6931 3
6939 6938 3
6943 771 3
6943 6942 3
6943 6944 3
6947 771 3
6947 6946 3
6947 6948 3
6951 772 3
6951 6950 3
6951 6952 3
6955 772 3
6955 6954 3
6955 6956 3
6959 773 3
6959 6958 3
6959 6960 3
6963 773 3
6963 6962 3
6963 6964 3
6967 774 3
6967 6968 3
6967 6975 3
6971 774 3
6971 6970 3
6971 6972 3
6975 774 3
6975 6967 3
6975 6974 3
6979 775 3
6979 6978 3
6979 6980 3
6983 775 3
6983 6982 3
6983 6984 3
6987 776 3
6987 6986 3
6987 6988 3
6991 776 3
6991 6990 3
6991 6992 3
6995 777 3
6995 6994 3
6995 6996 3
6999 777 3
6999 6998 3
6999 7000 3
7003 778 3
7003 7004 3
7003 7011 3
7007 778 3
7007 7006 3
7007 7008 3
7011 778 3
7011 7003 3
7011 7010 3
7015 779 3
7015 7014 3
7015 7016 3
7019 779 3
7019 7018 3
7019 7020 3
7023 780 3
7023 7022 3
7023 7024 3
7027 780 3
7027 7026 3
7027 7028 3
7031 781 3
7031 7030 3
7031 7032 3
7035 781 3
7035 7034 3
7035 7036 3
7039 782 3
7039 7040 3
7039 7047 3
7043 782 3
7043 7042 3
7043 7044 3
7047 782 3
7047 7039 3
7047 7046 3
7051 783 3
7051 7050 3
7051 7052 3
7055 783 3
7055 7054 3
7055 7056 3
7059 784 3
7059 7058 3
7059 7060 3
7063 784 3
7063 7062 3
7063 7064 3
7067 785 3
7067 7066 3
7067 7068 3
7071 785 3
7071 7070 3
7071 7072 3
7075 786 3
7075 7076 3
7075 7083 3
7079 786 3
7079 7078 3
7079 7080 3
7083 786 3
7083 7075 3
7083 7082 3
7087 787 3
7087 7086 3
7087 7088 3
7091 787 3
7091 7090 3
7091 7092 3
7095 788 3
7095 7094 3
7095 7096 3
7099 788 3
7099 7098 3
7099 7100 3
7103 789 3
7103 7102 3
7103 7104 3
7107 789 3
7107 7106 3
7107 7108 3
7111 790 3
7111 7112 3
7111 7119 3
7115 790 3
7115 7114 3
7115 7116 3
7119 790 3
7119 7111 3
7119 7118 3
7123 791 3
7123 7122 3
7123 7124 3
7127 791 3
7127 7126 3
7127 7128 3
7131 792 3
7131 7130 3
7131 7132 3
7135 792 3
7135 7134 3
7135 7136 3
7139 793 3
7139 7138 3
7139 7140 3
7143 793 3
7143 7142 3
7143 7144 3
7147 794 3
7147 7148 3
7147 7155 3
7151 794 3
7151 7150 3
7151 7152 3
7155 794 3
7155 7147 3
7155 7154 3
7159 795 3
7159 7158 3
7159 7160 3
7163 795 3
7163 7162 3
7163 7164 3
7167 796 3
7167 7166 3
7167 7168 3
7171 796 3
7171 7170 3
7171 7172 3
7175 797 3
7175 7174 3
7175 7176 3
7179 797 3
7179 7178 3
7179 7180 3
7183 798 3
7183 7184 3
7183 7191 3
7187 798 3
7187 7186 3
7187 7188 3
7191 798 3
7191 7183 3
7191 7190 3
7195 799 3
7195 7194 3
7195 7196 3
7199 799 3
7199 7198 3
7199 7200 3
7203 800 3
7203 7202 3
7203 7204 3
7207 800 3
7207 7206 3
7207 7208 3
7211 801 3
7211 7210 3
7211 7212 3
7215 801 3
7215 7214 3
7215 7216 3
7219 802 3
7219 7220 3
7219 7227 3
7223 802 3
7223 7222 3
7223 7224 3
7227 802 3
7227 7219 3
7227 7226 3
7231 803 3
7231 7230 3
7231 7232 3
7235 803 3
7235 7234 3
7235 7236 3
7239 804 3
7239 7238 3
7239 7240 3
7243 804 3
7243 7242 3
7243 7244 3
7247 805 3
7247 7246 3
7247 7248 3
7251 805 3
7251 7250 3
7251 7252 3
7255 806 3
7255 7256 3
7255 7263 3
7259 806 3
7259 7258 3
7259 7260 3
7263 806 3
7263 7255 3
7263 7262 3
7267 807 3
7267 7266 3
7267 7268 3
7271 807 3
7271 7270 3
7271 7272 3
7275 808 3
7275 7274 3
7275 7276 3
7279 808 3
7279 7278 3
7279 7280 3
7283 809 3
7283 7282 3
7283 7284 3
7287 809 3
7287 7286 3
7287 7288 3
7291 810 3
7291 7292 3
7291 7299 3
7295 810 3
7295 7294 3
7295 7296 3
7299 810 3
7299 7291 3
7299 7298 3
7303 811 3
7303 7302 3
7303 7304 3
7307 811 3
7307 7306 3
7307 7308 3
7311 812 3
7311 7310 3
7311 7312 3
7315 812 3
7315 7314 3
7315 7316 3
7319 813 3
7319 7318 3
7319 7320 3
7323 813 3
7323 7322 3
7323 7324 3
7327 814 3
7327 7328 3
7327 7335 3
7331 814 3
7331 7330 3
7331 7332 3
7335 814 3
7335 7327 3
7335 7334 3
7339 815 3
7339 7338 3
7339 7340 3
7343 815 3
7343 7342 3
7343 7344 3
7347 816 3
7347 7346 3
7347 7348 3
7351 816 3
7351 7350 3
7351 7352 3
7355 817 3
7355 7354 3
7355 7356 3
7359 817 3
7359 7358 3
7359 7360 3
7363 818 3
7363 7364 3
7363 7371 3
7367 818 3
7367 7366 3
7367 7368 3
7371 818 3
7371 7363 3
7371 7370 3
7375 819 3
7375 7374 3
7375 7376 3
7379 819 3
7379 7378 3
7379 7380 3
