1845
7380
1 0 3
1 2 3
1 9 3
1 10 3
1 11 3
1 12 3
1 13 3
1 14 3
1 15 3
1 16 3
1 17 3
1 18 3
5 0 3
5 4 3
5 6 3
5 46 3
5 47 3
5 48 3
5 49 3
5 50 3
5 51 3
5 52 3
5 53 3
5 54 3
9 0 3
9 1 3
9 8 3
9 82 3
9 83 3
9 84 3
9 85 3
9 86 3
9 87 3
9 88 3
9 89 3
9 90 3
13 1 3
13 12 3
13 14 3
13 118 3
13 119 3
13 120 3
13 121 3
13 122 3
13 123 3
13 124 3
13 125 3
13 126 3
17 1 3
17 16 3
17 18 3
17 154 3
17 155 3
17 156 3
17 157 3
17 158 3
17 159 3
17 160 3
17 161 3
17 162 3
21 2 3
21 20 3
21 22 3
21 190 3
21 191 3
21 192 3
21 193 3
21 194 3
21 195 3
21 196 3
21 197 3
21 198 3
25 2 3
25 24 3
25 26 3
25 226 3
25 227 3
25 228 3
25 229 3
25 230 3
25 231 3
25 232 3
25 233 3
25 234 3
29 3 3
29 28 3
29 30 3
29 262 3
29 263 3
29 264 3
29 265 3
29 266 3
29 267 3
29 268 3
29 269 3
29 270 3
33 3 3
33 32 3
33 34 3
33 298 3
33 299 3
33 300 3
33 301 3
33 302 3
33 303 3
33 304 3
33 305 3
33 306 3
37 4 3
37 38 3
37 45 3
37 334 3
37 335 3
37 336 3
37 337 3
37 338 3
37 339 3
37 340 3
37 341 3
37 342 3
41 4 3
41 40 3
41 42 3
41 370 3
41 371 3
41 372 3
41 373 3
41 374 3
41 375 3
41 376 3
41 377 3
41 378 3
45 4 3
45 37 3
45 44 3
45 406 3
45 407 3
45 408 3
45 409 3
45 410 3
45 411 3
45 412 3
45 413 3
45 414 3
49 5 3
49 48 3
49 50 3
49 442 3
49 443 3
49 444 3
49 445 3
49 446 3
49 447 3
49 448 3
49 449 3
49 450 3
53 5 3
53 52 3
53 54 3
53 478 3
53 479 3
53 480 3
53 481 3
53 482 3
53 483 3
53 484 3
53 485 3
53 486 3
57 6 3
57 56 3
57 58 3
57 514 3
57 515 3
57 516 3
57 517 3
57 518 3
57 519 3
57 520 3
57 521 3
57 522 3
61 6 3
61 60 3
61 62 3
61 550 3
61 551 3
61 552 3
61 553 3
61 554 3
61 555 3
61 556 3
61 557 3
61 558 3
65 7 3
65 64 3
65 66 3
65 586 3
65 587 3
65 588 3
65 589 3
65 590 3
65 591 3
65 592 3
65 593 3
65 594 3
69 7 3
69 68 3
69 70 3
69 622 3
69 623 3
69 624 3
69 625 3
69 626 3
69 627 3
69 628 3
69 629 3
69 630 3
73 8 3
73 74 3
73 81 3
73 658 3
73 659 3
73 660 3
73 661 3
73 662 3
73 663 3
73 664 3
73 665 3
73 666 3
77 8 3
77 76 3
77 78 3
77 694 3
77 695 3
77 696 3
77 697 3
77 698 3
77 699 3
77 700 3
77 701 3
77 702 3
81 8 3
81 73 3
81 80 3
81 730 3
81 731 3
81 732 3
81 733 3
81 734 3
81 735 3
81 736 3
81 737 3
81 738 3
85 9 3
85 84 3
85 86 3
85 766 3
85 767 3
85 768 3
85 769 3
85 770 3
85 771 3
85 772 3
85 773 3
85 774 3
89 9 3
89 88 3
89 90 3
89 802 3
89 803 3
89 804 3
89 805 3
89 806 3
89 807 3
89 808 3
89 809 3
89 810 3
93 10 3
93 92 3
93 94 3
93 838 3
93 839 3
93 840 3
93 841 3
93 842 3
93 843 3
93 844 3
93 845 3
93 846 3
97 10 3
97 96 3
97 98 3
97 874 3
97 875 3
97 876 3
97 877 3
97 878 3
97 879 3
97 880 3
97 881 3
97 882 3
101 11 3
101 100 3
101 102 3
101 910 3
101 911 3
101 912 3
101 913 3
101 914 3
101 915 3
101 916 3
101 917 3
101 918 3
105 11 3
105 104 3
105 106 3
105 946 3
105 947 3
105 948 3
105 949 3
105 950 3
105 951 3
105 952 3
105 953 3
105 954 3
109 12 3
109 110 3
109 117 3
109 982 3
109 983 3
109 984 3
109 985 3
109 986 3
109 987 3
109 988 3
109 989 3
109 990 3
113 12 3
113 112 3
113 114 3
113 1018 3
113 1019 3
113 1020 3
113 1021 3
113 1022 3
113 1023 3
113 1024 3
113 1025 3
113 1026 3
117 12 3
117 109 3
117 116 3
117 1054 3
117 1055 3
117 1056 3
117 1057 3
117 1058 3
117 1059 3
117 1060 3
117 1061 3
117 1062 3
121 13 3
121 120 3
121 122 3
121 1090 3
121 1091 3
121 1092 3
121 1093 3
121 1094 3
121 1095 3
121 1096 3
121 1097 3
121 1098 3
125 13 3
125 124 3
125 126 3
125 1126 3
125 1127 3
125 1128 3
125 1129 3
125 1130 3
125 1131 3
125 1132 3
125 1133 3
125 1134 3
129 14 3
129 128 3
129 130 3
129 1162 3
129 1163 3
129 1164 3
129 1165 3
129 1166 3
129 1167 3
129 1168 3
129 1169 3
129 1170 3
133 14 3
133 132 3
133 134 3
133 1198 3
133 1199 3
133 1200 3
133 1201 3
133 1202 3
133 1203 3
133 1204 3
133 1205 3
133 1206 3
137 15 3
137 136 3
137 138 3
137 1234 3
137 1235 3
137 1236 3
137 1237 3
137 1238 3
137 1239 3
137 1240 3
137 1241 3
137 1242 3
141 15 3
141 140 3
141 142 3
141 1270 3
141 1271 3
141 1272 3
141 1273 3
141 1274 3
141 1275 3
141 1276 3
141 1277 3
141 1278 3
145 16 3
145 146 3
145 153 3
145 1306 3
145 1307 3
145 1308 3
145 1309 3
145 1310 3
145 1311 3
145 1312 3
145 1313 3
145 1314 3
149 16 3
149 148 3
149 150 3
149 1342 3
149 1343 3
149 1344 3
149 1345 3
149 1346 3
149 1347 3
149 1348 3
149 1349 3
149 1350 3
153 16 3
153 145 3
153 152 3
153 1378 3
153 1379 3
153 1380 3
153 1381 3
153 1382 3
153 1383 3
153 1384 3
153 1385 3
153 1386 3
157 17 3
157 156 3
157 158 3
157 1414 3
157 1415 3
157 1416 3
157 1417 3
157 1418 3
157 1419 3
157 1420 3
157 1421 3
157 1422 3
161 17 3
161 160 3
161 162 3
161 1450 3
161 1451 3
161 1452 3
161 1453 3
161 1454 3
161 1455 3
161 1456 3
161 1457 3
161 1458 3
165 18 3
165 164 3
165 166 3
165 1486 3
165 1487 3
165 1488 3
165 1489 3
165 1490 3
165 1491 3
165 1492 3
165 1493 3
165 1494 3
169 18 3
169 168 3
169 170 3
169 1522 3
169 1523 3
169 1524 3
169 1525 3
169 1526 3
169 1527 3
169 1528 3
169 1529 3
169 1530 3
173 19 3
173 172 3
173 174 3
173 1558 3
173 1559 3
173 1560 3
173 1561 3
173 1562 3
173 1563 3
173 1564 3
173 1565 3
173 1566 3
177 19 3
177 176 3
177 178 3
177 1594 3
177 1595 3
177 1596 3
177 1597 3
177 1598 3
177 1599 3
177 1600 3
177 1601 3
177 1602 3
181 20 3
181 182 3
181 189 3
181 1630 3
181 1631 3
181 1632 3
181 1633 3
181 1634 3
181 1635 3
181 1636 3
181 1637 3
181 1638 3
185 20 3
185 184 3
185 186 3
185 1666 3
185 1667 3
185 1668 3
185 1669 3
185 1670 3
185 1671 3
185 1672 3
185 1673 3
185 1674 3
189 20 3
189 181 3
189 188 3
189 1702 3
189 1703 3
189 1704 3
189 1705 3
189 1706 3
189 1707 3
189 1708 3
189 1709 3
189 1710 3
193 21 3
193 192 3
193 194 3
193 1738 3
193 1739 3
193 1740 3
193 1741 3
193 1742 3
193 1743 3
193 1744 3
193 1745 3
193 1746 3
197 21 3
197 196 3
197 198 3
197 1774 3
197 1775 3
197 1776 3
197 1777 3
197 1778 3
197 1779 3
197 1780 3
197 1781 3
197 1782 3
201 22 3
201 200 3
201 202 3
201 1810 3
201 1811 3
201 1812 3
201 1813 3
201 1814 3
201 1815 3
201 1816 3
201 1817 3
201 1818 3
205 22 3
205 204 3
205 206 3
205 1846 3
205 1847 3
205 1848 3
205 1849 3
205 1850 3
205 1851 3
205 1852 3
205 1853 3
205 1854 3
209 23 3
209 208 3
209 210 3
209 1882 3
209 1883 3
209 1884 3
209 1885 3
209 1886 3
209 1887 3
209 1888 3
209 1889 3
209 1890 3
213 23 3
213 212 3
213 214 3
213 1918 3
213 1919 3
213 1920 3
213 1921 3
213 1922 3
213 1923 3
213 1924 3
213 1925 3
213 1926 3
217 24 3
217 218 3
217 225 3
217 1954 3
217 1955 3
217 1956 3
217 1957 3
217 1958 3
217 1959 3
217 1960 3
217 1961 3
217 1962 3
221 24 3
221 220 3
221 222 3
221 1990 3
221 1991 3
221 1992 3
221 1993 3
221 1994 3
221 1995 3
221 1996 3
221 1997 3
221 1998 3
225 24 3
225 217 3
225 224 3
225 2026 3
225 2027 3
225 2028 3
225 2029 3
225 2030 3
225 2031 3
225 2032 3
225 2033 3
225 2034 3
229 25 3
229 228 3
229 230 3
229 2062 3
229 2063 3
229 2064 3
229 2065 3
229 2066 3
229 2067 3
229 2068 3
229 2069 3
229 2070 3
233 25 3
233 232 3
233 234 3
233 2098 3
233 2099 3
233 2100 3
233 2101 3
233 2102 3
233 2103 3
233 2104 3
233 2105 3
233 2106 3
237 26 3
237 236 3
237 238 3
237 2134 3
237 2135 3
237 2136 3
237 2137 3
237 2138 3
237 2139 3
237 2140 3
237 2141 3
237 2142 3
241 26 3
241 240 3
241 242 3
241 2170 3
241 2171 3
241 2172 3
241 2173 3
241 2174 3
241 2175 3
241 2176 3
241 2177 3
241 2178 3
245 27 3
245 244 3
245 246 3
245 2206 3
245 2207 3
245 2208 3
245 2209 3
245 2210 3
245 2211 3
245 2212 3
245 2213 3
245 2214 3
249 27 3
249 248 3
249 250 3
249 2242 3
249 2243 3
249 2244 3
249 2245 3
249 2246 3
249 2247 3
249 2248 3
249 2249 3
249 2250 3
253 28 3
253 254 3
253 261 3
253 2278 3
253 2279 3
253 2280 3
253 2281 3
253 2282 3
253 2283 3
253 2284 3
253 2285 3
253 2286 3
257 28 3
257 256 3
257 258 3
257 2314 3
257 2315 3
257 2316 3
257 2317 3
257 2318 3
257 2319 3
257 2320 3
257 2321 3
257 2322 3
261 28 3
261 253 3
261 260 3
261 2350 3
261 2351 3
261 2352 3
261 2353 3
261 2354 3
261 2355 3
261 2356 3
261 2357 3
261 2358 3
265 29 3
265 264 3
265 266 3
265 2386 3
265 2387 3
265 2388 3
265 2389 3
265 2390 3
265 2391 3
265 2392 3
265 2393 3
265 2394 3
269 29 3
269 268 3
269 270 3
269 2422 3
269 2423 3
269 2424 3
269 2425 3
269 2426 3
269 2427 3
269 2428 3
269 2429 3
269 2430 3
273 30 3
273 272 3
273 274 3
273 2458 3
273 2459 3
273 2460 3
273 2461 3
273 2462 3
273 2463 3
273 2464 3
273 2465 3
273 2466 3
277 30 3
277 276 3
277 278 3
277 2494 3
277 2495 3
277 2496 3
277 2497 3
277 2498 3
277 2499 3
277 2500 3
277 2501 3
277 2502 3
281 31 3
281 280 3
281 282 3
281 2530 3
281 2531 3
281 2532 3
281 2533 3
281 2534 3
281 2535 3
281 2536 3
281 2537 3
281 2538 3
285 31 3
285 284 3
285 286 3
285 2566 3
285 2567 3
285 2568 3
285 2569 3
285 2570 3
285 2571 3
285 2572 3
285 2573 3
285 2574 3
289 32 3
289 290 3
289 297 3
289 2602 3
289 2603 3
289 2604 3
289 2605 3
289 2606 3
289 2607 3
289 2608 3
289 2609 3
289 2610 3
293 32 3
293 292 3
293 294 3
293 2638 3
293 2639 3
293 2640 3
293 2641 3
293 2642 3
293 2643 3
293 2644 3
293 2645 3
293 2646 3
297 32 3
297 289 3
297 296 3
297 2674 3
297 2675 3
297 2676 3
297 2677 3
297 2678 3
297 2679 3
297 2680 3
297 2681 3
297 2682 3
301 33 3
301 300 3
301 302 3
301 2710 3
301 2711 3
301 2712 3
301 2713 3
301 2714 3
301 2715 3
301 2716 3
301 2717 3
301 2718 3
305 33 3
305 304 3
305 306 3
305 2746 3
305 2747 3
305 2748 3
305 2749 3
305 2750 3
305 2751 3
305 2752 3
305 2753 3
305 2754 3
309 34 3
309 308 3
309 310 3
309 2782 3
309 2783 3
309 2784 3
309 2785 3
309 2786 3
309 2787 3
309 2788 3
309 2789 3
309 2790 3
313 34 3
313 312 3
313 314 3
313 2818 3
313 2819 3
313 2820 3
313 2821 3
313 2822 3
313 2823 3
313 2824 3
313 2825 3
313 2826 3
317 35 3
317 316 3
317 318 3
317 2854 3
317 2855 3
317 2856 3
317 2857 3
317 2858 3
317 2859 3
317 2860 3
317 2861 3
317 2862 3
321 35 3
321 320 3
321 322 3
321 2890 3
321 2891 3
321 2892 3
321 2893 3
321 2894 3
321 2895 3
321 2896 3
321 2897 3
321 2898 3
325 36 3
325 326 3
325 333 3
325 2926 3
325 2927 3
325 2928 3
325 2929 3
325 2930 3
325 2931 3
325 2932 3
325 2933 3
325 2934 3
329 36 3
329 328 3
329 330 3
329 2962 3
329 2963 3
329 2964 3
329 2965 3
329 2966 3
329 2967 3
329 2968 3
329 2969 3
329 2970 3
333 36 3
333 325 3
333 332 3
333 2998 3
333 2999 3
333 3000 3
333 3001 3
333 3002 3
333 3003 3
333 3004 3
333 3005 3
333 3006 3
337 37 3
337 336 3
337 338 3
337 3034 3
337 3035 3
337 3036 3
337 3037 3
337 3038 3
337 3039 3
337 3040 3
337 3041 3
337 3042 3
341 37 3
341 340 3
341 342 3
341 3070 3
341 3071 3
341 3072 3
341 3073 3
341 3074 3
341 3075 3
341 3076 3
341 3077 3
341 3078 3
345 38 3
345 344 3
345 346 3
345 3106 3
345 3107 3
345 3108 3
345 3109 3
345 3110 3
345 3111 3
345 3112 3
345 3113 3
345 3114 3
349 38 3
349 348 3
349 350 3
349 3142 3
349 3143 3
349 3144 3
349 3145 3
349 3146 3
349 3147 3
349 3148 3
349 3149 3
349 3150 3
353 39 3
353 352 3
353 354 3
353 3178 3
353 3179 3
353 3180 3
353 3181 3
353 3182 3
353 3183 3
353 3184 3
353 3185 3
353 3186 3
357 39 3
357 356 3
357 358 3
357 3214 3
357 3215 3
357 3216 3
357 3217 3
357 3218 3
357 3219 3
357 3220 3
357 3221 3
357 3222 3
361 40 3
361 362 3
361 369 3
361 3250 3
361 3251 3
361 3252 3
361 3253 3
361 3254 3
361 3255 3
361 3256 3
361 3257 3
361 3258 3
365 40 3
365 364 3
365 366 3
365 3286 3
365 3287 3
365 3288 3
365 3289 3
365 3290 3
365 3291 3
365 3292 3
365 3293 3
365 3294 3
369 40 3
369 361 3
369 368 3
369 3322 3
369 3323 3
369 3324 3
369 3325 3
369 3326 3
369 3327 3
369 3328 3
369 3329 3
369 3330 3
373 41 3
373 372 3
373 374 3
373 3358 3
373 3359 3
373 3360 3
373 3361 3
373 3362 3
373 3363 3
373 3364 3
373 3365 3
373 3366 3
377 41 3
377 376 3
377 378 3
377 3394 3
377 3395 3
377 3396 3
377 3397 3
377 3398 3
377 3399 3
377 3400 3
377 3401 3
377 3402 3
381 42 3
381 380 3
381 382 3
381 3430 3
381 3431 3
381 3432 3
381 3433 3
381 3434 3
381 3435 3
381 3436 3
381 3437 3
381 3438 3
385 42 3
385 384 3
385 386 3
385 3466 3
385 3467 3
385 3468 3
385 3469 3
385 3470 3
385 3471 3
385 3472 3
385 3473 3
385 3474 3
389 43 3
389 388 3
389 390 3
389 3502 3
389 3503 3
389 3504 3
389 3505 3
389 3506 3
389 3507 3
389 3508 3
389 3509 3
389 3510 3
393 43 3
393 392 3
393 394 3
393 3538 3
393 3539 3
393 3540 3
393 3541 3
393 3542 3
393 3543 3
393 3544 3
393 3545 3
393 3546 3
397 44 3
397 398 3
397 405 3
397 3574 3
397 3575 3
397 3576 3
397 3577 3
397 3578 3
397 3579 3
397 3580 3
397 3581 3
397 3582 3
401 44 3
401 400 3
401 402 3
401 3610 3
401 3611 3
401 3612 3
401 3613 3
401 3614 3
401 3615 3
401 3616 3
401 3617 3
401 3618 3
405 44 3
405 397 3
405 404 3
405 3646 3
405 3647 3
405 3648 3
405 3649 3
405 3650 3
405 3651 3
405 3652 3
405 3653 3
405 3654 3
409 45 3
409 408 3
409 410 3
409 3682 3
409 3683 3
409 3684 3
409 3685 3
409 3686 3
409 3687 3
409 3688 3
409 3689 3
409 3690 3
413 45 3
413 412 3
413 414 3
413 3718 3
413 3719 3
413 3720 3
413 3721 3
413 3722 3
413 3723 3
413 3724 3
413 3725 3
413 3726 3
417 46 3
417 416 3
417 418 3
417 3754 3
417 3755 3
417 3756 3
417 3757 3
417 3758 3
417 3759 3
417 3760 3
417 3761 3
417 3762 3
421 46 3
421 420 3
421 422 3
421 3790 3
421 3791 3
421 3792 3
421 3793 3
421 3794 3
421 3795 3
421 3796 3
421 3797 3
421 3798 3
425 47 3
425 424 3
425 426 3
425 3826 3
425 3827 3
425 3828 3
425 3829 3
425 3830 3
425 3831 3
425 3832 3
425 3833 3
425 3834 3
429 47 3
429 428 3
429 430 3
429 3862 3
429 3863 3
429 3864 3
429 3865 3
429 3866 3
429 3867 3
429 3868 3
429 3869 3
429 3870 3
433 48 3
433 434 3
433 441 3
433 3898 3
433 3899 3
433 3900 3
433 3901 3
433 3902 3
433 3903 3
433 3904 3
433 3905 3
433 3906 3
437 48 3
437 436 3
437 438 3
437 3934 3
437 3935 3
437 3936 3
437 3937 3
437 3938 3
437 3939 3
437 3940 3
437 3941 3
437 3942 3
441 48 3
441 433 3
441 440 3
441 3970 3
441 3971 3
441 3972 3
441 3973 3
441 3974 3
441 3975 3
441 3976 3
441 3977 3
441 3978 3
445 49 3
445 444 3
445 446 3
445 4006 3
445 4007 3
445 4008 3
445 4009 3
445 4010 3
445 4011 3
445 4012 3
445 4013 3
445 4014 3
449 49 3
449 448 3
449 450 3
449 4042 3
449 4043 3
449 4044 3
449 4045 3
449 4046 3
449 4047 3
449 4048 3
449 4049 3
449 4050 3
453 50 3
453 452 3
453 454 3
453 4078 3
453 4079 3
453 4080 3
453 4081 3
453 4082 3
453 4083 3
453 4084 3
453 4085 3
453 4086 3
457 50 3
457 456 3
457 458 3
457 4114 3
457 4115 3
457 4116 3
457 4117 3
457 4118 3
457 4119 3
457 4120 3
457 4121 3
457 4122 3
461 51 3
461 460 3
461 462 3
461 4150 3
461 4151 3
461 4152 3
461 4153 3
461 4154 3
461 4155 3
461 4156 3
461 4157 3
461 4158 3
465 51 3
465 464 3
465 466 3
465 4186 3
465 4187 3
465 4188 3
465 4189 3
465 4190 3
465 4191 3
465 4192 3
465 4193 3
465 4194 3
469 52 3
469 470 3
469 477 3
469 4222 3
469 4223 3
469 4224 3
469 4225 3
469 4226 3
469 4227 3
469 4228 3
469 4229 3
469 4230 3
473 52 3
473 472 3
473 474 3
473 4258 3
473 4259 3
473 4260 3
473 4261 3
473 4262 3
473 4263 3
473 4264 3
473 4265 3
473 4266 3
477 52 3
477 469 3
477 476 3
477 4294 3
477 4295 3
477 4296 3
477 4297 3
477 4298 3
477 4299 3
477 4300 3
477 4301 3
477 4302 3
481 53 3
481 480 3
481 482 3
481 4330 3
481 4331 3
481 4332 3
481 4333 3
481 4334 3
481 4335 3
481 4336 3
481 4337 3
481 4338 3
485 53 3
485 484 3
485 486 3
485 4366 3
485 4367 3
485 4368 3
485 4369 3
485 4370 3
485 4371 3
485 4372 3
485 4373 3
485 4374 3
489 54 3
489 488 3
489 490 3
489 4402 3
489 4403 3
489 4404 3
489 4405 3
489 4406 3
489 4407 3
489 4408 3
489 4409 3
489 4410 3
493 54 3
493 492 3
493 494 3
493 4438 3
493 4439 3
493 4440 3
493 4441 3
493 4442 3
493 4443 3
493 4444 3
493 4445 3
493 4446 3
497 55 3
497 496 3
497 498 3
497 4474 3
497 4475 3
497 4476 3
497 4477 3
497 4478 3
497 4479 3
497 4480 3
497 4481 3
497 4482 3
501 55 3
501 500 3
501 502 3
501 4510 3
501 4511 3
501 4512 3
501 4513 3
501 4514 3
501 4515 3
501 4516 3
501 4517 3
501 4518 3
505 56 3
505 506 3
505 513 3
505 4546 3
505 4547 3
505 4548 3
505 4549 3
505 4550 3
505 4551 3
505 4552 3
505 4553 3
505 4554 3
509 56 3
509 508 3
509 510 3
509 4582 3
509 4583 3
509 4584 3
509 4585 3
509 4586 3
509 4587 3
509 4588 3
509 4589 3
509 4590 3
513 56 3
513 505 3
513 512 3
513 4618 3
513 4619 3
513 4620 3
513 4621 3
513 4622 3
513 4623 3
513 4624 3
513 4625 3
513 4626 3
517 57 3
517 516 3
517 518 3
517 4654 3
517 4655 3
517 4656 3
517 4657 3
517 4658 3
517 4659 3
517 4660 3
517 4661 3
517 4662 3
521 57 3
521 520 3
521 522 3
521 4690 3
521 4691 3
521 4692 3
521 4693 3
521 4694 3
521 4695 3
521 4696 3
521 4697 3
521 4698 3
525 58 3
525 524 3
525 526 3
525 4726 3
525 4727 3
525 4728 3
525 4729 3
525 4730 3
525 4731 3
525 4732 3
525 4733 3
525 4734 3
529 58 3
529 528 3
529 530 3
529 4762 3
529 4763 3
529 4764 3
529 4765 3
529 4766 3
529 4767 3
529 4768 3
529 4769 3
529 4770 3
533 59 3
533 532 3
533 534 3
533 4798 3
533 4799 3
533 4800 3
533 4801 3
533 4802 3
533 4803 3
533 4804 3
533 4805 3
533 4806 3
537 59 3
537 536 3
537 538 3
537 4834 3
537 4835 3
537 4836 3
537 4837 3
537 4838 3
537 4839 3
537 4840 3
537 4841 3
537 4842 3
541 60 3
541 542 3
541 549 3
541 4870 3
541 4871 3
541 4872 3
541 4873 3
541 4874 3
541 4875 3
541 4876 3
541 4877 3
541 4878 3
545 60 3
545 544 3
545 546 3
545 4906 3
545 4907 3
545 4908 3
545 4909 3
545 4910 3
545 4911 3
545 4912 3
545 4913 3
545 4914 3
549 60 3
549 541 3
549 548 3
549 4942 3
549 4943 3
549 4944 3
549 4945 3
549 4946 3
549 4947 3
549 4948 3
549 4949 3
549 4950 3
553 61 3
553 552 3
553 554 3
553 4978 3
553 4979 3
553 4980 3
553 4981 3
553 4982 3
553 4983 3
553 4984 3
553 4985 3
553 4986 3
557 61 3
557 556 3
557 558 3
557 5014 3
557 5015 3
557 5016 3
557 5017 3
557 5018 3
557 5019 3
557 5020 3
557 5021 3
557 5022 3
561 62 3
561 560 3
561 562 3
561 5050 3
561 5051 3
561 5052 3
561 5053 3
561 5054 3
561 5055 3
561 5056 3
561 5057 3
561 5058 3
565 62 3
565 564 3
565 566 3
565 5086 3
565 5087 3
565 5088 3
565 5089 3
565 5090 3
565 5091 3
565 5092 3
565 5093 3
565 5094 3
569 63 3
569 568 3
569 570 3
569 5122 3
569 5123 3
569 5124 3
569 5125 3
569 5126 3
569 5127 3
569 5128 3
569 5129 3
569 5130 3
573 63 3
573 572 3
573 574 3
573 5158 3
573 5159 3
573 5160 3
573 5161 3
573 5162 3
573 5163 3
573 5164 3
573 5165 3
573 5166 3
577 64 3
577 578 3
577 585 3
577 5194 3
577 5195 3
577 5196 3
577 5197 3
577 5198 3
577 5199 3
577 5200 3
577 5201 3
577 5202 3
581 64 3
581 580 3
581 582 3
581 5230 3
581 5231 3
581 5232 3
581 5233 3
581 5234 3
581 5235 3
581 5236 3
581 5237 3
581 5238 3
585 64 3
585 577 3
585 584 3
585 5266 3
585 5267 3
585 5268 3
585 5269 3
585 5270 3
585 5271 3
585 5272 3
585 5273 3
585 5274 3
589 65 3
589 588 3
589 590 3
589 5302 3
589 5303 3
589 5304 3
589 5305 3
589 5306 3
589 5307 3
589 5308 3
589 5309 3
589 5310 3
593 65 3
593 592 3
593 594 3
593 5338 3
593 5339 3
593 5340 3
593 5341 3
593 5342 3
593 5343 3
593 5344 3
593 5345 3
593 5346 3
597 66 3
597 596 3
597 598 3
597 5374 3
597 5375 3
597 5376 3
597 5377 3
597 5378 3
597 5379 3
597 5380 3
597 5381 3
597 5382 3
601 66 3
601 600 3
601 602 3
601 5410 3
601 5411 3
601 5412 3
601 5413 3
601 5414 3
601 5415 3
601 5416 3
601 5417 3
601 5418 3
605 67 3
605 604 3
605 606 3
605 5446 3
605 5447 3
605 5448 3
605 5449 3
605 5450 3
605 5451 3
605 5452 3
605 5453 3
605 5454 3
609 67 3
609 608 3
609 610 3
609 5482 3
609 5483 3
609 5484 3
609 5485 3
609 5486 3
609 5487 3
609 5488 3
609 5489 3
609 5490 3
613 68 3
613 614 3
613 621 3
613 5518 3
613 5519 3
613 5520 3
613 5521 3
613 5522 3
613 5523 3
613 5524 3
613 5525 3
613 5526 3
617 68 3
617 616 3
617 618 3
617 5554 3
617 5555 3
617 5556 3
617 5557 3
617 5558 3
617 5559 3
617 5560 3
617 5561 3
617 5562 3
621 68 3
621 613 3
621 620 3
621 5590 3
621 5591 3
621 5592 3
621 5593 3
621 5594 3
621 5595 3
621 5596 3
621 5597 3
621 5598 3
625 69 3
625 624 3
625 626 3
625 5626 3
625 5627 3
625 5628 3
625 5629 3
625 5630 3
625 5631 3
625 5632 3
625 5633 3
625 5634 3
629 69 3
629 628 3
629 630 3
629 5662 3
629 5663 3
629 5664 3
629 5665 3
629 5666 3
629 5667 3
629 5668 3
629 5669 3
629 5670 3
633 70 3
633 632 3
633 634 3
633 5698 3
633 5699 3
633 5700 3
633 5701 3
633 5702 3
633 5703 3
633 5704 3
633 5705 3
633 5706 3
637 70 3
637 636 3
637 638 3
637 5734 3
637 5735 3
637 5736 3
637 5737 3
637 5738 3
637 5739 3
637 5740 3
637 5741 3
637 5742 3
641 71 3
641 640 3
641 642 3
641 5770 3
641 5771 3
641 5772 3
641 5773 3
641 5774 3
641 5775 3
641 5776 3
641 5777 3
641 5778 3
645 71 3
645 644 3
645 646 3
645 5806 3
645 5807 3
645 5808 3
645 5809 3
645 5810 3
645 5811 3
645 5812 3
645 5813 3
645 5814 3
649 72 3
649 650 3
649 657 3
649 5842 3
649 5843 3
649 5844 3
649 5845 3
649 5846 3
649 5847 3
649 5848 3
649 5849 3
649 5850 3
653 72 3
653 652 3
653 654 3
653 5878 3
653 5879 3
653 5880 3
653 5881 3
653 5882 3
653 5883 3
653 5884 3
653 5885 3
653 5886 3
657 72 3
657 649 3
657 656 3
657 5914 3
657 5915 3
657 5916 3
657 5917 3
657 5918 3
657 5919 3
657 5920 3
657 5921 3
657 5922 3
661 73 3
661 660 3
661 662 3
661 5950 3
661 5951 3
661 5952 3
661 5953 3
661 5954 3
661 5955 3
661 5956 3
661 5957 3
661 5958 3
665 73 3
665 664 3
665 666 3
665 5986 3
665 5987 3
665 5988 3
665 5989 3
665 5990 3
665 5991 3
665 5992 3
665 5993 3
665 5994 3
669 74 3
669 668 3
669 670 3
669 6022 3
669 6023 3
669 6024 3
669 6025 3
669 6026 3
669 6027 3
669 6028 3
669 6029 3
669 6030 3
673 74 3
673 672 3
673 674 3
673 6058 3
673 6059 3
673 6060 3
673 6061 3
673 6062 3
673 6063 3
673 6064 3
673 6065 3
673 6066 3
677 75 3
677 676 3
677 678 3
677 6094 3
677 6095 3
677 6096 3
677 6097 3
677 6098 3
677 6099 3
677 6100 3
677 6101 3
677 6102 3
681 75 3
681 680 3
681 682 3
681 6130 3
681 6131 3
681 6132 3
681 6133 3
681 6134 3
681 6135 3
681 6136 3
681 6137 3
681 6138 3
685 76 3
685 686 3
685 693 3
685 6166 3
685 6167 3
685 6168 3
685 6169 3
685 6170 3
685 6171 3
685 6172 3
685 6173 3
685 6174 3
689 76 3
689 688 3
689 690 3
689 6202 3
689 6203 3
689 6204 3
689 6205 3
689 6206 3
689 6207 3
689 6208 3
689 6209 3
689 6210 3
693 76 3
693 685 3
693 692 3
693 6238 3
693 6239 3
693 6240 3
693 6241 3
693 6242 3
693 6243 3
693 6244 3
693 6245 3
693 6246 3
697 77 3
697 696 3
697 698 3
697 6274 3
697 6275 3
697 6276 3
697 6277 3
697 6278 3
697 6279 3
697 6280 3
697 6281 3
697 6282 3
701 77 3
701 700 3
701 702 3
701 6310 3
701 6311 3
701 6312 3
701 6313 3
701 6314 3
701 6315 3
701 6316 3
701 6317 3
701 6318 3
705 78 3
705 704 3
705 706 3
705 6346 3
705 6347 3
705 6348 3
705 6349 3
705 6350 3
705 6351 3
705 6352 3
705 6353 3
705 6354 3
709 78 3
709 708 3
709 710 3
709 6382 3
709 6383 3
709 6384 3
709 6385 3
709 6386 3
709 6387 3
709 6388 3
709 6389 3
709 6390 3
713 79 3
713 712 3
713 714 3
713 6418 3
713 6419 3
713 6420 3
713 6421 3
713 6422 3
713 6423 3
713 6424 3
713 6425 3
713 6426 3
717 79 3
717 716 3
717 718 3
717 6454 3
717 6455 3
717 6456 3
717 6457 3
717 6458 3
717 6459 3
717 6460 3
717 6461 3
717 6462 3
721 80 3
721 722 3
721 729 3
721 6490 3
721 6491 3
721 6492 3
721 6493 3
721 6494 3
721 6495 3
721 6496 3
721 6497 3
721 6498 3
725 80 3
725 724 3
725 726 3
725 6526 3
725 6527 3
725 6528 3
725 6529 3
725 6530 3
725 6531 3
725 6532 3
725 6533 3
725 6534 3
729 80 3
729 721 3
729 728 3
729 6562 3
729 6563 3
729 6564 3
729 6565 3
729 6566 3
729 6567 3
729 6568 3
729 6569 3
729 6570 3
733 81 3
733 732 3
733 734 3
733 6598 3
733 6599 3
733 6600 3
733 6601 3
733 6602 3
733 6603 3
733 6604 3
733 6605 3
733 6606 3
737 81 3
737 736 3
737 738 3
737 6634 3
737 6635 3
737 6636 3
737 6637 3
737 6638 3
737 6639 3
737 6640 3
737 6641 3
737 6642 3
741 82 3
741 740 3
741 742 3
741 6670 3
741 6671 3
741 6672 3
741 6673 3
741 6674 3
741 6675 3
741 6676 3
741 6677 3
741 6678 3
745 82 3
745 744 3
745 746 3
745 6706 3
745 6707 3
745 6708 3
745 6709 3
745 6710 3
745 6711 3
745 6712 3
745 6713 3
745 6714 3
749 83 3
749 748 3
749 750 3
749 6742 3
749 6743 3
749 6744 3
749 6745 3
749 6746 3
749 6747 3
749 6748 3
749 6749 3
749 6750 3
753 83 3
753 752 3
753 754 3
753 6778 3
753 6779 3
753 6780 3
753 6781 3
753 6782 3
753 6783 3
753 6784 3
753 6785 3
753 6786 3
757 84 3
757 758 3
757 765 3
757 6814 3
757 6815 3
757 6816 3
757 6817 3
757 6818 3
757 6819 3
757 6820 3
757 6821 3
757 6822 3
761 84 3
761 760 3
761 762 3
761 6850 3
761 6851 3
761 6852 3
761 6853 3
761 6854 3
761 6855 3
761 6856 3
761 6857 3
761 6858 3
765 84 3
765 757 3
765 764 3
765 6886 3
765 6887 3
765 6888 3
765 6889 3
765 6890 3
765 6891 3
765 6892 3
765 6893 3
765 6894 3
769 85 3
769 768 3
769 770 3
769 6922 3
769 6923 3
769 6924 3
769 6925 3
769 6926 3
769 6927 3
769 6928 3
769 6929 3
769 6930 3
773 85 3
773 772 3
773 774 3
773 6958 3
773 6959 3
773 6960 3
773 6961 3
773 6962 3
773 6963 3
773 6964 3
773 6965 3
773 6966 3
777 86 3
777 776 3
777 778 3
777 6994 3
777 6995 3
777 6996 3
777 6997 3
777 6998 3
777 6999 3
777 7000 3
777 7001 3
777 7002 3
781 86 3
781 780 3
781 782 3
781 7030 3
781 7031 3
781 7032 3
781 7033 3
781 7034 3
781 7035 3
781 7036 3
781 7037 3
781 7038 3
785 87 3
785 784 3
785 786 3
785 7066 3
785 7067 3
785 7068 3
785 7069 3
785 7070 3
785 7071 3
785 7072 3
785 7073 3
785 7074 3
789 87 3
789 788 3
789 790 3
789 7102 3
789 7103 3
789 7104 3
789 7105 3
789 7106 3
789 7107 3
789 7108 3
789 7109 3
789 7110 3
793 88 3
793 794 3
793 801 3
793 7138 3
793 7139 3
793 7140 3
793 7141 3
793 7142 3
793 7143 3
793 7144 3
793 7145 3
793 7146 3
797 88 3
797 796 3
797 798 3
797 7174 3
797 7175 3
797 7176 3
797 7177 3
797 7178 3
797 7179 3
797 7180 3
797 7181 3
797 7182 3
801 88 3
801 793 3
801 800 3
801 7210 3
801 7211 3
801 7212 3
801 7213 3
801 7214 3
801 7215 3
801 7216 3
801 7217 3
801 7218 3
805 89 3
805 804 3
805 806 3
805 7246 3
805 7247 3
805 7248 3
805 7249 3
805 7250 3
805 7251 3
805 7252 3
805 7253 3
805 7254 3
809 89 3
809 808 3
809 810 3
809 7282 3
809 7283 3
809 7284 3
809 7285 3
809 7286 3
809 7287 3
809 7288 3
809 7289 3
809 7290 3
813 90 3
813 812 3
813 814 3
813 7318 3
813 7319 3
813 7320 3
813 7321 3
813 7322 3
813 7323 3
813 7324 3
813 7325 3
813 7326 3
817 90 3
817 816 3
817 818 3
817 7354 3
817 7355 3
817 7356 3
817 7357 3
817 7358 3
817 7359 3
817 7360 3
817 7361 3
817 7362 3
821 91 3
821 820 3
821 822 3
825 91 3
825 824 3
825 826 3
829 92 3
829 830 3
829 837 3
833 92 3
833 832 3
833 834 3
837 92 3
837 829 3
837 836 3
841 93 3
841 840 3
841 842 3
845 93 3
845 844 3
845 846 3
849 94 3
849 848 3
849 850 3
853 94 3
853 852 3
853 854 3
857 95 3
857 856 3
857 858 3
861 95 3
861 860 3
861 862 3
865 96 3
865 866 3
865 873 3
869 96 3
869 868 3
869 870 3
873 96 3
873 865 3
873 872 3
877 97 3
877 876 3
877 878 3
881 97 3
881 880 3
881 882 3
885 98 3
885 884 3
885 886 3
889 98 3
889 888 3
889 890 3
893 99 3
893 892 3
893 894 3
897 99 3
897 896 3
897 898 3
901 100 3
901 902 3
901 909 3
905 100 3
905 904 3
905 906 3
909 100 3
909 901 3
909 908 3
913 101 3
913 912 3
913 914 3
917 101 3
917 916 3
917 918 3
921 102 3
921 920 3
921 922 3
925 102 3
925 924 3
925 926 3
929 103 3
929 928 3
929 930 3
933 103 3
933 932 3
933 934 3
937 104 3
937 938 3
937 945 3
941 104 3
941 940 3
941 942 3
945 104 3
945 937 3
945 944 3
949 105 3
949 948 3
949 950 3
953 105 3
953 952 3
953 954 3
957 106 3
957 956 3
957 958 3
961 106 3
961 960 3
961 962 3
965 107 3
965 964 3
965 966 3
969 107 3
969 968 3
969 970 3
973 108 3
973 974 3
973 981 3
977 108 3
977 976 3
977 978 3
981 108 3
981 973 3
981 980 3
985 109 3
985 984 3
985 986 3
989 109 3
989 988 3
989 990 3
993 110 3
993 992 3
993 994 3
997 110 3
997 996 3
997 998 3
1001 111 3
1001 1000 3
1001 1002 3
1005 111 3
1005 1004 3
1005 1006 3
1009 112 3
1009 1010 3
1009 1017 3
1013 112 3
1013 1012 3
1013 1014 3
1017 112 3
1017 1009 3
1017 1016 3
1021 113 3
1021 1020 3
1021 1022 3
1025 113 3
1025 1024 3
1025 1026 3
1029 114 3
1029 1028 3
1029 1030 3
1033 114 3
1033 1032 3
1033 1034 3
1037 115 3
1037 1036 3
1037 1038 3
1041 115 3
1041 1040 3
1041 1042 3
1045 116 3
1045 1046 3
1045 1053 3
1049 116 3
1049 1048 3
1049 1050 3
1053 116 3
1053 1045 3
1053 1052 3
1057 117 3
1057 1056 3
1057 1058 3
1061 117 3
1061 1060 3
1061 1062 3
1065 118 3
1065 1064 3
1065 1066 3
1069 118 3
1069 1068 3
1069 1070 3
1073 119 3
1073 1072 3
1073 1074 3
1077 119 3
1077 1076 3
1077 1078 3
1081 120 3
1081 1082 3
1081 1089 3
1085 120 3
1085 1084 3
1085 1086 3
1089 120 3
1089 1081 3
1089 1088 3
1093 121 3
1093 1092 3
1093 1094 3
1097 121 3
1097 1096 3
1097 1098 3
1101 122 3
1101 1100 3
1101 1102 3
1105 122 3
1105 1104 3
1105 1106 3
1109 123 3
1109 1108 3
1109 1110 3
1113 123 3
1113 1112 3
1113 1114 3
1117 124 3
1117 1118 3
1117 1125 3
1121 124 3
1121 1120 3
1121 1122 3
1125 124 3
1125 1117 3
1125 1124 3
1129 125 3
1129 1128 3
1129 1130 3
1133 125 3
1133 1132 3
1133 1134 3
1137 126 3
1137 1136 3
1137 1138 3
1141 126 3
1141 1140 3
1141 1142 3
1145 127 3
1145 1144 3
1145 1146 3
1149 127 3
1149 1148 3
1149 1150 3
1153 128 3
1153 1154 3
1153 1161 3
1157 128 3
1157 1156 3
1157 1158 3
1161 128 3
1161 1153 3
1161 1160 3
1165 129 3
1165 1164 3
1165 1166 3
1169 129 3
1169 1168 3
1169 1170 3
1173 130 3
1173 1172 3
1173 1174 3
1177 130 3
1177 1176 3
1177 1178 3
1181 131 3
1181 1180 3
1181 1182 3
1185 131 3
1185 1184 3
1185 1186 3
1189 132 3
1189 1190 3
1189 1197 3
1193 132 3
1193 1192 3
1193 1194 3
1197 132 3
1197 1189 3
1197 1196 3
1201 133 3
1201 1200 3
1201 1202 3
1205 133 3
1205 1204 3
1205 1206 3
1209 134 3
1209 1208 3
1209 1210 3
1213 134 3
1213 1212 3
1213 1214 3
1217 135 3
1217 1216 3
1217 1218 3
1221 135 3
1221 1220 3
1221 1222 3
1225 136 3
1225 1226 3
1225 1233 3
1229 136 3
1229 1228 3
1229 1230 3
1233 136 3
1233 1225 3
1233 1232 3
1237 137 3
1237 1236 3
1237 1238 3
1241 137 3
1241 1240 3
1241 1242 3
1245 138 3
1245 1244 3
1245 1246 3
1249 138 3
1249 1248 3
1249 1250 3
1253 139 3
1253 1252 3
1253 1254 3
1257 139 3
1257 1256 3
1257 1258 3
1261 140 3
1261 1262 3
1261 1269 3
1265 140 3
1265 1264 3
1265 1266 3
1269 140 3
1269 1261 3
1269 1268 3
1273 141 3
1273 1272 3
1273 1274 3
1277 141 3
1277 1276 3
1277 1278 3
1281 142 3
1281 1280 3
1281 1282 3
1285 142 3
1285 1284 3
1285 1286 3
1289 143 3
1289 1288 3
1289 1290 3
1293 143 3
1293 1292 3
1293 1294 3
1297 144 3
1297 1298 3
1297 1305 3
1301 144 3
1301 1300 3
1301 1302 3
1305 144 3
1305 1297 3
1305 1304 3
1309 145 3
1309 1308 3
1309 1310 3
1313 145 3
1313 1312 3
1313 1314 3
1317 146 3
1317 1316 3
1317 1318 3
1321 146 3
1321 1320 3
1321 1322 3
1325 147 3
1325 1324 3
1325 1326 3
1329 147 3
1329 1328 3
1329 1330 3
1333 148 3
1333 1334 3
1333 1341 3
1337 148 3
1337 1336 3
1337 1338 3
1341 148 3
1341 1333 3
1341 1340 3
1345 149 3
1345 1344 3
1345 1346 3
1349 149 3
1349 1348 3
1349 1350 3
1353 150 3
1353 1352 3
1353 1354 3
1357 150 3
1357 1356 3
1357 1358 3
1361 151 3
1361 1360 3
1361 1362 3
1365 151 3
1365 1364 3
1365 1366 3
1369 152 3
1369 1370 3
1369 1377 3
1373 152 3
1373 1372 3
1373 1374 3
1377 152 3
1377 1369 3
1377 1376 3
1381 153 3
1381 1380 3
1381 1382 3
1385 153 3
1385 1384 3
1385 1386 3
1389 154 3
1389 1388 3
1389 1390 3
1393 154 3
1393 1392 3
1393 1394 3
1397 155 3
1397 1396 3
1397 1398 3
1401 155 3
1401 1400 3
1401 1402 3
1405 156 3
1405 1406 3
1405 1413 3
1409 156 3
1409 1408 3
1409 1410 3
1413 156 3
1413 1405 3
1413 1412 3
1417 157 3
1417 1416 3
1417 1418 3
1421 157 3
1421 1420 3
1421 1422 3
1425 158 3
1425 1424 3
1425 1426 3
1429 158 3
1429 1428 3
1429 1430 3
1433 159 3
1433 1432 3
1433 1434 3
1437 159 3
1437 1436 3
1437 1438 3
1441 160 3
1441 1442 3
1441 1449 3
1445 160 3
1445 1444 3
1445 1446 3
1449 160 3
1449 1441 3
1449 1448 3
1453 161 3
1453 1452 3
1453 1454 3
1457 161 3
1457 1456 3
1457 1458 3
1461 162 3
1461 1460 3
1461 1462 3
1465 162 3
1465 1464 3
1465 1466 3
1469 163 3
1469 1468 3
1469 1470 3
1473 163 3
1473 1472 3
1473 1474 3
1477 164 3
1477 1478 3
1477 1485 3
1481 164 3
1481 1480 3
1481 1482 3
1485 164 3
1485 1477 3
1485 1484 3
1489 165 3
1489 1488 3
1489 1490 3
1493 165 3
1493 1492 3
1493 1494 3
1497 166 3
1497 1496 3
1497 1498 3
1501 166 3
1501 1500 3
1501 1502 3
1505 167 3
1505 1504 3
1505 1506 3
1509 167 3
1509 1508 3
1509 1510 3
1513 168 3
1513 1514 3
1513 1521 3
1517 168 3
1517 1516 3
1517 1518 3
1521 168 3
1521 1513 3
1521 1520 3
1525 169 3
1525 1524 3
1525 1526 3
1529 169 3
1529 1528 3
1529 1530 3
1533 170 3
1533 1532 3
1533 1534 3
1537 170 3
1537 1536 3
1537 1538 3
1541 171 3
1541 1540 3
1541 1542 3
1545 171 3
1545 1544 3
1545 1546 3
1549 172 3
1549 1550 3
1549 1557 3
1553 172 3
1553 1552 3
1553 1554 3
1557 172 3
1557 1549 3
1557 1556 3
1561 173 3
1561 1560 3
1561 1562 3
1565 173 3
1565 1564 3
1565 1566 3
1569 174 3
1569 1568 3
1569 1570 3
1573 174 3
1573 1572 3
1573 1574 3
1577 175 3
1577 1576 3
1577 1578 3
1581 175 3
1581 1580 3
1581 1582 3
1585 176 3
1585 1586 3
1585 1593 3
1589 176 3
1589 1588 3
1589 1590 3
1593 176 3
1593 1585 3
1593 1592 3
1597 177 3
1597 1596 3
1597 1598 3
1601 177 3
1601 1600 3
1601 1602 3
1605 178 3
1605 1604 3
1605 1606 3
1609 178 3
1609 1608 3
1609 1610 3
1613 179 3
1613 1612 3
1613 1614 3
1617 179 3
1617 1616 3
1617 1618 3
1621 180 3
1621 1622 3
1621 1629 3
1625 180 3
1625 1624 3
1625 1626 3
1629 180 3
1629 1621 3
1629 1628 3
1633 181 3
1633 1632 3
1633 1634 3
1637 181 3
1637 1636 3
1637 1638 3
1641 182 3
1641 1640 3
1641 1642 3
1645 182 3
1645 1644 3
1645 1646 3
1649 183 3
1649 1648 3
1649 1650 3
1653 183 3
1653 1652 3
1653 1654 3
1657 184 3
1657 1658 3
1657 1665 3
1661 184 3
1661 1660 3
1661 1662 3
1665 184 3
1665 1657 3
1665 1664 3
1669 185 3
1669 1668 3
1669 1670 3
1673 185 3
1673 1672 3
1673 1674 3
1677 186 3
1677 1676 3
1677 1678 3
1681 186 3
1681 1680 3
1681 1682 3
1685 187 3
1685 1684 3
1685 1686 3
1689 187 3
1689 1688 3
1689 1690 3
1693 188 3
1693 1694 3
1693 1701 3
1697 188 3
1697 1696 3
1697 1698 3
1701 188 3
1701 1693 3
1701 1700 3
1705 189 3
1705 1704 3
1705 1706 3
1709 189 3
1709 1708 3
1709 1710 3
1713 190 3
1713 1712 3
1713 1714 3
1717 190 3
1717 1716 3
1717 1718 3
1721 191 3
1721 1720 3
1721 1722 3
1725 191 3
1725 1724 3
1725 1726 3
1729 192 3
1729 1730 3
1729 1737 3
1733 192 3
1733 1732 3
1733 1734 3
1737 192 3
1737 1729 3
1737 1736 3
1741 193 3
1741 1740 3
1741 1742 3
1745 193 3
1745 1744 3
1745 1746 3
1749 194 3
1749 1748 3
1749 1750 3
1753 194 3
1753 1752 3
1753 1754 3
1757 195 3
1757 1756 3
1757 1758 3
1761 195 3
1761 1760 3
1761 1762 3
1765 196 3
1765 1766 3
1765 1773 3
1769 196 3
1769 1768 3
1769 1770 3
1773 196 3
1773 1765 3
1773 1772 3
1777 197 3
1777 1776 3
1777 1778 3
1781 197 3
1781 1780 3
1781 1782 3
1785 198 3
1785 1784 3
1785 1786 3
1789 198 3
1789 1788 3
1789 1790 3
1793 199 3
1793 1792 3
1793 1794 3
1797 199 3
1797 1796 3
1797 1798 3
1801 200 3
1801 1802 3
1801 1809 3
1805 200 3
1805 1804 3
1805 1806 3
1809 200 3
1809 1801 3
1809 1808 3
1813 201 3
1813 1812 3
1813 1814 3
1817 201 3
1817 1816 3
1817 1818 3
1821 202 3
1821 1820 3
1821 1822 3
1825 202 3
1825 1824 3
1825 1826 3
1829 203 3
1829 1828 3
1829 1830 3
1833 203 3
1833 1832 3
1833 1834 3
1837 204 3
1837 1838 3
1837 1845 3
1841 204 3
1841 1840 3
1841 1842 3
1845 204 3
1845 1837 3
1845 1844 3
1849 205 3
1849 1848 3
1849 1850 3
1853 205 3
1853 1852 3
1853 1854 3
1857 206 3
1857 1856 3
1857 1858 3
1861 206 3
1861 1860 3
1861 1862 3
1865 207 3
1865 1864 3
1865 1866 3
1869 207 3
1869 1868 3
1869 1870 3
1873 208 3
1873 1874 3
1873 1881 3
1877 208 3
1877 1876 3
1877 1878 3
1881 208 3
1881 1873 3
1881 1880 3
1885 209 3
1885 1884 3
1885 1886 3
1889 209 3
1889 1888 3
1889 1890 3
1893 210 3
1893 1892 3
1893 1894 3
1897 210 3
1897 1896 3
1897 1898 3
1901 211 3
1901 1900 3
1901 1902 3
1905 211 3
1905 1904 3
1905 1906 3
1909 212 3
1909 1910 3
1909 1917 3
1913 212 3
1913 1912 3
1913 1914 3
1917 212 3
1917 1909 3
1917 1916 3
1921 213 3
1921 1920 3
1921 1922 3
1925 213 3
1925 1924 3
1925 1926 3
1929 214 3
1929 1928 3
1929 1930 3
1933 214 3
1933 1932 3
1933 1934 3
1937 215 3
1937 1936 3
1937 1938 3
1941 215 3
1941 1940 3
1941 1942 3
1945 216 3
1945 1946 3
1945 1953 3
1949 216 3
1949 1948 3
1949 1950 3
1953 216 3
1953 1945 3
1953 1952 3
1957 217 3
1957 1956 3
1957 1958 3
1961 217 3
1961 1960 3
1961 1962 3
1965 218 3
1965 1964 3
1965 1966 3
1969 218 3
1969 1968 3
1969 1970 3
1973 219 3
1973 1972 3
1973 1974 3
1977 219 3
1977 1976 3
1977 1978 3
1981 220 3
1981 1982 3
1981 1989 3
1985 220 3
1985 1984 3
1985 1986 3
1989 220 3
1989 1981 3
1989 1988 3
1993 221 3
1993 1992 3
1993 1994 3
1997 221 3
1997 1996 3
1997 1998 3
2001 222 3
2001 2000 3
2001 2002 3
2005 222 3
2005 2004 3
2005 2006 3
2009 223 3
2009 2008 3
2009 2010 3
2013 223 3
2013 2012 3
2013 2014 3
2017 224 3
2017 2018 3
2017 2025 3
2021 224 3
2021 2020 3
2021 2022 3
2025 224 3
2025 2017 3
2025 2024 3
2029 225 3
2029 2028 3
2029 2030 3
2033 225 3
2033 2032 3
2033 2034 3
2037 226 3
2037 2036 3
2037 2038 3
2041 226 3
2041 2040 3
2041 2042 3
2045 227 3
2045 2044 3
2045 2046 3
2049 227 3
2049 2048 3
2049 2050 3
2053 228 3
2053 2054 3
2053 2061 3
2057 228 3
2057 2056 3
2057 2058 3
2061 228 3
2061 2053 3
2061 2060 3
2065 229 3
2065 2064 3
2065 2066 3
2069 229 3
2069 2068 3
2069 2070 3
2073 230 3
2073 2072 3
2073 2074 3
2077 230 3
2077 2076 3
2077 2078 3
2081 231 3
2081 2080 3
2081 2082 3
2085 231 3
2085 2084 3
2085 2086 3
2089 232 3
2089 2090 3
2089 2097 3
2093 232 3
2093 2092 3
2093 2094 3
2097 232 3
2097 2089 3
2097 2096 3
2101 233 3
2101 2100 3
2101 2102 3
2105 233 3
2105 2104 3
2105 2106 3
2109 234 3
2109 2108 3
2109 2110 3
2113 234 3
2113 2112 3
2113 2114 3
2117 235 3
2117 2116 3
2117 2118 3
2121 235 3
2121 2120 3
2121 2122 3
2125 236 3
2125 2126 3
2125 2133 3
2129 236 3
2129 2128 3
2129 2130 3
2133 236 3
2133 2125 3
2133 2132 3
2137 237 3
2137 2136 3
2137 2138 3
2141 237 3
2141 2140 3
2141 2142 3
2145 238 3
2145 2144 3
2145 2146 3
2149 238 3
2149 2148 3
2149 2150 3
2153 239 3
2153 2152 3
2153 2154 3
2157 239 3
2157 2156 3
2157 2158 3
2161 240 3
2161 2162 3
2161 2169 3
2165 240 3
2165 2164 3
2165 2166 3
2169 240 3
2169 2161 3
2169 2168 3
2173 241 3
2173 2172 3
2173 2174 3
2177 241 3
2177 2176 3
2177 2178 3
2181 242 3
2181 2180 3
2181 2182 3
2185 242 3
2185 2184 3
2185 2186 3
2189 243 3
2189 2188 3
2189 2190 3
2193 243 3
2193 2192 3
2193 2194 3
2197 244 3
2197 2198 3
2197 2205 3
2201 244 3
2201 2200 3
2201 2202 3
2205 244 3
2205 2197 3
2205 2204 3
2209 245 3
2209 2208 3
2209 2210 3
2213 245 3
2213 2212 3
2213 2214 3
2217 246 3
2217 2216 3
2217 2218 3
2221 246 3
2221 2220 3
2221 2222 3
2225 247 3
2225 2224 3
2225 2226 3
2229 247 3
2229 2228 3
2229 2230 3
2233 248 3
2233 2234 3
2233 2241 3
2237 248 3
2237 2236 3
2237 2238 3
2241 248 3
2241 2233 3
2241 2240 3
2245 249 3
2245 2244 3
2245 2246 3
2249 249 3
2249 2248 3
2249 2250 3
2253 250 3
2253 2252 3
2253 2254 3
2257 250 3
2257 2256 3
2257 2258 3
2261 251 3
2261 2260 3
2261 2262 3
2265 251 3
2265 2264 3
2265 2266 3
2269 252 3
2269 2270 3
2269 2277 3
2273 252 3
2273 2272 3
2273 2274 3
2277 252 3
2277 2269 3
2277 2276 3
2281 253 3
2281 2280 3
2281 2282 3
2285 253 3
2285 2284 3
2285 2286 3
2289 254 3
2289 2288 3
2289 2290 3
2293 254 3
2293 2292 3
2293 2294 3
2297 255 3
2297 2296 3
2297 2298 3
2301 255 3
2301 2300 3
2301 2302 3
2305 256 3
2305 2306 3
2305 2313 3
2309 256 3
2309 2308 3
2309 2310 3
2313 256 3
2313 2305 3
2313 2312 3
2317 257 3
2317 2316 3
2317 2318 3
2321 257 3
2321 2320 3
2321 2322 3
2325 258 3
2325 2324 3
2325 2326 3
2329 258 3
2329 2328 3
2329 2330 3
2333 259 3
2333 2332 3
2333 2334 3
2337 259 3
2337 2336 3
2337 2338 3
2341 260 3
2341 2342 3
2341 2349 3
2345 260 3
2345 2344 3
2345 2346 3
2349 260 3
2349 2341 3
2349 2348 3
2353 261 3
2353 2352 3
2353 2354 3
2357 261 3
2357 2356 3
2357 2358 3
2361 262 3
2361 2360 3
2361 2362 3
2365 262 3
2365 2364 3
2365 2366 3
2369 263 3
2369 2368 3
2369 2370 3
2373 263 3
2373 2372 3
2373 2374 3
2377 264 3
2377 2378 3
2377 2385 3
2381 264 3
2381 2380 3
2381 2382 3
2385 264 3
2385 2377 3
2385 2384 3
2389 265 3
2389 2388 3
2389 2390 3
2393 265 3
2393 2392 3
2393 2394 3
2397 266 3
2397 2396 3
2397 2398 3
2401 266 3
2401 2400 3
2401 2402 3
2405 267 3
2405 2404 3
2405 2406 3
2409 267 3
2409 2408 3
2409 2410 3
2413 268 3
2413 2414 3
2413 2421 3
2417 268 3
2417 2416 3
2417 2418 3
2421 268 3
2421 2413 3
2421 2420 3
2425 269 3
2425 2424 3
2425 2426 3
2429 269 3
2429 2428 3
2429 2430 3
2433 270 3
2433 2432 3
2433 2434 3
2437 270 3
2437 2436 3
2437 2438 3
2441 271 3
2441 2440 3
2441 2442 3
2445 271 3
2445 2444 3
2445 2446 3
2449 272 3
2449 2450 3
2449 2457 3
2453 272 3
2453 2452 3
2453 2454 3
2457 272 3
2457 2449 3
2457 2456 3
2461 273 3
2461 2460 3
2461 2462 3
2465 273 3
2465 2464 3
2465 2466 3
2469 274 3
2469 2468 3
2469 2470 3
2473 274 3
2473 2472 3
2473 2474 3
2477 275 3
2477 2476 3
2477 2478 3
2481 275 3
2481 2480 3
2481 2482 3
2485 276 3
2485 2486 3
2485 2493 3
2489 276 3
2489 2488 3
2489 2490 3
2493 276 3
2493 2485 3
2493 2492 3
2497 277 3
2497 2496 3
2497 2498 3
2501 277 3
2501 2500 3
2501 2502 3
2505 278 3
2505 2504 3
2505 2506 3
2509 278 3
2509 2508 3
2509 2510 3
2513 279 3
2513 2512 3
2513 2514 3
2517 279 3
2517 2516 3
2517 2518 3
2521 280 3
2521 2522 3
2521 2529 3
2525 280 3
2525 2524 3
2525 2526 3
2529 280 3
2529 2521 3
2529 2528 3
2533 281 3
2533 2532 3
2533 2534 3
2537 281 3
2537 2536 3
2537 2538 3
2541 282 3
2541 2540 3
2541 2542 3
2545 282 3
2545 2544 3
2545 2546 3
2549 283 3
2549 2548 3
2549 2550 3
2553 283 3
2553 2552 3
2553 2554 3
2557 284 3
2557 2558 3
2557 2565 3
2561 284 3
2561 2560 3
2561 2562 3
2565 284 3
2565 2557 3
2565 2564 3
2569 285 3
2569 2568 3
2569 2570 3
2573 285 3
2573 2572 3
2573 2574 3
2577 286 3
2577 2576 3
2577 2578 3
2581 286 3
2581 2580 3
2581 2582 3
2585 287 3
2585 2584 3
2585 2586 3
2589 287 3
2589 2588 3
2589 2590 3
2593 288 3
2593 2594 3
2593 2601 3
2597 288 3
2597 2596 3
2597 2598 3
2601 288 3
2601 2593 3
2601 2600 3
2605 289 3
2605 2604 3
2605 2606 3
2609 289 3
2609 2608 3
2609 2610 3
2613 290 3
2613 2612 3
2613 2614 3
2617 290 3
2617 2616 3
2617 2618 3
2621 291 3
2621 2620 3
2621 2622 3
2625 291 3
2625 2624 3
2625 2626 3
2629 292 3
2629 2630 3
2629 2637 3
2633 292 3
2633 2632 3
2633 2634 3
2637 292 3
2637 2629 3
2637 2636 3
2641 293 3
2641 2640 3
2641 2642 3
2645 293 3
2645 2644 3
2645 2646 3
2649 294 3
2649 2648 3
2649 2650 3
2653 294 3
2653 2652 3
2653 2654 3
2657 295 3
2657 2656 3
2657 2658 3
2661 295 3
2661 2660 3
2661 2662 3
2665 296 3
2665 2666 3
2665 2673 3
2669 296 3
2669 2668 3
2669 2670 3
2673 296 3
2673 2665 3
2673 2672 3
2677 297 3
2677 2676 3
2677 2678 3
2681 297 3
2681 2680 3
2681 2682 3
2685 298 3
2685 2684 3
2685 2686 3
2689 298 3
2689 2688 3
2689 2690 3
2693 299 3
2693 2692 3
2693 2694 3
2697 299 3
2697 2696 3
2697 2698 3
2701 300 3
2701 2702 3
2701 2709 3
2705 300 3
2705 2704 3
2705 2706 3
2709 300 3
2709 2701 3
2709 2708 3
2713 301 3
2713 2712 3
2713 2714 3
2717 301 3
2717 2716 3
2717 2718 3
2721 302 3
2721 2720 3
2721 2722 3
2725 302 3
2725 2724 3
2725 2726 3
2729 303 3
2729 2728 3
2729 2730 3
2733 303 3
2733 2732 3
2733 2734 3
2737 304 3
2737 2738 3
2737 2745 3
2741 304 3
2741 2740 3
2741 2742 3
2745 304 3
2745 2737 3
2745 2744 3
2749 305 3
2749 2748 3
2749 2750 3
2753 305 3
2753 2752 3
2753 2754 3
2757 306 3
2757 2756 3
2757 2758 3
2761 306 3
2761 2760 3
2761 2762 3
2765 307 3
2765 2764 3
2765 2766 3
2769 307 3
2769 2768 3
2769 2770 3
2773 308 3
2773 2774 3
2773 2781 3
2777 308 3
2777 2776 3
2777 2778 3
2781 308 3
2781 2773 3
2781 2780 3
2785 309 3
2785 2784 3
2785 2786 3
2789 309 3
2789 2788 3
2789 2790 3
2793 310 3
2793 2792 3
2793 2794 3
2797 310 3
2797 2796 3
2797 2798 3
2801 311 3
2801 2800 3
2801 2802 3
2805 311 3
2805 2804 3
2805 2806 3
2809 312 3
2809 2810 3
2809 2817 3
2813 312 3
2813 2812 3
2813 2814 3
2817 312 3
2817 2809 3
2817 2816 3
2821 313 3
2821 2820 3
2821 2822 3
2825 313 3
2825 2824 3
2825 2826 3
2829 314 3
2829 2828 3
2829 2830 3
2833 314 3
2833 2832 3
2833 2834 3
2837 315 3
2837 2836 3
2837 2838 3
2841 315 3
2841 2840 3
2841 2842 3
2845 316 3
2845 2846 3
2845 2853 3
2849 316 3
2849 2848 3
2849 2850 3
2853 316 3
2853 2845 3
2853 2852 3
2857 317 3
2857 2856 3
2857 2858 3
2861 317 3
2861 2860 3
2861 2862 3
2865 318 3
2865 2864 3
2865 2866 3
2869 318 3
2869 2868 3
2869 2870 3
2873 319 3
2873 2872 3
2873 2874 3
2877 319 3
2877 2876 3
2877 2878 3
2881 320 3
2881 2882 3
2881 2889 3
2885 320 3
2885 2884 3
2885 2886 3
2889 320 3
2889 2881 3
2889 2888 3
2893 321 3
2893 2892 3
2893 2894 3
2897 321 3
2897 2896 3
2897 2898 3
2901 322 3
2901 2900 3
2901 2902 3
2905 322 3
2905 2904 3
2905 2906 3
2909 323 3
2909 2908 3
2909 2910 3
2913 323 3
2913 2912 3
2913 2914 3
2917 324 3
2917 2918 3
2917 2925 3
2921 324 3
2921 2920 3
2921 2922 3
2925 324 3
2925 2917 3
2925 2924 3
2929 325 3
2929 2928 3
2929 2930 3
2933 325 3
2933 2932 3
2933 2934 3
2937 326 3
2937 2936 3
2937 2938 3
2941 326 3
2941 2940 3
2941 2942 3
2945 327 3
2945 2944 3
2945 2946 3
2949 327 3
2949 2948 3
2949 2950 3
2953 328 3
2953 2954 3
2953 2961 3
2957 328 3
2957 2956 3
2957 2958 3
2961 328 3
2961 2953 3
2961 2960 3
2965 329 3
2965 2964 3
2965 2966 3
2969 329 3
2969 2968 3
2969 2970 3
2973 330 3
2973 2972 3
2973 2974 3
2977 330 3
2977 2976 3
2977 2978 3
2981 331 3
2981 2980 3
2981 2982 3
2985 331 3
2985 2984 3
2985 2986 3
2989 332 3
2989 2990 3
2989 2997 3
2993 332 3
2993 2992 3
2993 2994 3
2997 332 3
2997 2989 3
2997 2996 3
3001 333 3
3001 3000 3
3001 3002 3
3005 333 3
3005 3004 3
3005 3006 3
3009 334 3
3009 3008 3
3009 3010 3
3013 334 3
3013 3012 3
3013 3014 3
3017 335 3
3017 3016 3
3017 3018 3
3021 335 3
3021 3020 3
3021 3022 3
3025 336 3
3025 3026 3
3025 3033 3
3029 336 3
3029 3028 3
3029 3030 3
3033 336 3
3033 3025 3
3033 3032 3
3037 337 3
3037 3036 3
3037 3038 3
3041 337 3
3041 3040 3
3041 3042 3
3045 338 3
3045 3044 3
3045 3046 3
3049 338 3
3049 3048 3
3049 3050 3
3053 339 3
3053 3052 3
3053 3054 3
3057 339 3
3057 3056 3
3057 3058 3
3061 340 3
3061 3062 3
3061 3069 3
3065 340 3
3065 3064 3
3065 3066 3
3069 340 3
3069 3061 3
3069 3068 3
3073 341 3
3073 3072 3
3073 3074 3
3077 341 3
3077 3076 3
3077 3078 3
3081 342 3
3081 3080 3
3081 3082 3
3085 342 3
3085 3084 3
3085 3086 3
3089 343 3
3089 3088 3
3089 3090 3
3093 343 3
3093 3092 3
3093 3094 3
3097 344 3
3097 3098 3
3097 3105 3
3101 344 3
3101 3100 3
3101 3102 3
3105 344 3
3105 3097 3
3105 3104 3
3109 345 3
3109 3108 3
3109 3110 3
3113 345 3
3113 3112 3
3113 3114 3
3117 346 3
3117 3116 3
3117 3118 3
3121 346 3
3121 3120 3
3121 3122 3
3125 347 3
3125 3124 3
3125 3126 3
3129 347 3
3129 3128 3
3129 3130 3
3133 348 3
3133 3134 3
3133 3141 3
3137 348 3
3137 3136 3
3137 3138 3
3141 348 3
3141 3133 3
3141 3140 3
3145 349 3
3145 3144 3
3145 3146 3
3149 349 3
3149 3148 3
3149 3150 3
3153 350 3
3153 3152 3
3153 3154 3
3157 350 3
3157 3156 3
3157 3158 3
3161 351 3
3161 3160 3
3161 3162 3
3165 351 3
3165 3164 3
3165 3166 3
3169 352 3
3169 3170 3
3169 3177 3
3173 352 3
3173 3172 3
3173 3174 3
3177 352 3
3177 3169 3
3177 3176 3
3181 353 3
3181 3180 3
3181 3182 3
3185 353 3
3185 3184 3
3185 3186 3
3189 354 3
3189 3188 3
3189 3190 3
3193 354 3
3193 3192 3
3193 3194 3
3197 355 3
3197 3196 3
3197 3198 3
3201 355 3
3201 3200 3
3201 3202 3
3205 356 3
3205 3206 3
3205 3213 3
3209 356 3
3209 3208 3
3209 3210 3
3213 356 3
3213 3205 3
3213 3212 3
3217 357 3
3217 3216 3
3217 3218 3
3221 357 3
3221 3220 3
3221 3222 3
3225 358 3
3225 3224 3
3225 3226 3
3229 358 3
3229 3228 3
3229 3230 3
3233 359 3
3233 3232 3
3233 3234 3
3237 359 3
3237 3236 3
3237 3238 3
3241 360 3
3241 3242 3
3241 3249 3
3245 360 3
3245 3244 3
3245 3246 3
3249 360 3
3249 3241 3
3249 3248 3
3253 361 3
3253 3252 3
3253 3254 3
3257 361 3
3257 3256 3
3257 3258 3
3261 362 3
3261 3260 3
3261 3262 3
3265 362 3
3265 3264 3
3265 3266 3
3269 363 3
3269 3268 3
3269 3270 3
3273 363 3
3273 3272 3
3273 3274 3
3277 364 3
3277 3278 3
3277 3285 3
3281 364 3
3281 3280 3
3281 3282 3
3285 364 3
3285 3277 3
3285 3284 3
3289 365 3
3289 3288 3
3289 3290 3
3293 365 3
3293 3292 3
3293 3294 3
3297 366 3
3297 3296 3
3297 3298 3
3301 366 3
3301 3300 3
3301 3302 3
3305 367 3
3305 3304 3
3305 3306 3
3309 367 3
3309 3308 3
3309 3310 3
3313 368 3
3313 3314 3
3313 3321 3
3317 368 3
3317 3316 3
3317 3318 3
3321 368 3
3321 3313 3
3321 3320 3
3325 369 3
3325 3324 3
3325 3326 3
3329 369 3
3329 3328 3
3329 3330 3
3333 370 3
3333 3332 3
3333 3334 3
3337 370 3
3337 3336 3
3337 3338 3
3341 371 3
3341 3340 3
3341 3342 3
3345 371 3
3345 3344 3
3345 3346 3
3349 372 3
3349 3350 3
3349 3357 3
3353 372 3
3353 3352 3
3353 3354 3
3357 372 3
3357 3349 3
3357 3356 3
3361 373 3
3361 3360 3
3361 3362 3
3365 373 3
3365 3364 3
3365 3366 3
3369 374 3
3369 3368 3
3369 3370 3
3373 374 3
3373 3372 3
3373 3374 3
3377 375 3
3377 3376 3
3377 3378 3
3381 375 3
3381 3380 3
3381 3382 3
3385 376 3
3385 3386 3
3385 3393 3
3389 376 3
3389 3388 3
3389 3390 3
3393 376 3
3393 3385 3
3393 3392 3
3397 377 3
3397 3396 3
3397 3398 3
3401 377 3
3401 3400 3
3401 3402 3
3405 378 3
3405 3404 3
3405 3406 3
3409 378 3
3409 3408 3
3409 3410 3
3413 379 3
3413 3412 3
3413 3414 3
3417 379 3
3417 3416 3
3417 3418 3
3421 380 3
3421 3422 3
3421 3429 3
3425 380 3
3425 3424 3
3425 3426 3
3429 380 3
3429 3421 3
3429 3428 3
3433 381 3
3433 3432 3
3433 3434 3
3437 381 3
3437 3436 3
3437 3438 3
3441 382 3
3441 3440 3
3441 3442 3
3445 382 3
3445 3444 3
3445 3446 3
3449 383 3
3449 3448 3
3449 3450 3
3453 383 3
3453 3452 3
3453 3454 3
3457 384 3
3457 3458 3
3457 3465 3
3461 384 3
3461 3460 3
3461 3462 3
3465 384 3
3465 3457 3
3465 3464 3
3469 385 3
3469 3468 3
3469 3470 3
3473 385 3
3473 3472 3
3473 3474 3
3477 386 3
3477 3476 3
3477 3478 3
3481 386 3
3481 3480 3
3481 3482 3
3485 387 3
3485 3484 3
3485 3486 3
3489 387 3
3489 3488 3
3489 3490 3
3493 388 3
3493 3494 3
3493 3501 3
3497 388 3
3497 3496 3
3497 3498 3
3501 388 3
3501 3493 3
3501 3500 3
3505 389 3
3505 3504 3
3505 3506 3
3509 389 3
3509 3508 3
3509 3510 3
3513 390 3
3513 3512 3
3513 3514 3
3517 390 3
3517 3516 3
3517 3518 3
3521 391 3
3521 3520 3
3521 3522 3
3525 391 3
3525 3524 3
3525 3526 3
3529 392 3
3529 3530 3
3529 3537 3
3533 392 3
3533 3532 3
3533 3534 3
3537 392 3
3537 3529 3
3537 3536 3
3541 393 3
3541 3540 3
3541 3542 3
3545 393 3
3545 3544 3
3545 3546 3
3549 394 3
3549 3548 3
3549 3550 3
3553 394 3
3553 3552 3
3553 3554 3
3557 395 3
3557 3556 3
3557 3558 3
3561 395 3
3561 3560 3
3561 3562 3
3565 396 3
3565 3566 3
3565 3573 3
3569 396 3
3569 3568 3
3569 3570 3
3573 396 3
3573 3565 3
3573 3572 3
3577 397 3
3577 3576 3
3577 3578 3
3581 397 3
3581 3580 3
3581 3582 3
3585 398 3
3585 3584 3
3585 3586 3
3589 398 3
3589 3588 3
3589 3590 3
3593 399 3
3593 3592 3
3593 3594 3
3597 399 3
3597 3596 3
3597 3598 3
3601 400 3
3601 3602 3
3601 3609 3
3605 400 3
3605 3604 3
3605 3606 3
3609 400 3
3609 3601 3
3609 3608 3
3613 401 3
3613 3612 3
3613 3614 3
3617 401 3
3617 3616 3
3617 3618 3
3621 402 3
3621 3620 3
3621 3622 3
3625 402 3
3625 3624 3
3625 3626 3
3629 403 3
3629 3628 3
3629 3630 3
3633 403 3
3633 3632 3
3633 3634 3
3637 404 3
3637 3638 3
3637 3645 3
3641 404 3
3641 3640 3
3641 3642 3
3645 404 3
3645 3637 3
3645 3644 3
3649 405 3
3649 3648 3
3649 3650 3
3653 405 3
3653 3652 3
3653 3654 3
3657 406 3
3657 3656 3
3657 3658 3
3661 406 3
3661 3660 3
3661 3662 3
3665 407 3
3665 3664 3
3665 3666 3
3669 407 3
3669 3668 3
3669 3670 3
3673 408 3
3673 3674 3
3673 3681 3
3677 408 3
3677 3676 3
3677 3678 3
3681 408 3
3681 3673 3
3681 3680 3
3685 409 3
3685 3684 3
3685 3686 3
3689 409 3
3689 3688 3
3689 3690 3
3693 410 3
3693 3692 3
3693 3694 3
3697 410 3
3697 3696 3
3697 3698 3
3701 411 3
3701 3700 3
3701 3702 3
3705 411 3
3705 3704 3
3705 3706 3
3709 412 3
3709 3710 3
3709 3717 3
3713 412 3
3713 3712 3
3713 3714 3
3717 412 3
3717 3709 3
3717 3716 3
3721 413 3
3721 3720 3
3721 3722 3
3725 413 3
3725 3724 3
3725 3726 3
3729 414 3
3729 3728 3
3729 3730 3
3733 414 3
3733 3732 3
3733 3734 3
3737 415 3
3737 3736 3
3737 3738 3
3741 415 3
3741 3740 3
3741 3742 3
3745 416 3
3745 3746 3
3745 3753 3
3749 416 3
3749 3748 3
3749 3750 3
3753 416 3
3753 3745 3
3753 3752 3
3757 417 3
3757 3756 3
3757 3758 3
3761 417 3
3761 3760 3
3761 3762 3
3765 418 3
3765 3764 3
3765 3766 3
3769 418 3
3769 3768 3
3769 3770 3
3773 419 3
3773 3772 3
3773 3774 3
3777 419 3
3777 3776 3
3777 3778 3
3781 420 3
3781 3782 3
3781 3789 3
3785 420 3
3785 3784 3
3785 3786 3
3789 420 3
3789 3781 3
3789 3788 3
3793 421 3
3793 3792 3
3793 3794 3
3797 421 3
3797 3796 3
3797 3798 3
3801 422 3
3801 3800 3
3801 3802 3
3805 422 3
3805 3804 3
3805 3806 3
3809 423 3
3809 3808 3
3809 3810 3
3813 423 3
3813 3812 3
3813 3814 3
3817 424 3
3817 3818 3
3817 3825 3
3821 424 3
3821 3820 3
3821 3822 3
3825 424 3
3825 3817 3
3825 3824 3
3829 425 3
3829 3828 3
3829 3830 3
3833 425 3
3833 3832 3
3833 3834 3
3837 426 3
3837 3836 3
3837 3838 3
3841 426 3
3841 3840 3
3841 3842 3
3845 427 3
3845 3844 3
3845 3846 3
3849 427 3
3849 3848 3
3849 3850 3
3853 428 3
3853 3854 3
3853 3861 3
3857 428 3
3857 3856 3
3857 3858 3
3861 428 3
3861 3853 3
3861 3860 3
3865 429 3
3865 3864 3
3865 3866 3
3869 429 3
3869 3868 3
3869 3870 3
3873 430 3
3873 3872 3
3873 3874 3
3877 430 3
3877 3876 3
3877 3878 3
3881 431 3
3881 3880 3
3881 3882 3
3885 431 3
3885 3884 3
3885 3886 3
3889 432 3
3889 3890 3
3889 3897 3
3893 432 3
3893 3892 3
3893 3894 3
3897 432 3
3897 3889 3
3897 3896 3
3901 433 3
3901 3900 3
3901 3902 3
3905 433 3
3905 3904 3
3905 3906 3
3909 434 3
3909 3908 3
3909 3910 3
3913 434 3
3913 3912 3
3913 3914 3
3917 435 3
3917 3916 3
3917 3918 3
3921 435 3
3921 3920 3
3921 3922 3
3925 436 3
3925 3926 3
3925 3933 3
3929 436 3
3929 3928 3
3929 3930 3
3933 436 3
3933 3925 3
3933 3932 3
3937 437 3
3937 3936 3
3937 3938 3
3941 437 3
3941 3940 3
3941 3942 3
3945 438 3
3945 3944 3
3945 3946 3
3949 438 3
3949 3948 3
3949 3950 3
3953 439 3
3953 3952 3
3953 3954 3
3957 439 3
3957 3956 3
3957 3958 3
3961 440 3
3961 3962 3
3961 3969 3
3965 440 3
3965 3964 3
3965 3966 3
3969 440 3
3969 3961 3
3969 3968 3
3973 441 3
3973 3972 3
3973 3974 3
3977 441 3
3977 3976 3
3977 3978 3
3981 442 3
3981 3980 3
3981 3982 3
3985 442 3
3985 3984 3
3985 3986 3
3989 443 3
3989 3988 3
3989 3990 3
3993 443 3
3993 3992 3
3993 3994 3
3997 444 3
3997 3998 3
3997 4005 3
4001 444 3
4001 4000 3
4001 4002 3
4005 444 3
4005 3997 3
4005 4004 3
4009 445 3
4009 4008 3
4009 4010 3
4013 445 3
4013 4012 3
4013 4014 3
4017 446 3
4017 4016 3
4017 4018 3
4021 446 3
4021 4020 3
4021 4022 3
4025 447 3
4025 4024 3
4025 4026 3
4029 447 3
4029 4028 3
4029 4030 3
4033 448 3
4033 4034 3
4033 4041 3
4037 448 3
4037 4036 3
4037 4038 3
4041 448 3
4041 4033 3
4041 4040 3
4045 449 3
4045 4044 3
4045 4046 3
4049 449 3
4049 4048 3
4049 4050 3
4053 450 3
4053 4052 3
4053 4054 3
4057 450 3
4057 4056 3
4057 4058 3
4061 451 3
4061 4060 3
4061 4062 3
4065 451 3
4065 4064 3
4065 4066 3
4069 452 3
4069 4070 3
4069 4077 3
4073 452 3
4073 4072 3
4073 4074 3
4077 452 3
4077 4069 3
4077 4076 3
4081 453 3
4081 4080 3
4081 4082 3
4085 453 3
4085 4084 3
4085 4086 3
4089 454 3
4089 4088 3
4089 4090 3
4093 454 3
4093 4092 3
4093 4094 3
4097 455 3
4097 4096 3
4097 4098 3
4101 455 3
4101 4100 3
4101 4102 3
4105 456 3
4105 4106 3
4105 4113 3
4109 456 3
4109 4108 3
4109 4110 3
4113 456 3
4113 4105 3
4113 4112 3
4117 457 3
4117 4116 3
4117 4118 3
4121 457 3
4121 4120 3
4121 4122 3
4125 458 3
4125 4124 3
4125 4126 3
4129 458 3
4129 4128 3
4129 4130 3
4133 459 3
4133 4132 3
4133 4134 3
4137 459 3
4137 4136 3
4137 4138 3
4141 460 3
4141 4142 3
4141 4149 3
4145 460 3
4145 4144 3
4145 4146 3
4149 460 3
4149 4141 3
4149 4148 3
4153 461 3
4153 4152 3
4153 4154 3
4157 461 3
4157 4156 3
4157 4158 3
4161 462 3
4161 4160 3
4161 4162 3
4165 462 3
4165 4164 3
4165 4166 3
4169 463 3
4169 4168 3
4169 4170 3
4173 463 3
4173 4172 3
4173 4174 3
4177 464 3
4177 4178 3
4177 4185 3
4181 464 3
4181 4180 3
4181 4182 3
4185 464 3
4185 4177 3
4185 4184 3
4189 465 3
4189 4188 3
4189 4190 3
4193 465 3
4193 4192 3
4193 4194 3
4197 466 3
4197 4196 3
4197 4198 3
4201 466 3
4201 4200 3
4201 4202 3
4205 467 3
4205 4204 3
4205 4206 3
4209 467 3
4209 4208 3
4209 4210 3
4213 468 3
4213 4214 3
4213 4221 3
4217 468 3
4217 4216 3
4217 4218 3
4221 468 3
4221 4213 3
4221 4220 3
4225 469 3
4225 4224 3
4225 4226 3
4229 469 3
4229 4228 3
4229 4230 3
4233 470 3
4233 4232 3
4233 4234 3
4237 470 3
4237 4236 3
4237 4238 3
4241 471 3
4241 4240 3
4241 4242 3
4245 471 3
4245 4244 3
4245 4246 3
4249 472 3
4249 4250 3
4249 4257 3
4253 472 3
4253 4252 3
4253 4254 3
4257 472 3
4257 4249 3
4257 4256 3
4261 473 3
4261 4260 3
4261 4262 3
4265 473 3
4265 4264 3
4265 4266 3
4269 474 3
4269 4268 3
4269 4270 3
4273 474 3
4273 4272 3
4273 4274 3
4277 475 3
4277 4276 3
4277 4278 3
4281 475 3
4281 4280 3
4281 4282 3
4285 476 3
4285 4286 3
4285 4293 3
4289 476 3
4289 4288 3
4289 4290 3
4293 476 3
4293 4285 3
4293 4292 3
4297 477 3
4297 4296 3
4297 4298 3
4301 477 3
4301 4300 3
4301 4302 3
4305 478 3
4305 4304 3
4305 4306 3
4309 478 3
4309 4308 3
4309 4310 3
4313 479 3
4313 4312 3
4313 4314 3
4317 479 3
4317 4316 3
4317 4318 3
4321 480 3
4321 4322 3
4321 4329 3
4325 480 3
4325 4324 3
4325 4326 3
4329 480 3
4329 4321 3
4329 4328 3
4333 481 3
4333 4332 3
4333 4334 3
4337 481 3
4337 4336 3
4337 4338 3
4341 482 3
4341 4340 3
4341 4342 3
4345 482 3
4345 4344 3
4345 4346 3
4349 483 3
4349 4348 3
4349 4350 3
4353 483 3
4353 4352 3
4353 4354 3
4357 484 3
4357 4358 3
4357 4365 3
4361 484 3
4361 4360 3
4361 4362 3
4365 484 3
4365 4357 3
4365 4364 3
4369 485 3
4369 4368 3
4369 4370 3
4373 485 3
4373 4372 3
4373 4374 3
4377 486 3
4377 4376 3
4377 4378 3
4381 486 3
4381 4380 3
4381 4382 3
4385 487 3
4385 4384 3
4385 4386 3
4389 487 3
4389 4388 3
4389 4390 3
4393 488 3
4393 4394 3
4393 4401 3
4397 488 3
4397 4396 3
4397 4398 3
4401 488 3
4401 4393 3
4401 4400 3
4405 489 3
4405 4404 3
4405 4406 3
4409 489 3
4409 4408 3
4409 4410 3
4413 490 3
4413 4412 3
4413 4414 3
4417 490 3
4417 4416 3
4417 4418 3
4421 491 3
4421 4420 3
4421 4422 3
4425 491 3
4425 4424 3
4425 4426 3
4429 492 3
4429 4430 3
4429 4437 3
4433 492 3
4433 4432 3
4433 4434 3
4437 492 3
4437 4429 3
4437 4436 3
4441 493 3
4441 4440 3
4441 4442 3
4445 493 3
4445 4444 3
4445 4446 3
4449 494 3
4449 4448 3
4449 4450 3
4453 494 3
4453 4452 3
4453 4454 3
4457 495 3
4457 4456 3
4457 4458 3
4461 495 3
4461 4460 3
4461 4462 3
4465 496 3
4465 4466 3
4465 4473 3
4469 496 3
4469 4468 3
4469 4470 3
4473 496 3
4473 4465 3
4473 4472 3
4477 497 3
4477 4476 3
4477 4478 3
4481 497 3
4481 4480 3
4481 4482 3
4485 498 3
4485 4484 3
4485 4486 3
4489 498 3
4489 4488 3
4489 4490 3
4493 499 3
4493 4492 3
4493 4494 3
4497 499 3
4497 4496 3
4497 4498 3
4501 500 3
4501 4502 3
4501 4509 3
4505 500 3
4505 4504 3
4505 4506 3
4509 500 3
4509 4501 3
4509 4508 3
4513 501 3
4513 4512 3
4513 4514 3
4517 501 3
4517 4516 3
4517 4518 3
4521 502 3
4521 4520 3
4521 4522 3
4525 502 3
4525 4524 3
4525 4526 3
4529 503 3
4529 4528 3
4529 4530 3
4533 503 3
4533 4532 3
4533 4534 3
4537 504 3
4537 4538 3
4537 4545 3
4541 504 3
4541 4540 3
4541 4542 3
4545 504 3
4545 4537 3
4545 4544 3
4549 505 3
4549 4548 3
4549 4550 3
4553 505 3
4553 4552 3
4553 4554 3
4557 506 3
4557 4556 3
4557 4558 3
4561 506 3
4561 4560 3
4561 4562 3
4565 507 3
4565 4564 3
4565 4566 3
4569 507 3
4569 4568 3
4569 4570 3
4573 508 3
4573 4574 3
4573 4581 3
4577 508 3
4577 4576 3
4577 4578 3
4581 508 3
4581 4573 3
4581 4580 3
4585 509 3
4585 4584 3
4585 4586 3
4589 509 3
4589 4588 3
4589 4590 3
4593 510 3
4593 4592 3
4593 4594 3
4597 510 3
4597 4596 3
4597 4598 3
4601 511 3
4601 4600 3
4601 4602 3
4605 511 3
4605 4604 3
4605 4606 3
4609 512 3
4609 4610 3
4609 4617 3
4613 512 3
4613 4612 3
4613 4614 3
4617 512 3
4617 4609 3
4617 4616 3
4621 513 3
4621 4620 3
4621 4622 3
4625 513 3
4625 4624 3
4625 4626 3
4629 514 3
4629 4628 3
4629 4630 3
4633 514 3
4633 4632 3
4633 4634 3
4637 515 3
4637 4636 3
4637 4638 3
4641 515 3
4641 4640 3
4641 4642 3
4645 516 3
4645 4646 3
4645 4653 3
4649 516 3
4649 4648 3
4649 4650 3
4653 516 3
4653 4645 3
4653 4652 3
4657 517 3
4657 4656 3
4657 4658 3
4661 517 3
4661 4660 3
4661 4662 3
4665 518 3
4665 4664 3
4665 4666 3
4669 518 3
4669 4668 3
4669 4670 3
4673 519 3
4673 4672 3
4673 4674 3
4677 519 3
4677 4676 3
4677 4678 3
4681 520 3
4681 4682 3
4681 4689 3
4685 520 3
4685 4684 3
4685 4686 3
4689 520 3
4689 4681 3
4689 4688 3
4693 521 3
4693 4692 3
4693 4694 3
4697 521 3
4697 4696 3
4697 4698 3
4701 522 3
4701 4700 3
4701 4702 3
4705 522 3
4705 4704 3
4705 4706 3
4709 523 3
4709 4708 3
4709 4710 3
4713 523 3
4713 4712 3
4713 4714 3
4717 524 3
4717 4718 3
4717 4725 3
4721 524 3
4721 4720 3
4721 4722 3
4725 524 3
4725 4717 3
4725 4724 3
4729 525 3
4729 4728 3
4729 4730 3
4733 525 3
4733 4732 3
4733 4734 3
4737 526 3
4737 4736 3
4737 4738 3
4741 526 3
4741 4740 3
4741 4742 3
4745 527 3
4745 4744 3
4745 4746 3
4749 527 3
4749 4748 3
4749 4750 3
4753 528 3
4753 4754 3
4753 4761 3
4757 528 3
4757 4756 3
4757 4758 3
4761 528 3
4761 4753 3
4761 4760 3
4765 529 3
4765 4764 3
4765 4766 3
4769 529 3
4769 4768 3
4769 4770 3
4773 530 3
4773 4772 3
4773 4774 3
4777 530 3
4777 4776 3
4777 4778 3
4781 531 3
4781 4780 3
4781 4782 3
4785 531 3
4785 4784 3
4785 4786 3
4789 532 3
4789 4790 3
4789 4797 3
4793 532 3
4793 4792 3
4793 4794 3
4797 532 3
4797 4789 3
4797 4796 3
4801 533 3
4801 4800 3
4801 4802 3
4805 533 3
4805 4804 3
4805 4806 3
4809 534 3
4809 4808 3
4809 4810 3
4813 534 3
4813 4812 3
4813 4814 3
4817 535 3
4817 4816 3
4817 4818 3
4821 535 3
4821 4820 3
4821 4822 3
4825 536 3
4825 4826 3
4825 4833 3
4829 536 3
4829 4828 3
4829 4830 3
4833 536 3
4833 4825 3
4833 4832 3
4837 537 3
4837 4836 3
4837 4838 3
4841 537 3
4841 4840 3
4841 4842 3
4845 538 3
4845 4844 3
4845 4846 3
4849 538 3
4849 4848 3
4849 4850 3
4853 539 3
4853 4852 3
4853 4854 3
4857 539 3
4857 4856 3
4857 4858 3
4861 540 3
4861 4862 3
4861 4869 3
4865 540 3
4865 4864 3
4865 4866 3
4869 540 3
4869 4861 3
4869 4868 3
4873 541 3
4873 4872 3
4873 4874 3
4877 541 3
4877 4876 3
4877 4878 3
4881 542 3
4881 4880 3
4881 4882 3
4885 542 3
4885 4884 3
4885 4886 3
4889 543 3
4889 4888 3
4889 4890 3
4893 543 3
4893 4892 3
4893 4894 3
4897 544 3
4897 4898 3
4897 4905 3
4901 544 3
4901 4900 3
4901 4902 3
4905 544 3
4905 4897 3
4905 4904 3
4909 545 3
4909 4908 3
4909 4910 3
4913 545 3
4913 4912 3
4913 4914 3
4917 546 3
4917 4916 3
4917 4918 3
4921 546 3
4921 4920 3
4921 4922 3
4925 547 3
4925 4924 3
4925 4926 3
4929 547 3
4929 4928 3
4929 4930 3
4933 548 3
4933 4934 3
4933 4941 3
4937 548 3
4937 4936 3
4937 4938 3
4941 548 3
4941 4933 3
4941 4940 3
4945 549 3
4945 4944 3
4945 4946 3
4949 549 3
4949 4948 3
4949 4950 3
4953 550 3
4953 4952 3
4953 4954 3
4957 550 3
4957 4956 3
4957 4958 3
4961 551 3
4961 4960 3
4961 4962 3
4965 551 3
4965 4964 3
4965 4966 3
4969 552 3
4969 4970 3
4969 4977 3
4973 552 3
4973 4972 3
4973 4974 3
4977 552 3
4977 4969 3
4977 4976 3
4981 553 3
4981 4980 3
4981 4982 3
4985 553 3
4985 4984 3
4985 4986 3
4989 554 3
4989 4988 3
4989 4990 3
4993 554 3
4993 4992 3
4993 4994 3
4997 555 3
4997 4996 3
4997 4998 3
5001 555 3
5001 5000 3
5001 5002 3
5005 556 3
5005 5006 3
5005 5013 3
5009 556 3
5009 5008 3
5009 5010 3
5013 556 3
5013 5005 3
5013 5012 3
5017 557 3
5017 5016 3
5017 5018 3
5021 557 3
5021 5020 3
5021 5022 3
5025 558 3
5025 5024 3
5025 5026 3
5029 558 3
5029 5028 3
5029 5030 3
5033 559 3
5033 5032 3
5033 5034 3
5037 559 3
5037 5036 3
5037 5038 3
5041 560 3
5041 5042 3
5041 5049 3
5045 560 3
5045 5044 3
5045 5046 3
5049 560 3
5049 5041 3
5049 5048 3
5053 561 3
5053 5052 3
5053 5054 3
5057 561 3
5057 5056 3
5057 5058 3
5061 562 3
5061 5060 3
5061 5062 3
5065 562 3
5065 5064 3
5065 5066 3
5069 563 3
5069 5068 3
5069 5070 3
5073 563 3
5073 5072 3
5073 5074 3
5077 564 3
5077 5078 3
5077 5085 3
5081 564 3
5081 5080 3
5081 5082 3
5085 564 3
5085 5077 3
5085 5084 3
5089 565 3
5089 5088 3
5089 5090 3
5093 565 3
5093 5092 3
5093 5094 3
5097 566 3
5097 5096 3
5097 5098 3
5101 566 3
5101 5100 3
5101 5102 3
5105 567 3
5105 5104 3
5105 5106 3
5109 567 3
5109 5108 3
5109 5110 3
5113 568 3
5113 5114 3
5113 5121 3
5117 568 3
5117 5116 3
5117 5118 3
5121 568 3
5121 5113 3
5121 5120 3
5125 569 3
5125 5124 3
5125 5126 3
5129 569 3
5129 5128 3
5129 5130 3
5133 570 3
5133 5132 3
5133 5134 3
5137 570 3
5137 5136 3
5137 5138 3
5141 571 3
5141 5140 3
5141 5142 3
5145 571 3
5145 5144 3
5145 5146 3
5149 572 3
5149 5150 3
5149 5157 3
5153 572 3
5153 5152 3
5153 5154 3
5157 572 3
5157 5149 3
5157 5156 3
5161 573 3
5161 5160 3
5161 5162 3
5165 573 3
5165 5164 3
5165 5166 3
5169 574 3
5169 5168 3
5169 5170 3
5173 574 3
5173 5172 3
5173 5174 3
5177 575 3
5177 5176 3
5177 5178 3
5181 575 3
5181 5180 3
5181 5182 3
5185 576 3
5185 5186 3
5185 5193 3
5189 576 3
5189 5188 3
5189 5190 3
5193 576 3
5193 5185 3
5193 5192 3
5197 577 3
5197 5196 3
5197 5198 3
5201 577 3
5201 5200 3
5201 5202 3
5205 578 3
5205 5204 3
5205 5206 3
5209 578 3
5209 5208 3
5209 5210 3
5213 579 3
5213 5212 3
5213 5214 3
5217 579 3
5217 5216 3
5217 5218 3
5221 580 3
5221 5222 3
5221 5229 3
5225 580 3
5225 5224 3
5225 5226 3
5229 580 3
5229 5221 3
5229 5228 3
5233 581 3
5233 5232 3
5233 5234 3
5237 581 3
5237 5236 3
5237 5238 3
5241 582 3
5241 5240 3
5241 5242 3
5245 582 3
5245 5244 3
5245 5246 3
5249 583 3
5249 5248 3
5249 5250 3
5253 583 3
5253 5252 3
5253 5254 3
5257 584 3
5257 5258 3
5257 5265 3
5261 584 3
5261 5260 3
5261 5262 3
5265 584 3
5265 5257 3
5265 5264 3
5269 585 3
5269 5268 3
5269 5270 3
5273 585 3
5273 5272 3
5273 5274 3
5277 586 3
5277 5276 3
5277 5278 3
5281 586 3
5281 5280 3
5281 5282 3
5285 587 3
5285 5284 3
5285 5286 3
5289 587 3
5289 5288 3
5289 5290 3
5293 588 3
5293 5294 3
5293 5301 3
5297 588 3
5297 5296 3
5297 5298 3
5301 588 3
5301 5293 3
5301 5300 3
5305 589 3
5305 5304 3
5305 5306 3
5309 589 3
5309 5308 3
5309 5310 3
5313 590 3
5313 5312 3
5313 5314 3
5317 590 3
5317 5316 3
5317 5318 3
5321 591 3
5321 5320 3
5321 5322 3
5325 591 3
5325 5324 3
5325 5326 3
5329 592 3
5329 5330 3
5329 5337 3
5333 592 3
5333 5332 3
5333 5334 3
5337 592 3
5337 5329 3
5337 5336 3
5341 593 3
5341 5340 3
5341 5342 3
5345 593 3
5345 5344 3
5345 5346 3
5349 594 3
5349 5348 3
5349 5350 3
5353 594 3
5353 5352 3
5353 5354 3
5357 595 3
5357 5356 3
5357 5358 3
5361 595 3
5361 5360 3
5361 5362 3
5365 596 3
5365 5366 3
5365 5373 3
5369 596 3
5369 5368 3
5369 5370 3
5373 596 3
5373 5365 3
5373 5372 3
5377 597 3
5377 5376 3
5377 5378 3
5381 597 3
5381 5380 3
5381 5382 3
5385 598 3
5385 5384 3
5385 5386 3
5389 598 3
5389 5388 3
5389 5390 3
5393 599 3
5393 5392 3
5393 5394 3
5397 599 3
5397 5396 3
5397 5398 3
5401 600 3
5401 5402 3
5401 5409 3
5405 600 3
5405 5404 3
5405 5406 3
5409 600 3
5409 5401 3
5409 5408 3
5413 601 3
5413 5412 3
5413 5414 3
5417 601 3
5417 5416 3
5417 5418 3
5421 602 3
5421 5420 3
5421 5422 3
5425 602 3
5425 5424 3
5425 5426 3
5429 603 3
5429 5428 3
5429 5430 3
5433 603 3
5433 5432 3
5433 5434 3
5437 604 3
5437 5438 3
5437 5445 3
5441 604 3
5441 5440 3
5441 5442 3
5445 604 3
5445 5437 3
5445 5444 3
5449 605 3
5449 5448 3
5449 5450 3
5453 605 3
5453 5452 3
5453 5454 3
5457 606 3
5457 5456 3
5457 5458 3
5461 606 3
5461 5460 3
5461 5462 3
5465 607 3
5465 5464 3
5465 5466 3
5469 607 3
5469 5468 3
5469 5470 3
5473 608 3
5473 5474 3
5473 5481 3
5477 608 3
5477 5476 3
5477 5478 3
5481 608 3
5481 5473 3
5481 5480 3
5485 609 3
5485 5484 3
5485 5486 3
5489 609 3
5489 5488 3
5489 5490 3
5493 610 3
5493 5492 3
5493 5494 3
5497 610 3
5497 5496 3
5497 5498 3
5501 611 3
5501 5500 3
5501 5502 3
5505 611 3
5505 5504 3
5505 5506 3
5509 612 3
5509 5510 3
5509 5517 3
5513 612 3
5513 5512 3
5513 5514 3
5517 612 3
5517 5509 3
5517 5516 3
5521 613 3
5521 5520 3
5521 5522 3
5525 613 3
5525 5524 3
5525 5526 3
5529 614 3
5529 5528 3
5529 5530 3
5533 614 3
5533 5532 3
5533 5534 3
5537 615 3
5537 5536 3
5537 5538 3
5541 615 3
5541 5540 3
5541 5542 3
5545 616 3
5545 5546 3
5545 5553 3
5549 616 3
5549 5548 3
5549 5550 3
5553 616 3
5553 5545 3
5553 5552 3
5557 617 3
5557 5556 3
5557 5558 3
5561 617 3
5561 5560 3
5561 5562 3
5565 618 3
5565 5564 3
5565 5566 3
5569 618 3
5569 5568 3
5569 5570 3
5573 619 3
5573 5572 3
5573 5574 3
5577 619 3
5577 5576 3
5577 5578 3
5581 620 3
5581 5582 3
5581 5589 3
5585 620 3
5585 5584 3
5585 5586 3
5589 620 3
5589 5581 3
5589 5588 3
5593 621 3
5593 5592 3
5593 5594 3
5597 621 3
5597 5596 3
5597 5598 3
5601 622 3
5601 5600 3
5601 5602 3
5605 622 3
5605 5604 3
5605 5606 3
5609 623 3
5609 5608 3
5609 5610 3
5613 623 3
5613 5612 3
5613 5614 3
5617 624 3
5617 5618 3
5617 5625 3
5621 624 3
5621 5620 3
5621 5622 3
5625 624 3
5625 5617 3
5625 5624 3
5629 625 3
5629 5628 3
5629 5630 3
5633 625 3
5633 5632 3
5633 5634 3
5637 626 3
5637 5636 3
5637 5638 3
5641 626 3
5641 5640 3
5641 5642 3
5645 627 3
5645 5644 3
5645 5646 3
5649 627 3
5649 5648 3
5649 5650 3
5653 628 3
5653 5654 3
5653 5661 3
5657 628 3
5657 5656 3
5657 5658 3
5661 628 3
5661 5653 3
5661 5660 3
5665 629 3
5665 5664 3
5665 5666 3
5669 629 3
5669 5668 3
5669 5670 3
5673 630 3
5673 5672 3
5673 5674 3
5677 630 3
5677 5676 3
5677 5678 3
5681 631 3
5681 5680 3
5681 5682 3
5685 631 3
5685 5684 3
5685 5686 3
5689 632 3
5689 5690 3
5689 5697 3
5693 632 3
5693 5692 3
5693 5694 3
5697 632 3
5697 5689 3
5697 5696 3
5701 633 3
5701 5700 3
5701 5702 3
5705 633 3
5705 5704 3
5705 5706 3
5709 634 3
5709 5708 3
5709 5710 3
5713 634 3
5713 5712 3
5713 5714 3
5717 635 3
5717 5716 3
5717 5718 3
5721 635 3
5721 5720 3
5721 5722 3
5725 636 3
5725 5726 3
5725 5733 3
5729 636 3
5729 5728 3
5729 5730 3
5733 636 3
5733 5725 3
5733 5732 3
5737 637 3
5737 5736 3
5737 5738 3
5741 637 3
5741 5740 3
5741 5742 3
5745 638 3
5745 5744 3
5745 5746 3
5749 638 3
5749 5748 3
5749 5750 3
5753 639 3
5753 5752 3
5753 5754 3
5757 639 3
5757 5756 3
5757 5758 3
5761 640 3
5761 5762 3
5761 5769 3
5765 640 3
5765 5764 3
5765 5766 3
5769 640 3
5769 5761 3
5769 5768 3
5773 641 3
5773 5772 3
5773 5774 3
5777 641 3
5777 5776 3
5777 5778 3
5781 642 3
5781 5780 3
5781 5782 3
5785 642 3
5785 5784 3
5785 5786 3
5789 643 3
5789 5788 3
5789 5790 3
5793 643 3
5793 5792 3
5793 5794 3
5797 644 3
5797 5798 3
5797 5805 3
5801 644 3
5801 5800 3
5801 5802 3
5805 644 3
5805 5797 3
5805 5804 3
5809 645 3
5809 5808 3
5809 5810 3
5813 645 3
5813 5812 3
5813 5814 3
5817 646 3
5817 5816 3
5817 5818 3
5821 646 3
5821 5820 3
5821 5822 3
5825 647 3
5825 5824 3
5825 5826 3
5829 647 3
5829 5828 3
5829 5830 3
5833 648 3
5833 5834 3
5833 5841 3
5837 648 3
5837 5836 3
5837 5838 3
5841 648 3
5841 5833 3
5841 5840 3
5845 649 3
5845 5844 3
5845 5846 3
5849 649 3
5849 5848 3
5849 5850 3
5853 650 3
5853 5852 3
5853 5854 3
5857 650 3
5857 5856 3
5857 5858 3
5861 651 3
5861 5860 3
5861 5862 3
5865 651 3
5865 5864 3
5865 5866 3
5869 652 3
5869 5870 3
5869 5877 3
5873 652 3
5873 5872 3
5873 5874 3
5877 652 3
5877 5869 3
5877 5876 3
5881 653 3
5881 5880 3
5881 5882 3
5885 653 3
5885 5884 3
5885 5886 3
5889 654 3
5889 5888 3
5889 5890 3
5893 654 3
5893 5892 3
5893 5894 3
5897 655 3
5897 5896 3
5897 5898 3
5901 655 3
5901 5900 3
5901 5902 3
5905 656 3
5905 5906 3
5905 5913 3
5909 656 3
5909 5908 3
5909 5910 3
5913 656 3
5913 5905 3
5913 5912 3
5917 657 3
5917 5916 3
5917 5918 3
5921 657 3
5921 5920 3
5921 5922 3
5925 658 3
5925 5924 3
5925 5926 3
5929 658 3
5929 5928 3
5929 5930 3
5933 659 3
5933 5932 3
5933 5934 3
5937 659 3
5937 5936 3
5937 5938 3
5941 660 3
5941 5942 3
5941 5949 3
5945 660 3
5945 5944 3
5945 5946 3
5949 660 3
5949 5941 3
5949 5948 3
5953 661 3
5953 5952 3
5953 5954 3
5957 661 3
5957 5956 3
5957 5958 3
5961 662 3
5961 5960 3
5961 5962 3
5965 662 3
5965 5964 3
5965 5966 3
5969 663 3
5969 5968 3
5969 5970 3
5973 663 3
5973 5972 3
5973 5974 3
5977 664 3
5977 5978 3
5977 5985 3
5981 664 3
5981 5980 3
5981 5982 3
5985 664 3
5985 5977 3
5985 5984 3
5989 665 3
5989 5988 3
5989 5990 3
5993 665 3
5993 5992 3
5993 5994 3
5997 666 3
5997 5996 3
5997 5998 3
6001 666 3
6001 6000 3
6001 6002 3
6005 667 3
6005 6004 3
6005 6006 3
6009 667 3
6009 6008 3
6009 6010 3
6013 668 3
6013 6014 3
6013 6021 3
6017 668 3
6017 6016 3
6017 6018 3
6021 668 3
6021 6013 3
6021 6020 3
6025 669 3
6025 6024 3
6025 6026 3
6029 669 3
6029 6028 3
6029 6030 3
6033 670 3
6033 6032 3
6033 6034 3
6037 670 3
6037 6036 3
6037 6038 3
6041 671 3
6041 6040 3
6041 6042 3
6045 671 3
6045 6044 3
6045 6046 3
6049 672 3
6049 6050 3
6049 6057 3
6053 672 3
6053 6052 3
6053 6054 3
6057 672 3
6057 6049 3
6057 6056 3
6061 673 3
6061 6060 3
6061 6062 3
6065 673 3
6065 6064 3
6065 6066 3
6069 674 3
6069 6068 3
6069 6070 3
6073 674 3
6073 6072 3
6073 6074 3
6077 675 3
6077 6076 3
6077 6078 3
6081 675 3
6081 6080 3
6081 6082 3
6085 676 3
6085 6086 3
6085 6093 3
6089 676 3
6089 6088 3
6089 6090 3
6093 676 3
6093 6085 3
6093 6092 3
6097 677 3
6097 6096 3
6097 6098 3
6101 677 3
6101 6100 3
6101 6102 3
6105 678 3
6105 6104 3
6105 6106 3
6109 678 3
6109 6108 3
6109 6110 3
6113 679 3
6113 6112 3
6113 6114 3
6117 679 3
6117 6116 3
6117 6118 3
6121 680 3
6121 6122 3
6121 6129 3
6125 680 3
6125 6124 3
6125 6126 3
6129 680 3
6129 6121 3
6129 6128 3
6133 681 3
6133 6132 3
6133 6134 3
6137 681 3
6137 6136 3
6137 6138 3
6141 682 3
6141 6140 3
6141 6142 3
6145 682 3
6145 6144 3
6145 6146 3
6149 683 3
6149 6148 3
6149 6150 3
6153 683 3
6153 6152 3
6153 6154 3
6157 684 3
6157 6158 3
6157 6165 3
6161 684 3
6161 6160 3
6161 6162 3
6165 684 3
6165 6157 3
6165 6164 3
6169 685 3
6169 6168 3
6169 6170 3
6173 685 3
6173 6172 3
6173 6174 3
6177 686 3
6177 6176 3
6177 6178 3
6181 686 3
6181 6180 3
6181 6182 3
6185 687 3
6185 6184 3
6185 6186 3
6189 687 3
6189 6188 3
6189 6190 3
6193 688 3
6193 6194 3
6193 6201 3
6197 688 3
6197 6196 3
6197 6198 3
6201 688 3
6201 6193 3
6201 6200 3
6205 689 3
6205 6204 3
6205 6206 3
6209 689 3
6209 6208 3
6209 6210 3
6213 690 3
6213 6212 3
6213 6214 3
6217 690 3
6217 6216 3
6217 6218 3
6221 691 3
6221 6220 3
6221 6222 3
6225 691 3
6225 6224 3
6225 6226 3
6229 692 3
6229 6230 3
6229 6237 3
6233 692 3
6233 6232 3
6233 6234 3
6237 692 3
6237 6229 3
6237 6236 3
6241 693 3
6241 6240 3
6241 6242 3
6245 693 3
6245 6244 3
6245 6246 3
6249 694 3
6249 6248 3
6249 6250 3
6253 694 3
6253 6252 3
6253 6254 3
6257 695 3
6257 6256 3
6257 6258 3
6261 695 3
6261 6260 3
6261 6262 3
6265 696 3
6265 6266 3
6265 6273 3
6269 696 3
6269 6268 3
6269 6270 3
6273 696 3
6273 6265 3
6273 6272 3
6277 697 3
6277 6276 3
6277 6278 3
6281 697 3
6281 6280 3
6281 6282 3
6285 698 3
6285 6284 3
6285 6286 3
6289 698 3
6289 6288 3
6289 6290 3
6293 699 3
6293 6292 3
6293 6294 3
6297 699 3
6297 6296 3
6297 6298 3
6301 700 3
6301 6302 3
6301 6309 3
6305 700 3
6305 6304 3
6305 6306 3
6309 700 3
6309 6301 3
6309 6308 3
6313 701 3
6313 6312 3
6313 6314 3
6317 701 3
6317 6316 3
6317 6318 3
6321 702 3
6321 6320 3
6321 6322 3
6325 702 3
6325 6324 3
6325 6326 3
6329 703 3
6329 6328 3
6329 6330 3
6333 703 3
6333 6332 3
6333 6334 3
6337 704 3
6337 6338 3
6337 6345 3
6341 704 3
6341 6340 3
6341 6342 3
6345 704 3
6345 6337 3
6345 6344 3
6349 705 3
6349 6348 3
6349 6350 3
6353 705 3
6353 6352 3
6353 6354 3
6357 706 3
6357 6356 3
6357 6358 3
6361 706 3
6361 6360 3
6361 6362 3
6365 707 3
6365 6364 3
6365 6366 3
6369 707 3
6369 6368 3
6369 6370 3
6373 708 3
6373 6374 3
6373 6381 3
6377 708 3
6377 6376 3
6377 6378 3
6381 708 3
6381 6373 3
6381 6380 3
6385 709 3
6385 6384 3
6385 6386 3
6389 709 3
6389 6388 3
6389 6390 3
6393 710 3
6393 6392 3
6393 6394 3
6397 710 3
6397 6396 3
6397 6398 3
6401 711 3
6401 6400 3
6401 6402 3
6405 711 3
6405 6404 3
6405 6406 3
6409 712 3
6409 6410 3
6409 6417 3
6413 712 3
6413 6412 3
6413 6414 3
6417 712 3
6417 6409 3
6417 6416 3
6421 713 3
6421 6420 3
6421 6422 3
6425 713 3
6425 6424 3
6425 6426 3
6429 714 3
6429 6428 3
6429 6430 3
6433 714 3
6433 6432 3
6433 6434 3
6437 715 3
6437 6436 3
6437 6438 3
6441 715 3
6441 6440 3
6441 6442 3
6445 716 3
6445 6446 3
6445 6453 3
6449 716 3
6449 6448 3
6449 6450 3
6453 716 3
6453 6445 3
6453 6452 3
6457 717 3
6457 6456 3
6457 6458 3
6461 717 3
6461 6460 3
6461 6462 3
6465 718 3
6465 6464 3
6465 6466 3
6469 718 3
6469 6468 3
6469 6470 3
6473 719 3
6473 6472 3
6473 6474 3
6477 719 3
6477 6476 3
6477 6478 3
6481 720 3
6481 6482 3
6481 6489 3
6485 720 3
6485 6484 3
6485 6486 3
6489 720 3
6489 6481 3
6489 6488 3
6493 721 3
6493 6492 3
6493 6494 3
6497 721 3
6497 6496 3
6497 6498 3
6501 722 3
6501 6500 3
6501 6502 3
6505 722 3
6505 6504 3
6505 6506 3
6509 723 3
6509 6508 3
6509 6510 3
6513 723 3
6513 6512 3
6513 6514 3
6517 724 3
6517 6518 3
6517 6525 3
6521 724 3
6521 6520 3
6521 6522 3
6525 724 3
6525 6517 3
6525 6524 3
6529 725 3
6529 6528 3
6529 6530 3
6533 725 3
6533 6532 3
6533 6534 3
6537 726 3
6537 6536 3
6537 6538 3
6541 726 3
6541 6540 3
6541 6542 3
6545 727 3
6545 6544 3
6545 6546 3
6549 727 3
6549 6548 3
6549 6550 3
6553 728 3
6553 6554 3
6553 6561 3
6557 728 3
6557 6556 3
6557 6558 3
6561 728 3
6561 6553 3
6561 6560 3
6565 729 3
6565 6564 3
6565 6566 3
6569 729 3
6569 6568 3
6569 6570 3
6573 730 3
6573 6572 3
6573 6574 3
6577 730 3
6577 6576 3
6577 6578 3
6581 731 3
6581 6580 3
6581 6582 3
6585 731 3
6585 6584 3
6585 6586 3
6589 732 3
6589 6590 3
6589 6597 3
6593 732 3
6593 6592 3
6593 6594 3
6597 732 3
6597 6589 3
6597 6596 3
6601 733 3
6601 6600 3
6601 6602 3
6605 733 3
6605 6604 3
6605 6606 3
6609 734 3
6609 6608 3
6609 6610 3
6613 734 3
6613 6612 3
6613 6614 3
6617 735 3
6617 6616 3
6617 6618 3
6621 735 3
6621 6620 3
6621 6622 3
6625 736 3
6625 6626 3
6625 6633 3
6629 736 3
6629 6628 3
6629 6630 3
6633 736 3
6633 6625 3
6633 6632 3
6637 737 3
6637 6636 3
6637 6638 3
6641 737 3
6641 6640 3
6641 6642 3
6645 738 3
6645 6644 3
6645 6646 3
6649 738 3
6649 6648 3
6649 6650 3
6653 739 3
6653 6652 3
6653 6654 3
6657 739 3
6657 6656 3
6657 6658 3
6661 740 3
6661 6662 3
6661 6669 3
6665 740 3
6665 6664 3
6665 6666 3
6669 740 3
6669 6661 3
6669 6668 3
6673 741 3
6673 6672 3
6673 6674 3
6677 741 3
6677 6676 3
6677 6678 3
6681 742 3
6681 6680 3
6681 6682 3
6685 742 3
6685 6684 3
6685 6686 3
6689 743 3
6689 6688 3
6689 6690 3
6693 743 3
6693 6692 3
6693 6694 3
6697 744 3
6697 6698 3
6697 6705 3
6701 744 3
6701 6700 3
6701 6702 3
6705 744 3
6705 6697 3
6705 6704 3
6709 745 3
6709 6708 3
6709 6710 3
6713 745 3
6713 6712 3
6713 6714 3
6717 746 3
6717 6716 3
6717 6718 3
6721 746 3
6721 6720 3
6721 6722 3
6725 747 3
6725 6724 3
6725 6726 3
6729 747 3
6729 6728 3
6729 6730 3
6733 748 3
6733 6734 3
6733 6741 3
6737 748 3
6737 6736 3
6737 6738 3
6741 748 3
6741 6733 3
6741 6740 3
6745 749 3
6745 6744 3
6745 6746 3
6749 749 3
6749 6748 3
6749 6750 3
6753 750 3
6753 6752 3
6753 6754 3
6757 750 3
6757 6756 3
6757 6758 3
6761 751 3
6761 6760 3
6761 6762 3
6765 751 3
6765 6764 3
6765 6766 3
6769 752 3
6769 6770 3
6769 6777 3
6773 752 3
6773 6772 3
6773 6774 3
6777 752 3
6777 6769 3
6777 6776 3
6781 753 3
6781 6780 3
6781 6782 3
6785 753 3
6785 6784 3
6785 6786 3
6789 754 3
6789 6788 3
6789 6790 3
6793 754 3
6793 6792 3
6793 6794 3
6797 755 3
6797 6796 3
6797 6798 3
6801 755 3
6801 6800 3
6801 6802 3
6805 756 3
6805 6806 3
6805 6813 3
6809 756 3
6809 6808 3
6809 6810 3
6813 756 3
6813 6805 3
6813 6812 3
6817 757 3
6817 6816 3
6817 6818 3
6821 757 3
6821 6820 3
6821 6822 3
6825 758 3
6825 6824 3
6825 6826 3
6829 758 3
6829 6828 3
6829 6830 3
6833 759 3
6833 6832 3
6833 6834 3
6837 759 3
6837 6836 3
6837 6838 3
6841 760 3
6841 6842 3
6841 6849 3
6845 760 3
6845 6844 3
6845 6846 3
6849 760 3
6849 6841 3
6849 6848 3
6853 761 3
6853 6852 3
6853 6854 3
6857 761 3
6857 6856 3
6857 6858 3
6861 762 3
6861 6860 3
6861 6862 3
6865 762 3
6865 6864 3
6865 6866 3
6869 763 3
6869 6868 3
6869 6870 3
6873 763 3
6873 6872 3
6873 6874 3
6877 764 3
6877 6878 3
6877 6885 3
6881 764 3
6881 6880 3
6881 6882 3
6885 764 3
6885 6877 3
6885 6884 3
6889 765 3
6889 6888 3
6889 6890 3
6893 765 3
6893 6892 3
6893 6894 3
6897 766 3
6897 6896 3
6897 6898 3
6901 766 3
6901 6900 3
6901 6902 3
6905 767 3
6905 6904 3
6905 6906 3
6909 767 3
6909 6908 3
6909 6910 3
6913 768 3
6913 6914 3
6913 6921 3
6917 768 3
6917 6916 3
6917 6918 3
6921 768 3
6921 6913 3
6921 6920 3
6925 769 3
6925 6924 3
6925 6926 3
6929 769 3
6929 6928 3
6929 6930 3
6933 770 3
6933 6932 3
6933 6934 3
6937 770 3
6937 6936 3
6937 6938 3
6941 771 3
6941 6940 3
6941 6942 3
6945 771 3
6945 6944 3
6945 6946 3
6949 772 3
6949 6950 3
6949 6957 3
6953 772 3
6953 6952 3
6953 6954 3
6957 772 3
6957 6949 3
6957 6956 3
6961 773 3
6961 6960 3
6961 6962 3
6965 773 3
6965 6964 3
6965 6966 3
6969 774 3
6969 6968 3
6969 6970 3
6973 774 3
6973 6972 3
6973 6974 3
6977 775 3
6977 6976 3
6977 6978 3
6981 775 3
6981 6980 3
6981 6982 3
6985 776 3
6985 6986 3
6985 6993 3
6989 776 3
6989 6988 3
6989 6990 3
6993 776 3
6993 6985 3
6993 6992 3
6997 777 3
6997 6996 3
6997 6998 3
7001 777 3
7001 7000 3
7001 7002 3
7005 778 3
7005 7004 3
7005 7006 3
7009 778 3
7009 7008 3
7009 7010 3
7013 779 3
7013 7012 3
7013 7014 3
7017 779 3
7017 7016 3
7017 7018 3
7021 780 3
7021 7022 3
7021 7029 3
7025 780 3
7025 7024 3
7025 7026 3
7029 780 3
7029 7021 3
7029 7028 3
7033 781 3
7033 7032 3
7033 7034 3
7037 781 3
7037 7036 3
7037 7038 3
7041 782 3
7041 7040 3
7041 7042 3
7045 782 3
7045 7044 3
7045 7046 3
7049 783 3
7049 7048 3
7049 7050 3
7053 783 3
7053 7052 3
7053 7054 3
7057 784 3
7057 7058 3
7057 7065 3
7061 784 3
7061 7060 3
7061 7062 3
7065 784 3
7065 7057 3
7065 7064 3
7069 785 3
7069 7068 3
7069 7070 3
7073 785 3
7073 7072 3
7073 7074 3
7077 786 3
7077 7076 3
7077 7078 3
7081 786 3
7081 7080 3
7081 7082 3
7085 787 3
7085 7084 3
7085 7086 3
7089 787 3
7089 7088 3
7089 7090 3
7093 788 3
7093 7094 3
7093 7101 3
7097 788 3
7097 7096 3
7097 7098 3
7101 788 3
7101 7093 3
7101 7100 3
7105 789 3
7105 7104 3
7105 7106 3
7109 789 3
7109 7108 3
7109 7110 3
7113 790 3
7113 7112 3
7113 7114 3
7117 790 3
7117 7116 3
7117 7118 3
7121 791 3
7121 7120 3
7121 7122 3
7125 791 3
7125 7124 3
7125 7126 3
7129 792 3
7129 7130 3
7129 7137 3
7133 792 3
7133 7132 3
7133 7134 3
7137 792 3
7137 7129 3
7137 7136 3
7141 793 3
7141 7140 3
7141 7142 3
7145 793 3
7145 7144 3
7145 7146 3
7149 794 3
7149 7148 3
7149 7150 3
7153 794 3
7153 7152 3
7153 7154 3
7157 795 3
7157 7156 3
7157 7158 3
7161 795 3
7161 7160 3
7161 7162 3
7165 796 3
7165 7166 3
7165 7173 3
7169 796 3
7169 7168 3
7169 7170 3
7173 796 3
7173 7165 3
7173 7172 3
7177 797 3
7177 7176 3
7177 7178 3
7181 797 3
7181 7180 3
7181 7182 3
7185 798 3
7185 7184 3
7185 7186 3
7189 798 3
7189 7188 3
7189 7190 3
7193 799 3
7193 7192 3
7193 7194 3
7197 799 3
7197 7196 3
7197 7198 3
7201 800 3
7201 7202 3
7201 7209 3
7205 800 3
7205 7204 3
7205 7206 3
7209 800 3
7209 7201 3
7209 7208 3
7213 801 3
7213 7212 3
7213 7214 3
7217 801 3
7217 7216 3
7217 7218 3
7221 802 3
7221 7220 3
7221 7222 3
7225 802 3
7225 7224 3
7225 7226 3
7229 803 3
7229 7228 3
7229 7230 3
7233 803 3
7233 7232 3
7233 7234 3
7237 804 3
7237 7238 3
7237 7245 3
7241 804 3
7241 7240 3
7241 7242 3
7245 804 3
7245 7237 3
7245 7244 3
7249 805 3
7249 7248 3
7249 7250 3
7253 805 3
7253 7252 3
7253 7254 3
7257 806 3
7257 7256 3
7257 7258 3
7261 806 3
7261 7260 3
7261 7262 3
7265 807 3
7265 7264 3
7265 7266 3
7269 807 3
7269 7268 3
7269 7270 3
7273 808 3
7273 7274 3
7273 7281 3
7277 808 3
7277 7276 3
7277 7278 3
7281 808 3
7281 7273 3
7281 7280 3
7285 809 3
7285 7284 3
7285 7286 3
7289 809 3
7289 7288 3
7289 7290 3
7293 810 3
7293 7292 3
7293 7294 3
7297 810 3
7297 7296 3
7297 7298 3
7301 811 3
7301 7300 3
7301 7302 3
7305 811 3
7305 7304 3
7305 7306 3
7309 812 3
7309 7310 3
7309 7317 3
7313 812 3
7313 7312 3
7313 7314 3
7317 812 3
7317 7309 3
7317 7316 3
7321 813 3
7321 7320 3
7321 7322 3
7325 813 3
7325 7324 3
7325 7326 3
7329 814 3
7329 7328 3
7329 7330 3
7333 814 3
7333 7332 3
7333 7334 3
7337 815 3
7337 7336 3
7337 7338 3
7341 815 3
7341 7340 3
7341 7342 3
7345 816 3
7345 7346 3
7345 7353 3
7349 816 3
7349 7348 3
7349 7350 3
7353 816 3
7353 7345 3
7353 7352 3
7357 817 3
7357 7356 3
7357 7358 3
7361 817 3
7361 7360 3
7361 7362 3
7365 818 3
7365 7364 3
7365 7366 3
7369 818 3
7369 7368 3
7369 7370 3
7373 819 3
7373 7372 3
7373 7374 3
7377 819 3
7377 7376 3
7377 7378 3
