489
1465
2 0 2
2 1 2
2 3 2
2 4 2
2 5 2
2 6 2
2 332 2
2 333 2
2 334 2
2 335 2
2 336 2
6 0 2
6 1 2
6 2 2
6 3 2
6 4 2
6 5 2
6 1632 2
6 1633 2
6 1634 2
6 1635 2
6 1636 2
10 1 2
10 7 2
10 8 2
10 9 2
10 11 2
10 204 2
10 205 2
10 206 2
10 207 2
14 7 2
14 12 2
14 13 2
14 15 2
14 46 2
14 47 2
14 48 2
18 12 2
18 16 2
18 17 2
18 27 2
18 28 2
22 20 2
26 24 2
30 28 2
34 31 2
34 35 2
34 36 2
38 32 2
38 39 2
38 40 2
42 33 2
42 43 2
42 44 2
46 14 2
46 47 2
46 48 2
46 49 2
46 50 2
50 46 2
50 49 2
50 52 2
54 47 2
54 53 2
54 56 2
58 48 2
58 57 2
58 60 2
62 15 2
62 61 2
62 63 2
62 68 2
62 69 2
66 64 2
70 68 2
74 72 2
78 8 2
78 76 2
78 77 2
78 79 2
78 110 2
78 111 2
78 112 2
82 76 2
82 80 2
82 81 2
82 91 2
82 92 2
86 84 2
90 88 2
94 92 2
98 95 2
98 99 2
98 100 2
102 96 2
102 103 2
102 104 2
106 97 2
106 107 2
106 108 2
110 78 2
110 111 2
110 112 2
110 113 2
110 114 2
114 110 2
114 113 2
114 116 2
118 111 2
118 117 2
118 120 2
122 112 2
122 121 2
122 124 2
126 79 2
126 125 2
126 127 2
126 132 2
126 133 2
130 128 2
134 132 2
138 136 2
142 9 2
142 140 2
142 141 2
142 143 2
142 174 2
142 175 2
142 176 2
146 140 2
146 144 2
146 145 2
146 155 2
146 156 2
150 148 2
154 152 2
158 156 2
162 159 2
162 163 2
162 164 2
166 160 2
166 167 2
166 168 2
170 161 2
170 171 2
170 172 2
174 142 2
174 175 2
174 176 2
174 177 2
174 178 2
178 174 2
178 177 2
178 180 2
182 175 2
182 181 2
182 184 2
186 176 2
186 185 2
186 188 2
190 143 2
190 189 2
190 191 2
190 196 2
190 197 2
194 192 2
198 196 2
202 200 2
206 10 2
206 204 2
206 205 2
206 207 2
206 238 2
206 239 2
206 240 2
210 204 2
210 208 2
210 209 2
210 219 2
210 220 2
214 212 2
218 216 2
222 220 2
226 223 2
226 227 2
226 228 2
230 224 2
230 231 2
230 232 2
234 225 2
234 235 2
234 236 2
238 206 2
238 239 2
238 240 2
238 241 2
238 242 2
242 238 2
242 241 2
242 244 2
246 239 2
246 245 2
246 248 2
250 240 2
250 249 2
250 252 2
254 207 2
254 253 2
254 255 2
254 260 2
254 261 2
258 256 2
262 260 2
266 264 2
270 11 2
270 268 2
270 269 2
270 271 2
270 302 2
270 303 2
270 304 2
274 268 2
274 272 2
274 273 2
274 283 2
274 284 2
278 276 2
282 280 2
286 284 2
290 287 2
290 291 2
290 292 2
294 288 2
294 295 2
294 296 2
298 289 2
298 299 2
298 300 2
302 270 2
302 303 2
302 304 2
302 305 2
302 306 2
306 302 2
306 305 2
306 308 2
310 303 2
310 309 2
310 312 2
314 304 2
314 313 2
314 316 2
318 271 2
318 317 2
318 319 2
318 324 2
318 325 2
322 320 2
326 324 2
330 328 2
334 2 2
334 332 2
334 333 2
334 335 2
334 336 2
334 465 2
334 466 2
334 467 2
334 468 2
338 332 2
338 337 2
338 339 2
338 340 2
338 356 2
338 357 2
338 358 2
342 337 2
342 341 2
342 343 2
342 348 2
342 349 2
346 344 2
350 348 2
354 352 2
358 338 2
358 356 2
358 357 2
358 367 2
358 368 2
362 360 2
366 364 2
370 368 2
374 371 2
374 375 2
374 376 2
378 372 2
378 379 2
378 380 2
382 373 2
382 383 2
382 384 2
386 340 2
386 387 2
386 388 2
386 389 2
386 390 2
390 386 2
390 389 2
390 392 2
394 387 2
394 393 2
394 396 2
398 388 2
398 397 2
398 400 2
402 333 2
402 401 2
402 403 2
402 404 2
402 420 2
402 421 2
402 422 2
406 401 2
406 405 2
406 407 2
406 412 2
406 413 2
410 408 2
414 412 2
418 416 2
422 402 2
422 420 2
422 421 2
422 431 2
422 432 2
426 424 2
430 428 2
434 432 2
438 435 2
438 439 2
438 440 2
442 436 2
442 443 2
442 444 2
446 437 2
446 447 2
446 448 2
450 404 2
450 451 2
450 452 2
450 453 2
450 454 2
454 450 2
454 453 2
454 456 2
458 451 2
458 457 2
458 460 2
462 452 2
462 461 2
462 464 2
466 334 2
466 465 2
466 467 2
466 468 2
466 484 2
466 485 2
466 486 2
470 465 2
470 469 2
470 471 2
470 476 2
470 477 2
474 472 2
478 476 2
482 480 2
486 466 2
486 484 2
486 485 2
486 495 2
486 496 2
490 488 2
494 492 2
498 496 2
502 499 2
502 503 2
502 504 2
506 500 2
506 507 2
506 508 2
510 501 2
510 511 2
510 512 2
514 468 2
514 515 2
514 516 2
514 517 2
514 518 2
518 514 2
518 517 2
518 520 2
522 515 2
522 521 2
522 524 2
526 516 2
526 525 2
526 528 2
530 335 2
530 529 2
530 531 2
530 532 2
530 548 2
530 549 2
530 550 2
534 529 2
534 533 2
534 535 2
534 540 2
534 541 2
538 536 2
542 540 2
546 544 2
550 530 2
550 548 2
550 549 2
550 559 2
550 560 2
554 552 2
558 556 2
562 560 2
566 563 2
566 567 2
566 568 2
570 564 2
570 571 2
570 572 2
574 565 2
574 575 2
574 576 2
578 532 2
578 579 2
578 580 2
578 581 2
578 582 2
582 578 2
582 581 2
582 584 2
586 579 2
586 585 2
586 588 2
590 580 2
590 589 2
590 592 2
594 336 2
594 593 2
594 595 2
594 596 2
594 612 2
594 613 2
594 614 2
598 593 2
598 597 2
598 599 2
598 604 2
598 605 2
602 600 2
606 604 2
610 608 2
614 594 2
614 612 2
614 613 2
614 623 2
614 624 2
618 616 2
622 620 2
626 624 2
630 627 2
630 631 2
630 632 2
634 628 2
634 635 2
634 636 2
638 629 2
638 639 2
638 640 2
642 596 2
642 643 2
642 644 2
642 645 2
642 646 2
646 642 2
646 645 2
646 648 2
650 643 2
650 649 2
650 652 2
654 644 2
654 653 2
654 656 2
658 3 2
658 657 2
658 659 2
658 660 2
658 661 2
658 726 2
658 727 2
658 728 2
658 729 2
662 657 2
662 663 2
662 664 2
662 665 2
662 666 2
662 667 2
662 668 2
666 662 2
666 667 2
666 668 2
666 669 2
666 670 2
670 666 2
670 669 2
670 672 2
674 667 2
674 673 2
674 676 2
678 668 2
678 677 2
678 680 2
682 663 2
682 681 2
682 683 2
682 688 2
682 689 2
686 684 2
690 688 2
694 692 2
698 664 2
698 696 2
698 697 2
698 707 2
698 708 2
702 700 2
706 704 2
710 708 2
714 711 2
714 715 2
714 716 2
718 712 2
718 719 2
718 720 2
722 713 2
722 723 2
722 724 2
726 658 2
726 727 2
726 728 2
726 729 2
726 730 2
726 731 2
726 732 2
730 726 2
730 731 2
730 732 2
730 733 2
730 734 2
734 730 2
734 733 2
734 736 2
738 731 2
738 737 2
738 740 2
742 732 2
742 741 2
742 744 2
746 727 2
746 745 2
746 747 2
746 752 2
746 753 2
750 748 2
754 752 2
758 756 2
762 728 2
762 760 2
762 761 2
762 771 2
762 772 2
766 764 2
770 768 2
774 772 2
778 775 2
778 779 2
778 780 2
782 776 2
782 783 2
782 784 2
786 777 2
786 787 2
786 788 2
790 659 2
790 791 2
790 792 2
790 793 2
790 794 2
790 795 2
790 796 2
794 790 2
794 795 2
794 796 2
794 797 2
794 798 2
798 794 2
798 797 2
798 800 2
802 795 2
802 801 2
802 804 2
806 796 2
806 805 2
806 808 2
810 791 2
810 809 2
810 811 2
810 816 2
810 817 2
814 812 2
818 816 2
822 820 2
826 792 2
826 824 2
826 825 2
826 835 2
826 836 2
830 828 2
834 832 2
838 836 2
842 839 2
842 843 2
842 844 2
846 840 2
846 847 2
846 848 2
850 841 2
850 851 2
850 852 2
854 660 2
854 855 2
854 856 2
854 857 2
854 858 2
854 859 2
854 860 2
858 854 2
858 859 2
858 860 2
858 861 2
858 862 2
862 858 2
862 861 2
862 864 2
866 859 2
866 865 2
866 868 2
870 860 2
870 869 2
870 872 2
874 855 2
874 873 2
874 875 2
874 880 2
874 881 2
878 876 2
882 880 2
886 884 2
890 856 2
890 888 2
890 889 2
890 899 2
890 900 2
894 892 2
898 896 2
902 900 2
906 903 2
906 907 2
906 908 2
910 904 2
910 911 2
910 912 2
914 905 2
914 915 2
914 916 2
918 661 2
918 919 2
918 920 2
918 921 2
918 922 2
918 923 2
918 924 2
922 918 2
922 923 2
922 924 2
922 925 2
922 926 2
926 922 2
926 925 2
926 928 2
930 923 2
930 929 2
930 932 2
934 924 2
934 933 2
934 936 2
938 919 2
938 937 2
938 939 2
938 944 2
938 945 2
942 940 2
946 944 2
950 948 2
954 920 2
954 952 2
954 953 2
954 963 2
954 964 2
958 956 2
962 960 2
966 964 2
970 967 2
970 971 2
970 972 2
974 968 2
974 975 2
974 976 2
978 969 2
978 979 2
978 980 2
982 4 2
982 983 2
982 984 2
982 985 2
982 986 2
982 987 2
982 988 2
982 989 2
982 990 2
986 4 2
986 982 2
986 983 2
986 984 2
986 985 2
986 1243 2
986 1244 2
986 1245 2
986 1246 2
990 982 2
990 987 2
990 988 2
990 989 2
990 1036 2
990 1037 2
990 1038 2
994 991 2
994 995 2
994 996 2
998 992 2
998 999 2
998 1000 2
1002 993 2
1002 1003 2
1002 1004 2
1006 988 2
1006 1007 2
1006 1008 2
1006 1009 2
1006 1010 2
1010 1006 2
1010 1009 2
1010 1012 2
1014 1007 2
1014 1013 2
1014 1016 2
1018 1008 2
1018 1017 2
1018 1020 2
1022 989 2
1022 1021 2
1022 1023 2
1022 1028 2
1022 1029 2
1026 1024 2
1030 1028 2
1034 1032 2
1038 990 2
1038 1036 2
1038 1037 2
1038 1047 2
1038 1048 2
1042 1040 2
1046 1044 2
1050 1048 2
1054 983 2
1054 1051 2
1054 1052 2
1054 1053 2
1054 1100 2
1054 1101 2
1054 1102 2
1058 1055 2
1058 1059 2
1058 1060 2
1062 1056 2
1062 1063 2
1062 1064 2
1066 1057 2
1066 1067 2
1066 1068 2
1070 1052 2
1070 1071 2
1070 1072 2
1070 1073 2
1070 1074 2
1074 1070 2
1074 1073 2
1074 1076 2
1078 1071 2
1078 1077 2
1078 1080 2
1082 1072 2
1082 1081 2
1082 1084 2
1086 1053 2
1086 1085 2
1086 1087 2
1086 1092 2
1086 1093 2
1090 1088 2
1094 1092 2
1098 1096 2
1102 1054 2
1102 1100 2
1102 1101 2
1102 1111 2
1102 1112 2
1106 1104 2
1110 1108 2
1114 1112 2
1118 984 2
1118 1115 2
1118 1116 2
1118 1117 2
1118 1164 2
1118 1165 2
1118 1166 2
1122 1119 2
1122 1123 2
1122 1124 2
1126 1120 2
1126 1127 2
1126 1128 2
1130 1121 2
1130 1131 2
1130 1132 2
1134 1116 2
1134 1135 2
1134 1136 2
1134 1137 2
1134 1138 2
1138 1134 2
1138 1137 2
1138 1140 2
1142 1135 2
1142 1141 2
1142 1144 2
1146 1136 2
1146 1145 2
1146 1148 2
1150 1117 2
1150 1149 2
1150 1151 2
1150 1156 2
1150 1157 2
1154 1152 2
1158 1156 2
1162 1160 2
1166 1118 2
1166 1164 2
1166 1165 2
1166 1175 2
1166 1176 2
1170 1168 2
1174 1172 2
1178 1176 2
1182 985 2
1182 1179 2
1182 1180 2
1182 1181 2
1182 1228 2
1182 1229 2
1182 1230 2
1186 1183 2
1186 1187 2
1186 1188 2
1190 1184 2
1190 1191 2
1190 1192 2
1194 1185 2
1194 1195 2
1194 1196 2
1198 1180 2
1198 1199 2
1198 1200 2
1198 1201 2
1198 1202 2
1202 1198 2
1202 1201 2
1202 1204 2
1206 1199 2
1206 1205 2
1206 1208 2
1210 1200 2
1210 1209 2
1210 1212 2
1214 1181 2
1214 1213 2
1214 1215 2
1214 1220 2
1214 1221 2
1218 1216 2
1222 1220 2
1226 1224 2
1230 1182 2
1230 1228 2
1230 1229 2
1230 1239 2
1230 1240 2
1234 1232 2
1238 1236 2
1242 1240 2
1246 986 2
1246 1243 2
1246 1244 2
1246 1245 2
1246 1292 2
1246 1293 2
1246 1294 2
1250 1247 2
1250 1251 2
1250 1252 2
1254 1248 2
1254 1255 2
1254 1256 2
1258 1249 2
1258 1259 2
1258 1260 2
1262 1244 2
1262 1263 2
1262 1264 2
1262 1265 2
1262 1266 2
1266 1262 2
1266 1265 2
1266 1268 2
1270 1263 2
1270 1269 2
1270 1272 2
1274 1264 2
1274 1273 2
1274 1276 2
1278 1245 2
1278 1277 2
1278 1279 2
1278 1284 2
1278 1285 2
1282 1280 2
1286 1284 2
1290 1288 2
1294 1246 2
1294 1292 2
1294 1293 2
1294 1303 2
1294 1304 2
1298 1296 2
1302 1300 2
1306 1304 2
1310 5 2
1310 1307 2
1310 1308 2
1310 1309 2
1310 1311 2
1310 1504 2
1310 1505 2
1310 1506 2
1310 1507 2
1314 1307 2
1314 1312 2
1314 1313 2
1314 1315 2
1314 1346 2
1314 1347 2
1314 1348 2
1318 1312 2
1318 1316 2
1318 1317 2
1318 1327 2
1318 1328 2
1322 1320 2
1326 1324 2
1330 1328 2
1334 1331 2
1334 1335 2
1334 1336 2
1338 1332 2
1338 1339 2
1338 1340 2
1342 1333 2
1342 1343 2
1342 1344 2
1346 1314 2
1346 1347 2
1346 1348 2
1346 1349 2
1346 1350 2
1350 1346 2
1350 1349 2
1350 1352 2
1354 1347 2
1354 1353 2
1354 1356 2
1358 1348 2
1358 1357 2
1358 1360 2
1362 1315 2
1362 1361 2
1362 1363 2
1362 1368 2
1362 1369 2
1366 1364 2
1370 1368 2
1374 1372 2
1378 1308 2
1378 1376 2
1378 1377 2
1378 1379 2
1378 1410 2
1378 1411 2
1378 1412 2
1382 1376 2
1382 1380 2
1382 1381 2
1382 1391 2
1382 1392 2
1386 1384 2
1390 1388 2
1394 1392 2
1398 1395 2
1398 1399 2
1398 1400 2
1402 1396 2
1402 1403 2
1402 1404 2
1406 1397 2
1406 1407 2
1406 1408 2
1410 1378 2
1410 1411 2
1410 1412 2
1410 1413 2
1410 1414 2
1414 1410 2
1414 1413 2
1414 1416 2
1418 1411 2
1418 1417 2
1418 1420 2
1422 1412 2
1422 1421 2
1422 1424 2
1426 1379 2
1426 1425 2
1426 1427 2
1426 1432 2
1426 1433 2
1430 1428 2
1434 1432 2
1438 1436 2
1442 1309 2
1442 1440 2
1442 1441 2
1442 1443 2
1442 1474 2
1442 1475 2
1442 1476 2
1446 1440 2
1446 1444 2
1446 1445 2
1446 1455 2
1446 1456 2
1450 1448 2
1454 1452 2
1458 1456 2
1462 1459 2
1462 1463 2
1462 1464 2
1466 1460 2
1466 1467 2
1466 1468 2
1470 1461 2
1470 1471 2
1470 1472 2
1474 1442 2
1474 1475 2
1474 1476 2
1474 1477 2
1474 1478 2
1478 1474 2
1478 1477 2
1478 1480 2
1482 1475 2
1482 1481 2
1482 1484 2
1486 1476 2
1486 1485 2
1486 1488 2
1490 1443 2
1490 1489 2
1490 1491 2
1490 1496 2
1490 1497 2
1494 1492 2
1498 1496 2
1502 1500 2
1506 1310 2
1506 1504 2
1506 1505 2
1506 1507 2
1506 1538 2
1506 1539 2
1506 1540 2
1510 1504 2
1510 1508 2
1510 1509 2
1510 1519 2
1510 1520 2
1514 1512 2
1518 1516 2
1522 1520 2
1526 1523 2
1526 1527 2
1526 1528 2
1530 1524 2
1530 1531 2
1530 1532 2
1534 1525 2
1534 1535 2
1534 1536 2
1538 1506 2
1538 1539 2
1538 1540 2
1538 1541 2
1538 1542 2
1542 1538 2
1542 1541 2
1542 1544 2
1546 1539 2
1546 1545 2
1546 1548 2
1550 1540 2
1550 1549 2
1550 1552 2
1554 1507 2
1554 1553 2
1554 1555 2
1554 1560 2
1554 1561 2
1558 1556 2
1562 1560 2
1566 1564 2
1570 1311 2
1570 1568 2
1570 1569 2
1570 1571 2
1570 1602 2
1570 1603 2
1570 1604 2
1574 1568 2
1574 1572 2
1574 1573 2
1574 1583 2
1574 1584 2
1578 1576 2
1582 1580 2
1586 1584 2
1590 1587 2
1590 1591 2
1590 1592 2
1594 1588 2
1594 1595 2
1594 1596 2
1598 1589 2
1598 1599 2
1598 1600 2
1602 1570 2
1602 1603 2
1602 1604 2
1602 1605 2
1602 1606 2
1606 1602 2
1606 1605 2
1606 1608 2
1610 1603 2
1610 1609 2
1610 1612 2
1614 1604 2
1614 1613 2
1614 1616 2
1618 1571 2
1618 1617 2
1618 1619 2
1618 1624 2
1618 1625 2
1622 1620 2
1626 1624 2
1630 1628 2
1634 6 2
1634 1632 2
1634 1633 2
1634 1635 2
1634 1636 2
1634 1765 2
1634 1766 2
1634 1767 2
1634 1768 2
1638 1632 2
1638 1637 2
1638 1639 2
1638 1640 2
1638 1656 2
1638 1657 2
1638 1658 2
1642 1637 2
1642 1641 2
1642 1643 2
1642 1648 2
1642 1649 2
1646 1644 2
1650 1648 2
1654 1652 2
1658 1638 2
1658 1656 2
1658 1657 2
1658 1667 2
1658 1668 2
1662 1660 2
1666 1664 2
1670 1668 2
1674 1671 2
1674 1675 2
1674 1676 2
1678 1672 2
1678 1679 2
1678 1680 2
1682 1673 2
1682 1683 2
1682 1684 2
1686 1640 2
1686 1687 2
1686 1688 2
1686 1689 2
1686 1690 2
1690 1686 2
1690 1689 2
1690 1692 2
1694 1687 2
1694 1693 2
1694 1696 2
1698 1688 2
1698 1697 2
1698 1700 2
1702 1633 2
1702 1701 2
1702 1703 2
1702 1704 2
1702 1720 2
1702 1721 2
1702 1722 2
1706 1701 2
1706 1705 2
1706 1707 2
1706 1712 2
1706 1713 2
1710 1708 2
1714 1712 2
1718 1716 2
1722 1702 2
1722 1720 2
1722 1721 2
1722 1731 2
1722 1732 2
1726 1724 2
1730 1728 2
1734 1732 2
1738 1735 2
1738 1739 2
1738 1740 2
1742 1736 2
1742 1743 2
1742 1744 2
1746 1737 2
1746 1747 2
1746 1748 2
1750 1704 2
1750 1751 2
1750 1752 2
1750 1753 2
1750 1754 2
1754 1750 2
1754 1753 2
1754 1756 2
1758 1751 2
1758 1757 2
1758 1760 2
1762 1752 2
1762 1761 2
1762 1764 2
1766 1634 2
1766 1765 2
1766 1767 2
1766 1768 2
1766 1784 2
1766 1785 2
1766 1786 2
1770 1765 2
1770 1769 2
1770 1771 2
1770 1776 2
1770 1777 2
1774 1772 2
1778 1776 2
1782 1780 2
1786 1766 2
1786 1784 2
1786 1785 2
1786 1795 2
1786 1796 2
1790 1788 2
1794 1792 2
1798 1796 2
1802 1799 2
1802 1803 2
1802 1804 2
1806 1800 2
1806 1807 2
1806 1808 2
1810 1801 2
1810 1811 2
1810 1812 2
1814 1768 2
1814 1815 2
1814 1816 2
1814 1817 2
1814 1818 2
1818 1814 2
1818 1817 2
1818 1820 2
1822 1815 2
1822 1821 2
1822 1824 2
1826 1816 2
1826 1825 2
1826 1828 2
1830 1635 2
1830 1829 2
1830 1831 2
1830 1832 2
1830 1848 2
1830 1849 2
1830 1850 2
1834 1829 2
1834 1833 2
1834 1835 2
1834 1840 2
1834 1841 2
1838 1836 2
1842 1840 2
1846 1844 2
1850 1830 2
1850 1848 2
1850 1849 2
1850 1859 2
1850 1860 2
1854 1852 2
1858 1856 2
1862 1860 2
1866 1863 2
1866 1867 2
1866 1868 2
1870 1864 2
1870 1871 2
1870 1872 2
1874 1865 2
1874 1875 2
1874 1876 2
1878 1832 2
1878 1879 2
1878 1880 2
1878 1881 2
1878 1882 2
1882 1878 2
1882 1881 2
1882 1884 2
1886 1879 2
1886 1885 2
1886 1888 2
1890 1880 2
1890 1889 2
1890 1892 2
1894 1636 2
1894 1893 2
1894 1895 2
1894 1896 2
1894 1912 2
1894 1913 2
1894 1914 2
1898 1893 2
1898 1897 2
1898 1899 2
1898 1904 2
1898 1905 2
1902 1900 2
1906 1904 2
1910 1908 2
1914 1894 2
1914 1912 2
1914 1913 2
1914 1923 2
1914 1924 2
1918 1916 2
1922 1920 2
1926 1924 2
1930 1927 2
1930 1931 2
1930 1932 2
1934 1928 2
1934 1935 2
1934 1936 2
1938 1929 2
1938 1939 2
1938 1940 2
1942 1896 2
1942 1943 2
1942 1944 2
1942 1945 2
1942 1946 2
1946 1942 2
1946 1945 2
1946 1948 2
1950 1943 2
1950 1949 2
1950 1952 2
1954 1944 2
1954 1953 2
1954 1956 2
