1957
5862
0 1 2
0 2 2
0 3 2
0 4 2
0 5 2
0 6 2
1 0 2
1 2 2
1 3 2
1 4 2
1 5 2
1 6 2
1 7 2
1 8 2
1 9 2
1 10 2
1 11 2
2 0 2
2 1 2
2 3 2
2 4 2
2 5 2
2 6 2
2 332 2
2 333 2
2 334 2
2 335 2
2 336 2
3 0 2
3 1 2
3 2 2
3 4 2
3 5 2
3 6 2
3 657 2
3 658 2
3 659 2
3 660 2
3 661 2
4 0 2
4 1 2
4 2 2
4 3 2
4 5 2
4 6 2
4 982 2
4 983 2
4 984 2
4 985 2
4 986 2
5 0 2
5 1 2
5 2 2
5 3 2
5 4 2
5 6 2
5 1307 2
5 1308 2
5 1309 2
5 1310 2
5 1311 2
6 0 2
6 1 2
6 2 2
6 3 2
6 4 2
6 5 2
6 1632 2
6 1633 2
6 1634 2
6 1635 2
6 1636 2
7 1 2
7 8 2
7 9 2
7 10 2
7 11 2
7 12 2
7 13 2
7 14 2
7 15 2
8 1 2
8 7 2
8 9 2
8 10 2
8 11 2
8 76 2
8 77 2
8 78 2
8 79 2
9 1 2
9 7 2
9 8 2
9 10 2
9 11 2
9 140 2
9 141 2
9 142 2
9 143 2
10 1 2
10 7 2
10 8 2
10 9 2
10 11 2
10 204 2
10 205 2
10 206 2
10 207 2
11 1 2
11 7 2
11 8 2
11 9 2
11 10 2
11 268 2
11 269 2
11 270 2
11 271 2
12 7 2
12 13 2
12 14 2
12 15 2
12 16 2
12 17 2
12 18 2
13 7 2
13 12 2
13 14 2
13 15 2
13 31 2
13 32 2
13 33 2
14 7 2
14 12 2
14 13 2
14 15 2
14 46 2
14 47 2
14 48 2
15 7 2
15 12 2
15 13 2
15 14 2
15 61 2
15 62 2
15 63 2
16 12 2
16 17 2
16 18 2
16 19 2
16 20 2
17 12 2
17 16 2
17 18 2
17 23 2
17 24 2
18 12 2
18 16 2
18 17 2
18 27 2
18 28 2
19 16 2
19 20 2
19 21 2
20 16 2
20 19 2
20 22 2
21 19 2
22 20 2
23 17 2
23 24 2
23 25 2
24 17 2
24 23 2
24 26 2
25 23 2
26 24 2
27 18 2
27 28 2
27 29 2
28 18 2
28 27 2
28 30 2
29 27 2
30 28 2
31 13 2
31 32 2
31 33 2
31 34 2
31 35 2
32 13 2
32 31 2
32 33 2
32 38 2
32 39 2
33 13 2
33 31 2
33 32 2
33 42 2
33 43 2
34 31 2
34 35 2
34 36 2
35 31 2
35 34 2
35 37 2
36 34 2
37 35 2
38 32 2
38 39 2
38 40 2
39 32 2
39 38 2
39 41 2
40 38 2
41 39 2
42 33 2
42 43 2
42 44 2
43 33 2
43 42 2
43 45 2
44 42 2
45 43 2
46 14 2
46 47 2
46 48 2
46 49 2
46 50 2
47 14 2
47 46 2
47 48 2
47 53 2
47 54 2
48 14 2
48 46 2
48 47 2
48 57 2
48 58 2
49 46 2
49 50 2
49 51 2
50 46 2
50 49 2
50 52 2
51 49 2
52 50 2
53 47 2
53 54 2
53 55 2
54 47 2
54 53 2
54 56 2
55 53 2
56 54 2
57 48 2
57 58 2
57 59 2
58 48 2
58 57 2
58 60 2
59 57 2
60 58 2
61 15 2
61 62 2
61 63 2
61 64 2
61 65 2
62 15 2
62 61 2
62 63 2
62 68 2
62 69 2
63 15 2
63 61 2
63 62 2
63 72 2
63 73 2
64 61 2
64 65 2
64 66 2
65 61 2
65 64 2
65 67 2
66 64 2
67 65 2
68 62 2
68 69 2
68 70 2
69 62 2
69 68 2
69 71 2
70 68 2
71 69 2
72 63 2
72 73 2
72 74 2
73 63 2
73 72 2
73 75 2
74 72 2
75 73 2
76 8 2
76 77 2
76 78 2
76 79 2
76 80 2
76 81 2
76 82 2
77 8 2
77 76 2
77 78 2
77 79 2
77 95 2
77 96 2
77 97 2
78 8 2
78 76 2
78 77 2
78 79 2
78 110 2
78 111 2
78 112 2
79 8 2
79 76 2
79 77 2
79 78 2
79 125 2
79 126 2
79 127 2
80 76 2
80 81 2
80 82 2
80 83 2
80 84 2
81 76 2
81 80 2
81 82 2
81 87 2
81 88 2
82 76 2
82 80 2
82 81 2
82 91 2
82 92 2
83 80 2
83 84 2
83 85 2
84 80 2
84 83 2
84 86 2
85 83 2
86 84 2
87 81 2
87 88 2
87 89 2
88 81 2
88 87 2
88 90 2
89 87 2
90 88 2
91 82 2
91 92 2
91 93 2
92 82 2
92 91 2
92 94 2
93 91 2
94 92 2
95 77 2
95 96 2
95 97 2
95 98 2
95 99 2
96 77 2
96 95 2
96 97 2
96 102 2
96 103 2
97 77 2
97 95 2
97 96 2
97 106 2
97 107 2
98 95 2
98 99 2
98 100 2
99 95 2
99 98 2
99 101 2
100 98 2
101 99 2
102 96 2
102 103 2
102 104 2
103 96 2
103 102 2
103 105 2
104 102 2
105 103 2
106 97 2
106 107 2
106 108 2
107 97 2
107 106 2
107 109 2
108 106 2
109 107 2
110 78 2
110 111 2
110 112 2
110 113 2
110 114 2
111 78 2
111 110 2
111 112 2
111 117 2
111 118 2
112 78 2
112 110 2
112 111 2
112 121 2
112 122 2
113 110 2
113 114 2
113 115 2
114 110 2
114 113 2
114 116 2
115 113 2
116 114 2
117 111 2
117 118 2
117 119 2
118 111 2
118 117 2
118 120 2
119 117 2
120 118 2
121 112 2
121 122 2
121 123 2
122 112 2
122 121 2
122 124 2
123 121 2
124 122 2
125 79 2
125 126 2
125 127 2
125 128 2
125 129 2
126 79 2
126 125 2
126 127 2
126 132 2
126 133 2
127 79 2
127 125 2
127 126 2
127 136 2
127 137 2
128 125 2
128 129 2
128 130 2
129 125 2
129 128 2
129 131 2
130 128 2
131 129 2
132 126 2
132 133 2
132 134 2
133 126 2
133 132 2
133 135 2
134 132 2
135 133 2
136 127 2
136 137 2
136 138 2
137 127 2
137 136 2
137 139 2
138 136 2
139 137 2
140 9 2
140 141 2
140 142 2
140 143 2
140 144 2
140 145 2
140 146 2
141 9 2
141 140 2
141 142 2
141 143 2
141 159 2
141 160 2
141 161 2
142 9 2
142 140 2
142 141 2
142 143 2
142 174 2
142 175 2
142 176 2
143 9 2
143 140 2
143 141 2
143 142 2
143 189 2
143 190 2
143 191 2
144 140 2
144 145 2
144 146 2
144 147 2
144 148 2
145 140 2
145 144 2
145 146 2
145 151 2
145 152 2
146 140 2
146 144 2
146 145 2
146 155 2
146 156 2
147 144 2
147 148 2
147 149 2
148 144 2
148 147 2
148 150 2
149 147 2
150 148 2
151 145 2
151 152 2
151 153 2
152 145 2
152 151 2
152 154 2
153 151 2
154 152 2
155 146 2
155 156 2
155 157 2
156 146 2
156 155 2
156 158 2
157 155 2
158 156 2
159 141 2
159 160 2
159 161 2
159 162 2
159 163 2
160 141 2
160 159 2
160 161 2
160 166 2
160 167 2
161 141 2
161 159 2
161 160 2
161 170 2
161 171 2
162 159 2
162 163 2
162 164 2
163 159 2
163 162 2
163 165 2
164 162 2
165 163 2
166 160 2
166 167 2
166 168 2
167 160 2
167 166 2
167 169 2
168 166 2
169 167 2
170 161 2
170 171 2
170 172 2
171 161 2
171 170 2
171 173 2
172 170 2
173 171 2
174 142 2
174 175 2
174 176 2
174 177 2
174 178 2
175 142 2
175 174 2
175 176 2
175 181 2
175 182 2
176 142 2
176 174 2
176 175 2
176 185 2
176 186 2
177 174 2
177 178 2
177 179 2
178 174 2
178 177 2
178 180 2
179 177 2
180 178 2
181 175 2
181 182 2
181 183 2
182 175 2
182 181 2
182 184 2
183 181 2
184 182 2
185 176 2
185 186 2
185 187 2
186 176 2
186 185 2
186 188 2
187 185 2
188 186 2
189 143 2
189 190 2
189 191 2
189 192 2
189 193 2
190 143 2
190 189 2
190 191 2
190 196 2
190 197 2
191 143 2
191 189 2
191 190 2
191 200 2
191 201 2
192 189 2
192 193 2
192 194 2
193 189 2
193 192 2
193 195 2
194 192 2
195 193 2
196 190 2
196 197 2
196 198 2
197 190 2
197 196 2
197 199 2
198 196 2
199 197 2
200 191 2
200 201 2
200 202 2
201 191 2
201 200 2
201 203 2
202 200 2
203 201 2
204 10 2
204 205 2
204 206 2
204 207 2
204 208 2
204 209 2
204 210 2
205 10 2
205 204 2
205 206 2
205 207 2
205 223 2
205 224 2
205 225 2
206 10 2
206 204 2
206 205 2
206 207 2
206 238 2
206 239 2
206 240 2
207 10 2
207 204 2
207 205 2
207 206 2
207 253 2
207 254 2
207 255 2
208 204 2
208 209 2
208 210 2
208 211 2
208 212 2
209 204 2
209 208 2
209 210 2
209 215 2
209 216 2
210 204 2
210 208 2
210 209 2
210 219 2
210 220 2
211 208 2
211 212 2
211 213 2
212 208 2
212 211 2
212 214 2
213 211 2
214 212 2
215 209 2
215 216 2
215 217 2
216 209 2
216 215 2
216 218 2
217 215 2
218 216 2
219 210 2
219 220 2
219 221 2
220 210 2
220 219 2
220 222 2
221 219 2
222 220 2
223 205 2
223 224 2
223 225 2
223 226 2
223 227 2
224 205 2
224 223 2
224 225 2
224 230 2
224 231 2
225 205 2
225 223 2
225 224 2
225 234 2
225 235 2
226 223 2
226 227 2
226 228 2
227 223 2
227 226 2
227 229 2
228 226 2
229 227 2
230 224 2
230 231 2
230 232 2
231 224 2
231 230 2
231 233 2
232 230 2
233 231 2
234 225 2
234 235 2
234 236 2
235 225 2
235 234 2
235 237 2
236 234 2
237 235 2
238 206 2
238 239 2
238 240 2
238 241 2
238 242 2
239 206 2
239 238 2
239 240 2
239 245 2
239 246 2
240 206 2
240 238 2
240 239 2
240 249 2
240 250 2
241 238 2
241 242 2
241 243 2
242 238 2
242 241 2
242 244 2
243 241 2
244 242 2
245 239 2
245 246 2
245 247 2
246 239 2
246 245 2
246 248 2
247 245 2
248 246 2
249 240 2
249 250 2
249 251 2
250 240 2
250 249 2
250 252 2
251 249 2
252 250 2
253 207 2
253 254 2
253 255 2
253 256 2
253 257 2
254 207 2
254 253 2
254 255 2
254 260 2
254 261 2
255 207 2
255 253 2
255 254 2
255 264 2
255 265 2
256 253 2
256 257 2
256 258 2
257 253 2
257 256 2
257 259 2
258 256 2
259 257 2
260 254 2
260 261 2
260 262 2
261 254 2
261 260 2
261 263 2
262 260 2
263 261 2
264 255 2
264 265 2
264 266 2
265 255 2
265 264 2
265 267 2
266 264 2
267 265 2
268 11 2
268 269 2
268 270 2
268 271 2
268 272 2
268 273 2
268 274 2
269 11 2
269 268 2
269 270 2
269 271 2
269 287 2
269 288 2
269 289 2
270 11 2
270 268 2
270 269 2
270 271 2
270 302 2
270 303 2
270 304 2
271 11 2
271 268 2
271 269 2
271 270 2
271 317 2
271 318 2
271 319 2
272 268 2
272 273 2
272 274 2
272 275 2
272 276 2
273 268 2
273 272 2
273 274 2
273 279 2
273 280 2
274 268 2
274 272 2
274 273 2
274 283 2
274 284 2
275 272 2
275 276 2
275 277 2
276 272 2
276 275 2
276 278 2
277 275 2
278 276 2
279 273 2
279 280 2
279 281 2
280 273 2
280 279 2
280 282 2
281 279 2
282 280 2
283 274 2
283 284 2
283 285 2
284 274 2
284 283 2
284 286 2
285 283 2
286 284 2
287 269 2
287 288 2
287 289 2
287 290 2
287 291 2
288 269 2
288 287 2
288 289 2
288 294 2
288 295 2
289 269 2
289 287 2
289 288 2
289 298 2
289 299 2
290 287 2
290 291 2
290 292 2
291 287 2
291 290 2
291 293 2
292 290 2
293 291 2
294 288 2
294 295 2
294 296 2
295 288 2
295 294 2
295 297 2
296 294 2
297 295 2
298 289 2
298 299 2
298 300 2
299 289 2
299 298 2
299 301 2
300 298 2
301 299 2
302 270 2
302 303 2
302 304 2
302 305 2
302 306 2
303 270 2
303 302 2
303 304 2
303 309 2
303 310 2
304 270 2
304 302 2
304 303 2
304 313 2
304 314 2
305 302 2
305 306 2
305 307 2
306 302 2
306 305 2
306 308 2
307 305 2
308 306 2
309 303 2
309 310 2
309 311 2
310 303 2
310 309 2
310 312 2
311 309 2
312 310 2
313 304 2
313 314 2
313 315 2
314 304 2
314 313 2
314 316 2
315 313 2
316 314 2
317 271 2
317 318 2
317 319 2
317 320 2
317 321 2
318 271 2
318 317 2
318 319 2
318 324 2
318 325 2
319 271 2
319 317 2
319 318 2
319 328 2
319 329 2
320 317 2
320 321 2
320 322 2
321 317 2
321 320 2
321 323 2
322 320 2
323 321 2
324 318 2
324 325 2
324 326 2
325 318 2
325 324 2
325 327 2
326 324 2
327 325 2
328 319 2
328 329 2
328 330 2
329 319 2
329 328 2
329 331 2
330 328 2
331 329 2
332 2 2
332 333 2
332 334 2
332 335 2
332 336 2
332 337 2
332 338 2
332 339 2
332 340 2
333 2 2
333 332 2
333 334 2
333 335 2
333 336 2
333 401 2
333 402 2
333 403 2
333 404 2
334 2 2
334 332 2
334 333 2
334 335 2
334 336 2
334 465 2
334 466 2
334 467 2
334 468 2
335 2 2
335 332 2
335 333 2
335 334 2
335 336 2
335 529 2
335 530 2
335 531 2
335 532 2
336 2 2
336 332 2
336 333 2
336 334 2
336 335 2
336 593 2
336 594 2
336 595 2
336 596 2
337 332 2
337 338 2
337 339 2
337 340 2
337 341 2
337 342 2
337 343 2
338 332 2
338 337 2
338 339 2
338 340 2
338 356 2
338 357 2
338 358 2
339 332 2
339 337 2
339 338 2
339 340 2
339 371 2
339 372 2
339 373 2
340 332 2
340 337 2
340 338 2
340 339 2
340 386 2
340 387 2
340 388 2
341 337 2
341 342 2
341 343 2
341 344 2
341 345 2
342 337 2
342 341 2
342 343 2
342 348 2
342 349 2
343 337 2
343 341 2
343 342 2
343 352 2
343 353 2
344 341 2
344 345 2
344 346 2
345 341 2
345 344 2
345 347 2
346 344 2
347 345 2
348 342 2
348 349 2
348 350 2
349 342 2
349 348 2
349 351 2
350 348 2
351 349 2
352 343 2
352 353 2
352 354 2
353 343 2
353 352 2
353 355 2
354 352 2
355 353 2
356 338 2
356 357 2
356 358 2
356 359 2
356 360 2
357 338 2
357 356 2
357 358 2
357 363 2
357 364 2
358 338 2
358 356 2
358 357 2
358 367 2
358 368 2
359 356 2
359 360 2
359 361 2
360 356 2
360 359 2
360 362 2
361 359 2
362 360 2
363 357 2
363 364 2
363 365 2
364 357 2
364 363 2
364 366 2
365 363 2
366 364 2
367 358 2
367 368 2
367 369 2
368 358 2
368 367 2
368 370 2
369 367 2
370 368 2
371 339 2
371 372 2
371 373 2
371 374 2
371 375 2
372 339 2
372 371 2
372 373 2
372 378 2
372 379 2
373 339 2
373 371 2
373 372 2
373 382 2
373 383 2
374 371 2
374 375 2
374 376 2
375 371 2
375 374 2
375 377 2
376 374 2
377 375 2
378 372 2
378 379 2
378 380 2
379 372 2
379 378 2
379 381 2
380 378 2
381 379 2
382 373 2
382 383 2
382 384 2
383 373 2
383 382 2
383 385 2
384 382 2
385 383 2
386 340 2
386 387 2
386 388 2
386 389 2
386 390 2
387 340 2
387 386 2
387 388 2
387 393 2
387 394 2
388 340 2
388 386 2
388 387 2
388 397 2
388 398 2
389 386 2
389 390 2
389 391 2
390 386 2
390 389 2
390 392 2
391 389 2
392 390 2
393 387 2
393 394 2
393 395 2
394 387 2
394 393 2
394 396 2
395 393 2
396 394 2
397 388 2
397 398 2
397 399 2
398 388 2
398 397 2
398 400 2
399 397 2
400 398 2
401 333 2
401 402 2
401 403 2
401 404 2
401 405 2
401 406 2
401 407 2
402 333 2
402 401 2
402 403 2
402 404 2
402 420 2
402 421 2
402 422 2
403 333 2
403 401 2
403 402 2
403 404 2
403 435 2
403 436 2
403 437 2
404 333 2
404 401 2
404 402 2
404 403 2
404 450 2
404 451 2
404 452 2
405 401 2
405 406 2
405 407 2
405 408 2
405 409 2
406 401 2
406 405 2
406 407 2
406 412 2
406 413 2
407 401 2
407 405 2
407 406 2
407 416 2
407 417 2
408 405 2
408 409 2
408 410 2
409 405 2
409 408 2
409 411 2
410 408 2
411 409 2
412 406 2
412 413 2
412 414 2
413 406 2
413 412 2
413 415 2
414 412 2
415 413 2
416 407 2
416 417 2
416 418 2
417 407 2
417 416 2
417 419 2
418 416 2
419 417 2
420 402 2
420 421 2
420 422 2
420 423 2
420 424 2
421 402 2
421 420 2
421 422 2
421 427 2
421 428 2
422 402 2
422 420 2
422 421 2
422 431 2
422 432 2
423 420 2
423 424 2
423 425 2
424 420 2
424 423 2
424 426 2
425 423 2
426 424 2
427 421 2
427 428 2
427 429 2
428 421 2
428 427 2
428 430 2
429 427 2
430 428 2
431 422 2
431 432 2
431 433 2
432 422 2
432 431 2
432 434 2
433 431 2
434 432 2
435 403 2
435 436 2
435 437 2
435 438 2
435 439 2
436 403 2
436 435 2
436 437 2
436 442 2
436 443 2
437 403 2
437 435 2
437 436 2
437 446 2
437 447 2
438 435 2
438 439 2
438 440 2
439 435 2
439 438 2
439 441 2
440 438 2
441 439 2
442 436 2
442 443 2
442 444 2
443 436 2
443 442 2
443 445 2
444 442 2
445 443 2
446 437 2
446 447 2
446 448 2
447 437 2
447 446 2
447 449 2
448 446 2
449 447 2
450 404 2
450 451 2
450 452 2
450 453 2
450 454 2
451 404 2
451 450 2
451 452 2
451 457 2
451 458 2
452 404 2
452 450 2
452 451 2
452 461 2
452 462 2
453 450 2
453 454 2
453 455 2
454 450 2
454 453 2
454 456 2
455 453 2
456 454 2
457 451 2
457 458 2
457 459 2
458 451 2
458 457 2
458 460 2
459 457 2
460 458 2
461 452 2
461 462 2
461 463 2
462 452 2
462 461 2
462 464 2
463 461 2
464 462 2
465 334 2
465 466 2
465 467 2
465 468 2
465 469 2
465 470 2
465 471 2
466 334 2
466 465 2
466 467 2
466 468 2
466 484 2
466 485 2
466 486 2
467 334 2
467 465 2
467 466 2
467 468 2
467 499 2
467 500 2
467 501 2
468 334 2
468 465 2
468 466 2
468 467 2
468 514 2
468 515 2
468 516 2
469 465 2
469 470 2
469 471 2
469 472 2
469 473 2
470 465 2
470 469 2
470 471 2
470 476 2
470 477 2
471 465 2
471 469 2
471 470 2
471 480 2
471 481 2
472 469 2
472 473 2
472 474 2
473 469 2
473 472 2
473 475 2
474 472 2
475 473 2
476 470 2
476 477 2
476 478 2
477 470 2
477 476 2
477 479 2
478 476 2
479 477 2
480 471 2
480 481 2
480 482 2
481 471 2
481 480 2
481 483 2
482 480 2
483 481 2
484 466 2
484 485 2
484 486 2
484 487 2
484 488 2
485 466 2
485 484 2
485 486 2
485 491 2
485 492 2
486 466 2
486 484 2
486 485 2
486 495 2
486 496 2
487 484 2
487 488 2
487 489 2
488 484 2
488 487 2
488 490 2
489 487 2
490 488 2
491 485 2
491 492 2
491 493 2
492 485 2
492 491 2
492 494 2
493 491 2
494 492 2
495 486 2
495 496 2
495 497 2
496 486 2
496 495 2
496 498 2
497 495 2
498 496 2
499 467 2
499 500 2
499 501 2
499 502 2
499 503 2
500 467 2
500 499 2
500 501 2
500 506 2
500 507 2
501 467 2
501 499 2
501 500 2
501 510 2
501 511 2
502 499 2
502 503 2
502 504 2
503 499 2
503 502 2
503 505 2
504 502 2
505 503 2
506 500 2
506 507 2
506 508 2
507 500 2
507 506 2
507 509 2
508 506 2
509 507 2
510 501 2
510 511 2
510 512 2
511 501 2
511 510 2
511 513 2
512 510 2
513 511 2
514 468 2
514 515 2
514 516 2
514 517 2
514 518 2
515 468 2
515 514 2
515 516 2
515 521 2
515 522 2
516 468 2
516 514 2
516 515 2
516 525 2
516 526 2
517 514 2
517 518 2
517 519 2
518 514 2
518 517 2
518 520 2
519 517 2
520 518 2
521 515 2
521 522 2
521 523 2
522 515 2
522 521 2
522 524 2
523 521 2
524 522 2
525 516 2
525 526 2
525 527 2
526 516 2
526 525 2
526 528 2
527 525 2
528 526 2
529 335 2
529 530 2
529 531 2
529 532 2
529 533 2
529 534 2
529 535 2
530 335 2
530 529 2
530 531 2
530 532 2
530 548 2
530 549 2
530 550 2
531 335 2
531 529 2
531 530 2
531 532 2
531 563 2
531 564 2
531 565 2
532 335 2
532 529 2
532 530 2
532 531 2
532 578 2
532 579 2
532 580 2
533 529 2
533 534 2
533 535 2
533 536 2
533 537 2
534 529 2
534 533 2
534 535 2
534 540 2
534 541 2
535 529 2
535 533 2
535 534 2
535 544 2
535 545 2
536 533 2
536 537 2
536 538 2
537 533 2
537 536 2
537 539 2
538 536 2
539 537 2
540 534 2
540 541 2
540 542 2
541 534 2
541 540 2
541 543 2
542 540 2
543 541 2
544 535 2
544 545 2
544 546 2
545 535 2
545 544 2
545 547 2
546 544 2
547 545 2
548 530 2
548 549 2
548 550 2
548 551 2
548 552 2
549 530 2
549 548 2
549 550 2
549 555 2
549 556 2
550 530 2
550 548 2
550 549 2
550 559 2
550 560 2
551 548 2
551 552 2
551 553 2
552 548 2
552 551 2
552 554 2
553 551 2
554 552 2
555 549 2
555 556 2
555 557 2
556 549 2
556 555 2
556 558 2
557 555 2
558 556 2
559 550 2
559 560 2
559 561 2
560 550 2
560 559 2
560 562 2
561 559 2
562 560 2
563 531 2
563 564 2
563 565 2
563 566 2
563 567 2
564 531 2
564 563 2
564 565 2
564 570 2
564 571 2
565 531 2
565 563 2
565 564 2
565 574 2
565 575 2
566 563 2
566 567 2
566 568 2
567 563 2
567 566 2
567 569 2
568 566 2
569 567 2
570 564 2
570 571 2
570 572 2
571 564 2
571 570 2
571 573 2
572 570 2
573 571 2
574 565 2
574 575 2
574 576 2
575 565 2
575 574 2
575 577 2
576 574 2
577 575 2
578 532 2
578 579 2
578 580 2
578 581 2
578 582 2
579 532 2
579 578 2
579 580 2
579 585 2
579 586 2
580 532 2
580 578 2
580 579 2
580 589 2
580 590 2
581 578 2
581 582 2
581 583 2
582 578 2
582 581 2
582 584 2
583 581 2
584 582 2
585 579 2
585 586 2
585 587 2
586 579 2
586 585 2
586 588 2
587 585 2
588 586 2
589 580 2
589 590 2
589 591 2
590 580 2
590 589 2
590 592 2
591 589 2
592 590 2
593 336 2
593 594 2
593 595 2
593 596 2
593 597 2
593 598 2
593 599 2
594 336 2
594 593 2
594 595 2
594 596 2
594 612 2
594 613 2
594 614 2
595 336 2
595 593 2
595 594 2
595 596 2
595 627 2
595 628 2
595 629 2
596 336 2
596 593 2
596 594 2
596 595 2
596 642 2
596 643 2
596 644 2
597 593 2
597 598 2
597 599 2
597 600 2
597 601 2
598 593 2
598 597 2
598 599 2
598 604 2
598 605 2
599 593 2
599 597 2
599 598 2
599 608 2
599 609 2
600 597 2
600 601 2
600 602 2
601 597 2
601 600 2
601 603 2
602 600 2
603 601 2
604 598 2
604 605 2
604 606 2
605 598 2
605 604 2
605 607 2
606 604 2
607 605 2
608 599 2
608 609 2
608 610 2
609 599 2
609 608 2
609 611 2
610 608 2
611 609 2
612 594 2
612 613 2
612 614 2
612 615 2
612 616 2
613 594 2
613 612 2
613 614 2
613 619 2
613 620 2
614 594 2
614 612 2
614 613 2
614 623 2
614 624 2
615 612 2
615 616 2
615 617 2
616 612 2
616 615 2
616 618 2
617 615 2
618 616 2
619 613 2
619 620 2
619 621 2
620 613 2
620 619 2
620 622 2
621 619 2
622 620 2
623 614 2
623 624 2
623 625 2
624 614 2
624 623 2
624 626 2
625 623 2
626 624 2
627 595 2
627 628 2
627 629 2
627 630 2
627 631 2
628 595 2
628 627 2
628 629 2
628 634 2
628 635 2
629 595 2
629 627 2
629 628 2
629 638 2
629 639 2
630 627 2
630 631 2
630 632 2
631 627 2
631 630 2
631 633 2
632 630 2
633 631 2
634 628 2
634 635 2
634 636 2
635 628 2
635 634 2
635 637 2
636 634 2
637 635 2
638 629 2
638 639 2
638 640 2
639 629 2
639 638 2
639 641 2
640 638 2
641 639 2
642 596 2
642 643 2
642 644 2
642 645 2
642 646 2
643 596 2
643 642 2
643 644 2
643 649 2
643 650 2
644 596 2
644 642 2
644 643 2
644 653 2
644 654 2
645 642 2
645 646 2
645 647 2
646 642 2
646 645 2
646 648 2
647 645 2
648 646 2
649 643 2
649 650 2
649 651 2
650 643 2
650 649 2
650 652 2
651 649 2
652 650 2
653 644 2
653 654 2
653 655 2
654 644 2
654 653 2
654 656 2
655 653 2
656 654 2
657 3 2
657 658 2
657 659 2
657 660 2
657 661 2
657 662 2
657 663 2
657 664 2
657 665 2
658 3 2
658 657 2
658 659 2
658 660 2
658 661 2
658 726 2
658 727 2
658 728 2
658 729 2
659 3 2
659 657 2
659 658 2
659 660 2
659 661 2
659 790 2
659 791 2
659 792 2
659 793 2
660 3 2
660 657 2
660 658 2
660 659 2
660 661 2
660 854 2
660 855 2
660 856 2
660 857 2
661 3 2
661 657 2
661 658 2
661 659 2
661 660 2
661 918 2
661 919 2
661 920 2
661 921 2
662 657 2
662 663 2
662 664 2
662 665 2
662 666 2
662 667 2
662 668 2
663 657 2
663 662 2
663 664 2
663 665 2
663 681 2
663 682 2
663 683 2
664 657 2
664 662 2
664 663 2
664 665 2
664 696 2
664 697 2
664 698 2
665 657 2
665 662 2
665 663 2
665 664 2
665 711 2
665 712 2
665 713 2
666 662 2
666 667 2
666 668 2
666 669 2
666 670 2
667 662 2
667 666 2
667 668 2
667 673 2
667 674 2
668 662 2
668 666 2
668 667 2
668 677 2
668 678 2
669 666 2
669 670 2
669 671 2
670 666 2
670 669 2
670 672 2
671 669 2
672 670 2
673 667 2
673 674 2
673 675 2
674 667 2
674 673 2
674 676 2
675 673 2
676 674 2
677 668 2
677 678 2
677 679 2
678 668 2
678 677 2
678 680 2
679 677 2
680 678 2
681 663 2
681 682 2
681 683 2
681 684 2
681 685 2
682 663 2
682 681 2
682 683 2
682 688 2
682 689 2
683 663 2
683 681 2
683 682 2
683 692 2
683 693 2
684 681 2
684 685 2
684 686 2
685 681 2
685 684 2
685 687 2
686 684 2
687 685 2
688 682 2
688 689 2
688 690 2
689 682 2
689 688 2
689 691 2
690 688 2
691 689 2
692 683 2
692 693 2
692 694 2
693 683 2
693 692 2
693 695 2
694 692 2
695 693 2
696 664 2
696 697 2
696 698 2
696 699 2
696 700 2
697 664 2
697 696 2
697 698 2
697 703 2
697 704 2
698 664 2
698 696 2
698 697 2
698 707 2
698 708 2
699 696 2
699 700 2
699 701 2
700 696 2
700 699 2
700 702 2
701 699 2
702 700 2
703 697 2
703 704 2
703 705 2
704 697 2
704 703 2
704 706 2
705 703 2
706 704 2
707 698 2
707 708 2
707 709 2
708 698 2
708 707 2
708 710 2
709 707 2
710 708 2
711 665 2
711 712 2
711 713 2
711 714 2
711 715 2
712 665 2
712 711 2
712 713 2
712 718 2
712 719 2
713 665 2
713 711 2
713 712 2
713 722 2
713 723 2
714 711 2
714 715 2
714 716 2
715 711 2
715 714 2
715 717 2
716 714 2
717 715 2
718 712 2
718 719 2
718 720 2
719 712 2
719 718 2
719 721 2
720 718 2
721 719 2
722 713 2
722 723 2
722 724 2
723 713 2
723 722 2
723 725 2
724 722 2
725 723 2
726 658 2
726 727 2
726 728 2
726 729 2
726 730 2
726 731 2
726 732 2
727 658 2
727 726 2
727 728 2
727 729 2
727 745 2
727 746 2
727 747 2
728 658 2
728 726 2
728 727 2
728 729 2
728 760 2
728 761 2
728 762 2
729 658 2
729 726 2
729 727 2
729 728 2
729 775 2
729 776 2
729 777 2
730 726 2
730 731 2
730 732 2
730 733 2
730 734 2
731 726 2
731 730 2
731 732 2
731 737 2
731 738 2
732 726 2
732 730 2
732 731 2
732 741 2
732 742 2
733 730 2
733 734 2
733 735 2
734 730 2
734 733 2
734 736 2
735 733 2
736 734 2
737 731 2
737 738 2
737 739 2
738 731 2
738 737 2
738 740 2
739 737 2
740 738 2
741 732 2
741 742 2
741 743 2
742 732 2
742 741 2
742 744 2
743 741 2
744 742 2
745 727 2
745 746 2
745 747 2
745 748 2
745 749 2
746 727 2
746 745 2
746 747 2
746 752 2
746 753 2
747 727 2
747 745 2
747 746 2
747 756 2
747 757 2
748 745 2
748 749 2
748 750 2
749 745 2
749 748 2
749 751 2
750 748 2
751 749 2
752 746 2
752 753 2
752 754 2
753 746 2
753 752 2
753 755 2
754 752 2
755 753 2
756 747 2
756 757 2
756 758 2
757 747 2
757 756 2
757 759 2
758 756 2
759 757 2
760 728 2
760 761 2
760 762 2
760 763 2
760 764 2
761 728 2
761 760 2
761 762 2
761 767 2
761 768 2
762 728 2
762 760 2
762 761 2
762 771 2
762 772 2
763 760 2
763 764 2
763 765 2
764 760 2
764 763 2
764 766 2
765 763 2
766 764 2
767 761 2
767 768 2
767 769 2
768 761 2
768 767 2
768 770 2
769 767 2
770 768 2
771 762 2
771 772 2
771 773 2
772 762 2
772 771 2
772 774 2
773 771 2
774 772 2
775 729 2
775 776 2
775 777 2
775 778 2
775 779 2
776 729 2
776 775 2
776 777 2
776 782 2
776 783 2
777 729 2
777 775 2
777 776 2
777 786 2
777 787 2
778 775 2
778 779 2
778 780 2
779 775 2
779 778 2
779 781 2
780 778 2
781 779 2
782 776 2
782 783 2
782 784 2
783 776 2
783 782 2
783 785 2
784 782 2
785 783 2
786 777 2
786 787 2
786 788 2
787 777 2
787 786 2
787 789 2
788 786 2
789 787 2
790 659 2
790 791 2
790 792 2
790 793 2
790 794 2
790 795 2
790 796 2
791 659 2
791 790 2
791 792 2
791 793 2
791 809 2
791 810 2
791 811 2
792 659 2
792 790 2
792 791 2
792 793 2
792 824 2
792 825 2
792 826 2
793 659 2
793 790 2
793 791 2
793 792 2
793 839 2
793 840 2
793 841 2
794 790 2
794 795 2
794 796 2
794 797 2
794 798 2
795 790 2
795 794 2
795 796 2
795 801 2
795 802 2
796 790 2
796 794 2
796 795 2
796 805 2
796 806 2
797 794 2
797 798 2
797 799 2
798 794 2
798 797 2
798 800 2
799 797 2
800 798 2
801 795 2
801 802 2
801 803 2
802 795 2
802 801 2
802 804 2
803 801 2
804 802 2
805 796 2
805 806 2
805 807 2
806 796 2
806 805 2
806 808 2
807 805 2
808 806 2
809 791 2
809 810 2
809 811 2
809 812 2
809 813 2
810 791 2
810 809 2
810 811 2
810 816 2
810 817 2
811 791 2
811 809 2
811 810 2
811 820 2
811 821 2
812 809 2
812 813 2
812 814 2
813 809 2
813 812 2
813 815 2
814 812 2
815 813 2
816 810 2
816 817 2
816 818 2
817 810 2
817 816 2
817 819 2
818 816 2
819 817 2
820 811 2
820 821 2
820 822 2
821 811 2
821 820 2
821 823 2
822 820 2
823 821 2
824 792 2
824 825 2
824 826 2
824 827 2
824 828 2
825 792 2
825 824 2
825 826 2
825 831 2
825 832 2
826 792 2
826 824 2
826 825 2
826 835 2
826 836 2
827 824 2
827 828 2
827 829 2
828 824 2
828 827 2
828 830 2
829 827 2
830 828 2
831 825 2
831 832 2
831 833 2
832 825 2
832 831 2
832 834 2
833 831 2
834 832 2
835 826 2
835 836 2
835 837 2
836 826 2
836 835 2
836 838 2
837 835 2
838 836 2
839 793 2
839 840 2
839 841 2
839 842 2
839 843 2
840 793 2
840 839 2
840 841 2
840 846 2
840 847 2
841 793 2
841 839 2
841 840 2
841 850 2
841 851 2
842 839 2
842 843 2
842 844 2
843 839 2
843 842 2
843 845 2
844 842 2
845 843 2
846 840 2
846 847 2
846 848 2
847 840 2
847 846 2
847 849 2
848 846 2
849 847 2
850 841 2
850 851 2
850 852 2
851 841 2
851 850 2
851 853 2
852 850 2
853 851 2
854 660 2
854 855 2
854 856 2
854 857 2
854 858 2
854 859 2
854 860 2
855 660 2
855 854 2
855 856 2
855 857 2
855 873 2
855 874 2
855 875 2
856 660 2
856 854 2
856 855 2
856 857 2
856 888 2
856 889 2
856 890 2
857 660 2
857 854 2
857 855 2
857 856 2
857 903 2
857 904 2
857 905 2
858 854 2
858 859 2
858 860 2
858 861 2
858 862 2
859 854 2
859 858 2
859 860 2
859 865 2
859 866 2
860 854 2
860 858 2
860 859 2
860 869 2
860 870 2
861 858 2
861 862 2
861 863 2
862 858 2
862 861 2
862 864 2
863 861 2
864 862 2
865 859 2
865 866 2
865 867 2
866 859 2
866 865 2
866 868 2
867 865 2
868 866 2
869 860 2
869 870 2
869 871 2
870 860 2
870 869 2
870 872 2
871 869 2
872 870 2
873 855 2
873 874 2
873 875 2
873 876 2
873 877 2
874 855 2
874 873 2
874 875 2
874 880 2
874 881 2
875 855 2
875 873 2
875 874 2
875 884 2
875 885 2
876 873 2
876 877 2
876 878 2
877 873 2
877 876 2
877 879 2
878 876 2
879 877 2
880 874 2
880 881 2
880 882 2
881 874 2
881 880 2
881 883 2
882 880 2
883 881 2
884 875 2
884 885 2
884 886 2
885 875 2
885 884 2
885 887 2
886 884 2
887 885 2
888 856 2
888 889 2
888 890 2
888 891 2
888 892 2
889 856 2
889 888 2
889 890 2
889 895 2
889 896 2
890 856 2
890 888 2
890 889 2
890 899 2
890 900 2
891 888 2
891 892 2
891 893 2
892 888 2
892 891 2
892 894 2
893 891 2
894 892 2
895 889 2
895 896 2
895 897 2
896 889 2
896 895 2
896 898 2
897 895 2
898 896 2
899 890 2
899 900 2
899 901 2
900 890 2
900 899 2
900 902 2
901 899 2
902 900 2
903 857 2
903 904 2
903 905 2
903 906 2
903 907 2
904 857 2
904 903 2
904 905 2
904 910 2
904 911 2
905 857 2
905 903 2
905 904 2
905 914 2
905 915 2
906 903 2
906 907 2
906 908 2
907 903 2
907 906 2
907 909 2
908 906 2
909 907 2
910 904 2
910 911 2
910 912 2
911 904 2
911 910 2
911 913 2
912 910 2
913 911 2
914 905 2
914 915 2
914 916 2
915 905 2
915 914 2
915 917 2
916 914 2
917 915 2
918 661 2
918 919 2
918 920 2
918 921 2
918 922 2
918 923 2
918 924 2
919 661 2
919 918 2
919 920 2
919 921 2
919 937 2
919 938 2
919 939 2
920 661 2
920 918 2
920 919 2
920 921 2
920 952 2
920 953 2
920 954 2
921 661 2
921 918 2
921 919 2
921 920 2
921 967 2
921 968 2
921 969 2
922 918 2
922 923 2
922 924 2
922 925 2
922 926 2
923 918 2
923 922 2
923 924 2
923 929 2
923 930 2
924 918 2
924 922 2
924 923 2
924 933 2
924 934 2
925 922 2
925 926 2
925 927 2
926 922 2
926 925 2
926 928 2
927 925 2
928 926 2
929 923 2
929 930 2
929 931 2
930 923 2
930 929 2
930 932 2
931 929 2
932 930 2
933 924 2
933 934 2
933 935 2
934 924 2
934 933 2
934 936 2
935 933 2
936 934 2
937 919 2
937 938 2
937 939 2
937 940 2
937 941 2
938 919 2
938 937 2
938 939 2
938 944 2
938 945 2
939 919 2
939 937 2
939 938 2
939 948 2
939 949 2
940 937 2
940 941 2
940 942 2
941 937 2
941 940 2
941 943 2
942 940 2
943 941 2
944 938 2
944 945 2
944 946 2
945 938 2
945 944 2
945 947 2
946 944 2
947 945 2
948 939 2
948 949 2
948 950 2
949 939 2
949 948 2
949 951 2
950 948 2
951 949 2
952 920 2
952 953 2
952 954 2
952 955 2
952 956 2
953 920 2
953 952 2
953 954 2
953 959 2
953 960 2
954 920 2
954 952 2
954 953 2
954 963 2
954 964 2
955 952 2
955 956 2
955 957 2
956 952 2
956 955 2
956 958 2
957 955 2
958 956 2
959 953 2
959 960 2
959 961 2
960 953 2
960 959 2
960 962 2
961 959 2
962 960 2
963 954 2
963 964 2
963 965 2
964 954 2
964 963 2
964 966 2
965 963 2
966 964 2
967 921 2
967 968 2
967 969 2
967 970 2
967 971 2
968 921 2
968 967 2
968 969 2
968 974 2
968 975 2
969 921 2
969 967 2
969 968 2
969 978 2
969 979 2
970 967 2
970 971 2
970 972 2
971 967 2
971 970 2
971 973 2
972 970 2
973 971 2
974 968 2
974 975 2
974 976 2
975 968 2
975 974 2
975 977 2
976 974 2
977 975 2
978 969 2
978 979 2
978 980 2
979 969 2
979 978 2
979 981 2
980 978 2
981 979 2
982 4 2
982 983 2
982 984 2
982 985 2
982 986 2
982 987 2
982 988 2
982 989 2
982 990 2
983 4 2
983 982 2
983 984 2
983 985 2
983 986 2
983 1051 2
983 1052 2
983 1053 2
983 1054 2
984 4 2
984 982 2
984 983 2
984 985 2
984 986 2
984 1115 2
984 1116 2
984 1117 2
984 1118 2
985 4 2
985 982 2
985 983 2
985 984 2
985 986 2
985 1179 2
985 1180 2
985 1181 2
985 1182 2
986 4 2
986 982 2
986 983 2
986 984 2
986 985 2
986 1243 2
986 1244 2
986 1245 2
986 1246 2
987 982 2
987 988 2
987 989 2
987 990 2
987 991 2
987 992 2
987 993 2
988 982 2
988 987 2
988 989 2
988 990 2
988 1006 2
988 1007 2
988 1008 2
989 982 2
989 987 2
989 988 2
989 990 2
989 1021 2
989 1022 2
989 1023 2
990 982 2
990 987 2
990 988 2
990 989 2
990 1036 2
990 1037 2
990 1038 2
991 987 2
991 992 2
991 993 2
991 994 2
991 995 2
992 987 2
992 991 2
992 993 2
992 998 2
992 999 2
993 987 2
993 991 2
993 992 2
993 1002 2
993 1003 2
994 991 2
994 995 2
994 996 2
995 991 2
995 994 2
995 997 2
996 994 2
997 995 2
998 992 2
998 999 2
998 1000 2
999 992 2
999 998 2
999 1001 2
1000 998 2
1001 999 2
1002 993 2
1002 1003 2
1002 1004 2
1003 993 2
1003 1002 2
1003 1005 2
1004 1002 2
1005 1003 2
1006 988 2
1006 1007 2
1006 1008 2
1006 1009 2
1006 1010 2
1007 988 2
1007 1006 2
1007 1008 2
1007 1013 2
1007 1014 2
1008 988 2
1008 1006 2
1008 1007 2
1008 1017 2
1008 1018 2
1009 1006 2
1009 1010 2
1009 1011 2
1010 1006 2
1010 1009 2
1010 1012 2
1011 1009 2
1012 1010 2
1013 1007 2
1013 1014 2
1013 1015 2
1014 1007 2
1014 1013 2
1014 1016 2
1015 1013 2
1016 1014 2
1017 1008 2
1017 1018 2
1017 1019 2
1018 1008 2
1018 1017 2
1018 1020 2
1019 1017 2
1020 1018 2
1021 989 2
1021 1022 2
1021 1023 2
1021 1024 2
1021 1025 2
1022 989 2
1022 1021 2
1022 1023 2
1022 1028 2
1022 1029 2
1023 989 2
1023 1021 2
1023 1022 2
1023 1032 2
1023 1033 2
1024 1021 2
1024 1025 2
1024 1026 2
1025 1021 2
1025 1024 2
1025 1027 2
1026 1024 2
1027 1025 2
1028 1022 2
1028 1029 2
1028 1030 2
1029 1022 2
1029 1028 2
1029 1031 2
1030 1028 2
1031 1029 2
1032 1023 2
1032 1033 2
1032 1034 2
1033 1023 2
1033 1032 2
1033 1035 2
1034 1032 2
1035 1033 2
1036 990 2
1036 1037 2
1036 1038 2
1036 1039 2
1036 1040 2
1037 990 2
1037 1036 2
1037 1038 2
1037 1043 2
1037 1044 2
1038 990 2
1038 1036 2
1038 1037 2
1038 1047 2
1038 1048 2
1039 1036 2
1039 1040 2
1039 1041 2
1040 1036 2
1040 1039 2
1040 1042 2
1041 1039 2
1042 1040 2
1043 1037 2
1043 1044 2
1043 1045 2
1044 1037 2
1044 1043 2
1044 1046 2
1045 1043 2
1046 1044 2
1047 1038 2
1047 1048 2
1047 1049 2
1048 1038 2
1048 1047 2
1048 1050 2
1049 1047 2
1050 1048 2
1051 983 2
1051 1052 2
1051 1053 2
1051 1054 2
1051 1055 2
1051 1056 2
1051 1057 2
1052 983 2
1052 1051 2
1052 1053 2
1052 1054 2
1052 1070 2
1052 1071 2
1052 1072 2
1053 983 2
1053 1051 2
1053 1052 2
1053 1054 2
1053 1085 2
1053 1086 2
1053 1087 2
1054 983 2
1054 1051 2
1054 1052 2
1054 1053 2
1054 1100 2
1054 1101 2
1054 1102 2
1055 1051 2
1055 1056 2
1055 1057 2
1055 1058 2
1055 1059 2
1056 1051 2
1056 1055 2
1056 1057 2
1056 1062 2
1056 1063 2
1057 1051 2
1057 1055 2
1057 1056 2
1057 1066 2
1057 1067 2
1058 1055 2
1058 1059 2
1058 1060 2
1059 1055 2
1059 1058 2
1059 1061 2
1060 1058 2
1061 1059 2
1062 1056 2
1062 1063 2
1062 1064 2
1063 1056 2
1063 1062 2
1063 1065 2
1064 1062 2
1065 1063 2
1066 1057 2
1066 1067 2
1066 1068 2
1067 1057 2
1067 1066 2
1067 1069 2
1068 1066 2
1069 1067 2
1070 1052 2
1070 1071 2
1070 1072 2
1070 1073 2
1070 1074 2
1071 1052 2
1071 1070 2
1071 1072 2
1071 1077 2
1071 1078 2
1072 1052 2
1072 1070 2
1072 1071 2
1072 1081 2
1072 1082 2
1073 1070 2
1073 1074 2
1073 1075 2
1074 1070 2
1074 1073 2
1074 1076 2
1075 1073 2
1076 1074 2
1077 1071 2
1077 1078 2
1077 1079 2
1078 1071 2
1078 1077 2
1078 1080 2
1079 1077 2
1080 1078 2
1081 1072 2
1081 1082 2
1081 1083 2
1082 1072 2
1082 1081 2
1082 1084 2
1083 1081 2
1084 1082 2
1085 1053 2
1085 1086 2
1085 1087 2
1085 1088 2
1085 1089 2
1086 1053 2
1086 1085 2
1086 1087 2
1086 1092 2
1086 1093 2
1087 1053 2
1087 1085 2
1087 1086 2
1087 1096 2
1087 1097 2
1088 1085 2
1088 1089 2
1088 1090 2
1089 1085 2
1089 1088 2
1089 1091 2
1090 1088 2
1091 1089 2
1092 1086 2
1092 1093 2
1092 1094 2
1093 1086 2
1093 1092 2
1093 1095 2
1094 1092 2
1095 1093 2
1096 1087 2
1096 1097 2
1096 1098 2
1097 1087 2
1097 1096 2
1097 1099 2
1098 1096 2
1099 1097 2
1100 1054 2
1100 1101 2
1100 1102 2
1100 1103 2
1100 1104 2
1101 1054 2
1101 1100 2
1101 1102 2
1101 1107 2
1101 1108 2
1102 1054 2
1102 1100 2
1102 1101 2
1102 1111 2
1102 1112 2
1103 1100 2
1103 1104 2
1103 1105 2
1104 1100 2
1104 1103 2
1104 1106 2
1105 1103 2
1106 1104 2
1107 1101 2
1107 1108 2
1107 1109 2
1108 1101 2
1108 1107 2
1108 1110 2
1109 1107 2
1110 1108 2
1111 1102 2
1111 1112 2
1111 1113 2
1112 1102 2
1112 1111 2
1112 1114 2
1113 1111 2
1114 1112 2
1115 984 2
1115 1116 2
1115 1117 2
1115 1118 2
1115 1119 2
1115 1120 2
1115 1121 2
1116 984 2
1116 1115 2
1116 1117 2
1116 1118 2
1116 1134 2
1116 1135 2
1116 1136 2
1117 984 2
1117 1115 2
1117 1116 2
1117 1118 2
1117 1149 2
1117 1150 2
1117 1151 2
1118 984 2
1118 1115 2
1118 1116 2
1118 1117 2
1118 1164 2
1118 1165 2
1118 1166 2
1119 1115 2
1119 1120 2
1119 1121 2
1119 1122 2
1119 1123 2
1120 1115 2
1120 1119 2
1120 1121 2
1120 1126 2
1120 1127 2
1121 1115 2
1121 1119 2
1121 1120 2
1121 1130 2
1121 1131 2
1122 1119 2
1122 1123 2
1122 1124 2
1123 1119 2
1123 1122 2
1123 1125 2
1124 1122 2
1125 1123 2
1126 1120 2
1126 1127 2
1126 1128 2
1127 1120 2
1127 1126 2
1127 1129 2
1128 1126 2
1129 1127 2
1130 1121 2
1130 1131 2
1130 1132 2
1131 1121 2
1131 1130 2
1131 1133 2
1132 1130 2
1133 1131 2
1134 1116 2
1134 1135 2
1134 1136 2
1134 1137 2
1134 1138 2
1135 1116 2
1135 1134 2
1135 1136 2
1135 1141 2
1135 1142 2
1136 1116 2
1136 1134 2
1136 1135 2
1136 1145 2
1136 1146 2
1137 1134 2
1137 1138 2
1137 1139 2
1138 1134 2
1138 1137 2
1138 1140 2
1139 1137 2
1140 1138 2
1141 1135 2
1141 1142 2
1141 1143 2
1142 1135 2
1142 1141 2
1142 1144 2
1143 1141 2
1144 1142 2
1145 1136 2
1145 1146 2
1145 1147 2
1146 1136 2
1146 1145 2
1146 1148 2
1147 1145 2
1148 1146 2
1149 1117 2
1149 1150 2
1149 1151 2
1149 1152 2
1149 1153 2
1150 1117 2
1150 1149 2
1150 1151 2
1150 1156 2
1150 1157 2
1151 1117 2
1151 1149 2
1151 1150 2
1151 1160 2
1151 1161 2
1152 1149 2
1152 1153 2
1152 1154 2
1153 1149 2
1153 1152 2
1153 1155 2
1154 1152 2
1155 1153 2
1156 1150 2
1156 1157 2
1156 1158 2
1157 1150 2
1157 1156 2
1157 1159 2
1158 1156 2
1159 1157 2
1160 1151 2
1160 1161 2
1160 1162 2
1161 1151 2
1161 1160 2
1161 1163 2
1162 1160 2
1163 1161 2
1164 1118 2
1164 1165 2
1164 1166 2
1164 1167 2
1164 1168 2
1165 1118 2
1165 1164 2
1165 1166 2
1165 1171 2
1165 1172 2
1166 1118 2
1166 1164 2
1166 1165 2
1166 1175 2
1166 1176 2
1167 1164 2
1167 1168 2
1167 1169 2
1168 1164 2
1168 1167 2
1168 1170 2
1169 1167 2
1170 1168 2
1171 1165 2
1171 1172 2
1171 1173 2
1172 1165 2
1172 1171 2
1172 1174 2
1173 1171 2
1174 1172 2
1175 1166 2
1175 1176 2
1175 1177 2
1176 1166 2
1176 1175 2
1176 1178 2
1177 1175 2
1178 1176 2
1179 985 2
1179 1180 2
1179 1181 2
1179 1182 2
1179 1183 2
1179 1184 2
1179 1185 2
1180 985 2
1180 1179 2
1180 1181 2
1180 1182 2
1180 1198 2
1180 1199 2
1180 1200 2
1181 985 2
1181 1179 2
1181 1180 2
1181 1182 2
1181 1213 2
1181 1214 2
1181 1215 2
1182 985 2
1182 1179 2
1182 1180 2
1182 1181 2
1182 1228 2
1182 1229 2
1182 1230 2
1183 1179 2
1183 1184 2
1183 1185 2
1183 1186 2
1183 1187 2
1184 1179 2
1184 1183 2
1184 1185 2
1184 1190 2
1184 1191 2
1185 1179 2
1185 1183 2
1185 1184 2
1185 1194 2
1185 1195 2
1186 1183 2
1186 1187 2
1186 1188 2
1187 1183 2
1187 1186 2
1187 1189 2
1188 1186 2
1189 1187 2
1190 1184 2
1190 1191 2
1190 1192 2
1191 1184 2
1191 1190 2
1191 1193 2
1192 1190 2
1193 1191 2
1194 1185 2
1194 1195 2
1194 1196 2
1195 1185 2
1195 1194 2
1195 1197 2
1196 1194 2
1197 1195 2
1198 1180 2
1198 1199 2
1198 1200 2
1198 1201 2
1198 1202 2
1199 1180 2
1199 1198 2
1199 1200 2
1199 1205 2
1199 1206 2
1200 1180 2
1200 1198 2
1200 1199 2
1200 1209 2
1200 1210 2
1201 1198 2
1201 1202 2
1201 1203 2
1202 1198 2
1202 1201 2
1202 1204 2
1203 1201 2
1204 1202 2
1205 1199 2
1205 1206 2
1205 1207 2
1206 1199 2
1206 1205 2
1206 1208 2
1207 1205 2
1208 1206 2
1209 1200 2
1209 1210 2
1209 1211 2
1210 1200 2
1210 1209 2
1210 1212 2
1211 1209 2
1212 1210 2
1213 1181 2
1213 1214 2
1213 1215 2
1213 1216 2
1213 1217 2
1214 1181 2
1214 1213 2
1214 1215 2
1214 1220 2
1214 1221 2
1215 1181 2
1215 1213 2
1215 1214 2
1215 1224 2
1215 1225 2
1216 1213 2
1216 1217 2
1216 1218 2
1217 1213 2
1217 1216 2
1217 1219 2
1218 1216 2
1219 1217 2
1220 1214 2
1220 1221 2
1220 1222 2
1221 1214 2
1221 1220 2
1221 1223 2
1222 1220 2
1223 1221 2
1224 1215 2
1224 1225 2
1224 1226 2
1225 1215 2
1225 1224 2
1225 1227 2
1226 1224 2
1227 1225 2
1228 1182 2
1228 1229 2
1228 1230 2
1228 1231 2
1228 1232 2
1229 1182 2
1229 1228 2
1229 1230 2
1229 1235 2
1229 1236 2
1230 1182 2
1230 1228 2
1230 1229 2
1230 1239 2
1230 1240 2
1231 1228 2
1231 1232 2
1231 1233 2
1232 1228 2
1232 1231 2
1232 1234 2
1233 1231 2
1234 1232 2
1235 1229 2
1235 1236 2
1235 1237 2
1236 1229 2
1236 1235 2
1236 1238 2
1237 1235 2
1238 1236 2
1239 1230 2
1239 1240 2
1239 1241 2
1240 1230 2
1240 1239 2
1240 1242 2
1241 1239 2
1242 1240 2
1243 986 2
1243 1244 2
1243 1245 2
1243 1246 2
1243 1247 2
1243 1248 2
1243 1249 2
1244 986 2
1244 1243 2
1244 1245 2
1244 1246 2
1244 1262 2
1244 1263 2
1244 1264 2
1245 986 2
1245 1243 2
1245 1244 2
1245 1246 2
1245 1277 2
1245 1278 2
1245 1279 2
1246 986 2
1246 1243 2
1246 1244 2
1246 1245 2
1246 1292 2
1246 1293 2
1246 1294 2
1247 1243 2
1247 1248 2
1247 1249 2
1247 1250 2
1247 1251 2
1248 1243 2
1248 1247 2
1248 1249 2
1248 1254 2
1248 1255 2
1249 1243 2
1249 1247 2
1249 1248 2
1249 1258 2
1249 1259 2
1250 1247 2
1250 1251 2
1250 1252 2
1251 1247 2
1251 1250 2
1251 1253 2
1252 1250 2
1253 1251 2
1254 1248 2
1254 1255 2
1254 1256 2
1255 1248 2
1255 1254 2
1255 1257 2
1256 1254 2
1257 1255 2
1258 1249 2
1258 1259 2
1258 1260 2
1259 1249 2
1259 1258 2
1259 1261 2
1260 1258 2
1261 1259 2
1262 1244 2
1262 1263 2
1262 1264 2
1262 1265 2
1262 1266 2
1263 1244 2
1263 1262 2
1263 1264 2
1263 1269 2
1263 1270 2
1264 1244 2
1264 1262 2
1264 1263 2
1264 1273 2
1264 1274 2
1265 1262 2
1265 1266 2
1265 1267 2
1266 1262 2
1266 1265 2
1266 1268 2
1267 1265 2
1268 1266 2
1269 1263 2
1269 1270 2
1269 1271 2
1270 1263 2
1270 1269 2
1270 1272 2
1271 1269 2
1272 1270 2
1273 1264 2
1273 1274 2
1273 1275 2
1274 1264 2
1274 1273 2
1274 1276 2
1275 1273 2
1276 1274 2
1277 1245 2
1277 1278 2
1277 1279 2
1277 1280 2
1277 1281 2
1278 1245 2
1278 1277 2
1278 1279 2
1278 1284 2
1278 1285 2
1279 1245 2
1279 1277 2
1279 1278 2
1279 1288 2
1279 1289 2
1280 1277 2
1280 1281 2
1280 1282 2
1281 1277 2
1281 1280 2
1281 1283 2
1282 1280 2
1283 1281 2
1284 1278 2
1284 1285 2
1284 1286 2
1285 1278 2
1285 1284 2
1285 1287 2
1286 1284 2
1287 1285 2
1288 1279 2
1288 1289 2
1288 1290 2
1289 1279 2
1289 1288 2
1289 1291 2
1290 1288 2
1291 1289 2
1292 1246 2
1292 1293 2
1292 1294 2
1292 1295 2
1292 1296 2
1293 1246 2
1293 1292 2
1293 1294 2
1293 1299 2
1293 1300 2
1294 1246 2
1294 1292 2
1294 1293 2
1294 1303 2
1294 1304 2
1295 1292 2
1295 1296 2
1295 1297 2
1296 1292 2
1296 1295 2
1296 1298 2
1297 1295 2
1298 1296 2
1299 1293 2
1299 1300 2
1299 1301 2
1300 1293 2
1300 1299 2
1300 1302 2
1301 1299 2
1302 1300 2
1303 1294 2
1303 1304 2
1303 1305 2
1304 1294 2
1304 1303 2
1304 1306 2
1305 1303 2
1306 1304 2
1307 5 2
1307 1308 2
1307 1309 2
1307 1310 2
1307 1311 2
1307 1312 2
1307 1313 2
1307 1314 2
1307 1315 2
1308 5 2
1308 1307 2
1308 1309 2
1308 1310 2
1308 1311 2
1308 1376 2
1308 1377 2
1308 1378 2
1308 1379 2
1309 5 2
1309 1307 2
1309 1308 2
1309 1310 2
1309 1311 2
1309 1440 2
1309 1441 2
1309 1442 2
1309 1443 2
1310 5 2
1310 1307 2
1310 1308 2
1310 1309 2
1310 1311 2
1310 1504 2
1310 1505 2
1310 1506 2
1310 1507 2
1311 5 2
1311 1307 2
1311 1308 2
1311 1309 2
1311 1310 2
1311 1568 2
1311 1569 2
1311 1570 2
1311 1571 2
1312 1307 2
1312 1313 2
1312 1314 2
1312 1315 2
1312 1316 2
1312 1317 2
1312 1318 2
1313 1307 2
1313 1312 2
1313 1314 2
1313 1315 2
1313 1331 2
1313 1332 2
1313 1333 2
1314 1307 2
1314 1312 2
1314 1313 2
1314 1315 2
1314 1346 2
1314 1347 2
1314 1348 2
1315 1307 2
1315 1312 2
1315 1313 2
1315 1314 2
1315 1361 2
1315 1362 2
1315 1363 2
1316 1312 2
1316 1317 2
1316 1318 2
1316 1319 2
1316 1320 2
1317 1312 2
1317 1316 2
1317 1318 2
1317 1323 2
1317 1324 2
1318 1312 2
1318 1316 2
1318 1317 2
1318 1327 2
1318 1328 2
1319 1316 2
1319 1320 2
1319 1321 2
1320 1316 2
1320 1319 2
1320 1322 2
1321 1319 2
1322 1320 2
1323 1317 2
1323 1324 2
1323 1325 2
1324 1317 2
1324 1323 2
1324 1326 2
1325 1323 2
1326 1324 2
1327 1318 2
1327 1328 2
1327 1329 2
1328 1318 2
1328 1327 2
1328 1330 2
1329 1327 2
1330 1328 2
1331 1313 2
1331 1332 2
1331 1333 2
1331 1334 2
1331 1335 2
1332 1313 2
1332 1331 2
1332 1333 2
1332 1338 2
1332 1339 2
1333 1313 2
1333 1331 2
1333 1332 2
1333 1342 2
1333 1343 2
1334 1331 2
1334 1335 2
1334 1336 2
1335 1331 2
1335 1334 2
1335 1337 2
1336 1334 2
1337 1335 2
1338 1332 2
1338 1339 2
1338 1340 2
1339 1332 2
1339 1338 2
1339 1341 2
1340 1338 2
1341 1339 2
1342 1333 2
1342 1343 2
1342 1344 2
1343 1333 2
1343 1342 2
1343 1345 2
1344 1342 2
1345 1343 2
1346 1314 2
1346 1347 2
1346 1348 2
1346 1349 2
1346 1350 2
1347 1314 2
1347 1346 2
1347 1348 2
1347 1353 2
1347 1354 2
1348 1314 2
1348 1346 2
1348 1347 2
1348 1357 2
1348 1358 2
1349 1346 2
1349 1350 2
1349 1351 2
1350 1346 2
1350 1349 2
1350 1352 2
1351 1349 2
1352 1350 2
1353 1347 2
1353 1354 2
1353 1355 2
1354 1347 2
1354 1353 2
1354 1356 2
1355 1353 2
1356 1354 2
1357 1348 2
1357 1358 2
1357 1359 2
1358 1348 2
1358 1357 2
1358 1360 2
1359 1357 2
1360 1358 2
1361 1315 2
1361 1362 2
1361 1363 2
1361 1364 2
1361 1365 2
1362 1315 2
1362 1361 2
1362 1363 2
1362 1368 2
1362 1369 2
1363 1315 2
1363 1361 2
1363 1362 2
1363 1372 2
1363 1373 2
1364 1361 2
1364 1365 2
1364 1366 2
1365 1361 2
1365 1364 2
1365 1367 2
1366 1364 2
1367 1365 2
1368 1362 2
1368 1369 2
1368 1370 2
1369 1362 2
1369 1368 2
1369 1371 2
1370 1368 2
1371 1369 2
1372 1363 2
1372 1373 2
1372 1374 2
1373 1363 2
1373 1372 2
1373 1375 2
1374 1372 2
1375 1373 2
1376 1308 2
1376 1377 2
1376 1378 2
1376 1379 2
1376 1380 2
1376 1381 2
1376 1382 2
1377 1308 2
1377 1376 2
1377 1378 2
1377 1379 2
1377 1395 2
1377 1396 2
1377 1397 2
1378 1308 2
1378 1376 2
1378 1377 2
1378 1379 2
1378 1410 2
1378 1411 2
1378 1412 2
1379 1308 2
1379 1376 2
1379 1377 2
1379 1378 2
1379 1425 2
1379 1426 2
1379 1427 2
1380 1376 2
1380 1381 2
1380 1382 2
1380 1383 2
1380 1384 2
1381 1376 2
1381 1380 2
1381 1382 2
1381 1387 2
1381 1388 2
1382 1376 2
1382 1380 2
1382 1381 2
1382 1391 2
1382 1392 2
1383 1380 2
1383 1384 2
1383 1385 2
1384 1380 2
1384 1383 2
1384 1386 2
1385 1383 2
1386 1384 2
1387 1381 2
1387 1388 2
1387 1389 2
1388 1381 2
1388 1387 2
1388 1390 2
1389 1387 2
1390 1388 2
1391 1382 2
1391 1392 2
1391 1393 2
1392 1382 2
1392 1391 2
1392 1394 2
1393 1391 2
1394 1392 2
1395 1377 2
1395 1396 2
1395 1397 2
1395 1398 2
1395 1399 2
1396 1377 2
1396 1395 2
1396 1397 2
1396 1402 2
1396 1403 2
1397 1377 2
1397 1395 2
1397 1396 2
1397 1406 2
1397 1407 2
1398 1395 2
1398 1399 2
1398 1400 2
1399 1395 2
1399 1398 2
1399 1401 2
1400 1398 2
1401 1399 2
1402 1396 2
1402 1403 2
1402 1404 2
1403 1396 2
1403 1402 2
1403 1405 2
1404 1402 2
1405 1403 2
1406 1397 2
1406 1407 2
1406 1408 2
1407 1397 2
1407 1406 2
1407 1409 2
1408 1406 2
1409 1407 2
1410 1378 2
1410 1411 2
1410 1412 2
1410 1413 2
1410 1414 2
1411 1378 2
1411 1410 2
1411 1412 2
1411 1417 2
1411 1418 2
1412 1378 2
1412 1410 2
1412 1411 2
1412 1421 2
1412 1422 2
1413 1410 2
1413 1414 2
1413 1415 2
1414 1410 2
1414 1413 2
1414 1416 2
1415 1413 2
1416 1414 2
1417 1411 2
1417 1418 2
1417 1419 2
1418 1411 2
1418 1417 2
1418 1420 2
1419 1417 2
1420 1418 2
1421 1412 2
1421 1422 2
1421 1423 2
1422 1412 2
1422 1421 2
1422 1424 2
1423 1421 2
1424 1422 2
1425 1379 2
1425 1426 2
1425 1427 2
1425 1428 2
1425 1429 2
1426 1379 2
1426 1425 2
1426 1427 2
1426 1432 2
1426 1433 2
1427 1379 2
1427 1425 2
1427 1426 2
1427 1436 2
1427 1437 2
1428 1425 2
1428 1429 2
1428 1430 2
1429 1425 2
1429 1428 2
1429 1431 2
1430 1428 2
1431 1429 2
1432 1426 2
1432 1433 2
1432 1434 2
1433 1426 2
1433 1432 2
1433 1435 2
1434 1432 2
1435 1433 2
1436 1427 2
1436 1437 2
1436 1438 2
1437 1427 2
1437 1436 2
1437 1439 2
1438 1436 2
1439 1437 2
1440 1309 2
1440 1441 2
1440 1442 2
1440 1443 2
1440 1444 2
1440 1445 2
1440 1446 2
1441 1309 2
1441 1440 2
1441 1442 2
1441 1443 2
1441 1459 2
1441 1460 2
1441 1461 2
1442 1309 2
1442 1440 2
1442 1441 2
1442 1443 2
1442 1474 2
1442 1475 2
1442 1476 2
1443 1309 2
1443 1440 2
1443 1441 2
1443 1442 2
1443 1489 2
1443 1490 2
1443 1491 2
1444 1440 2
1444 1445 2
1444 1446 2
1444 1447 2
1444 1448 2
1445 1440 2
1445 1444 2
1445 1446 2
1445 1451 2
1445 1452 2
1446 1440 2
1446 1444 2
1446 1445 2
1446 1455 2
1446 1456 2
1447 1444 2
1447 1448 2
1447 1449 2
1448 1444 2
1448 1447 2
1448 1450 2
1449 1447 2
1450 1448 2
1451 1445 2
1451 1452 2
1451 1453 2
1452 1445 2
1452 1451 2
1452 1454 2
1453 1451 2
1454 1452 2
1455 1446 2
1455 1456 2
1455 1457 2
1456 1446 2
1456 1455 2
1456 1458 2
1457 1455 2
1458 1456 2
1459 1441 2
1459 1460 2
1459 1461 2
1459 1462 2
1459 1463 2
1460 1441 2
1460 1459 2
1460 1461 2
1460 1466 2
1460 1467 2
1461 1441 2
1461 1459 2
1461 1460 2
1461 1470 2
1461 1471 2
1462 1459 2
1462 1463 2
1462 1464 2
1463 1459 2
1463 1462 2
1463 1465 2
1464 1462 2
1465 1463 2
1466 1460 2
1466 1467 2
1466 1468 2
1467 1460 2
1467 1466 2
1467 1469 2
1468 1466 2
1469 1467 2
1470 1461 2
1470 1471 2
1470 1472 2
1471 1461 2
1471 1470 2
1471 1473 2
1472 1470 2
1473 1471 2
1474 1442 2
1474 1475 2
1474 1476 2
1474 1477 2
1474 1478 2
1475 1442 2
1475 1474 2
1475 1476 2
1475 1481 2
1475 1482 2
1476 1442 2
1476 1474 2
1476 1475 2
1476 1485 2
1476 1486 2
1477 1474 2
1477 1478 2
1477 1479 2
1478 1474 2
1478 1477 2
1478 1480 2
1479 1477 2
1480 1478 2
1481 1475 2
1481 1482 2
1481 1483 2
1482 1475 2
1482 1481 2
1482 1484 2
1483 1481 2
1484 1482 2
1485 1476 2
1485 1486 2
1485 1487 2
1486 1476 2
1486 1485 2
1486 1488 2
1487 1485 2
1488 1486 2
1489 1443 2
1489 1490 2
1489 1491 2
1489 1492 2
1489 1493 2
1490 1443 2
1490 1489 2
1490 1491 2
1490 1496 2
1490 1497 2
1491 1443 2
1491 1489 2
1491 1490 2
1491 1500 2
1491 1501 2
1492 1489 2
1492 1493 2
1492 1494 2
1493 1489 2
1493 1492 2
1493 1495 2
1494 1492 2
1495 1493 2
1496 1490 2
1496 1497 2
1496 1498 2
1497 1490 2
1497 1496 2
1497 1499 2
1498 1496 2
1499 1497 2
1500 1491 2
1500 1501 2
1500 1502 2
1501 1491 2
1501 1500 2
1501 1503 2
1502 1500 2
1503 1501 2
1504 1310 2
1504 1505 2
1504 1506 2
1504 1507 2
1504 1508 2
1504 1509 2
1504 1510 2
1505 1310 2
1505 1504 2
1505 1506 2
1505 1507 2
1505 1523 2
1505 1524 2
1505 1525 2
1506 1310 2
1506 1504 2
1506 1505 2
1506 1507 2
1506 1538 2
1506 1539 2
1506 1540 2
1507 1310 2
1507 1504 2
1507 1505 2
1507 1506 2
1507 1553 2
1507 1554 2
1507 1555 2
1508 1504 2
1508 1509 2
1508 1510 2
1508 1511 2
1508 1512 2
1509 1504 2
1509 1508 2
1509 1510 2
1509 1515 2
1509 1516 2
1510 1504 2
1510 1508 2
1510 1509 2
1510 1519 2
1510 1520 2
1511 1508 2
1511 1512 2
1511 1513 2
1512 1508 2
1512 1511 2
1512 1514 2
1513 1511 2
1514 1512 2
1515 1509 2
1515 1516 2
1515 1517 2
1516 1509 2
1516 1515 2
1516 1518 2
1517 1515 2
1518 1516 2
1519 1510 2
1519 1520 2
1519 1521 2
1520 1510 2
1520 1519 2
1520 1522 2
1521 1519 2
1522 1520 2
1523 1505 2
1523 1524 2
1523 1525 2
1523 1526 2
1523 1527 2
1524 1505 2
1524 1523 2
1524 1525 2
1524 1530 2
1524 1531 2
1525 1505 2
1525 1523 2
1525 1524 2
1525 1534 2
1525 1535 2
1526 1523 2
1526 1527 2
1526 1528 2
1527 1523 2
1527 1526 2
1527 1529 2
1528 1526 2
1529 1527 2
1530 1524 2
1530 1531 2
1530 1532 2
1531 1524 2
1531 1530 2
1531 1533 2
1532 1530 2
1533 1531 2
1534 1525 2
1534 1535 2
1534 1536 2
1535 1525 2
1535 1534 2
1535 1537 2
1536 1534 2
1537 1535 2
1538 1506 2
1538 1539 2
1538 1540 2
1538 1541 2
1538 1542 2
1539 1506 2
1539 1538 2
1539 1540 2
1539 1545 2
1539 1546 2
1540 1506 2
1540 1538 2
1540 1539 2
1540 1549 2
1540 1550 2
1541 1538 2
1541 1542 2
1541 1543 2
1542 1538 2
1542 1541 2
1542 1544 2
1543 1541 2
1544 1542 2
1545 1539 2
1545 1546 2
1545 1547 2
1546 1539 2
1546 1545 2
1546 1548 2
1547 1545 2
1548 1546 2
1549 1540 2
1549 1550 2
1549 1551 2
1550 1540 2
1550 1549 2
1550 1552 2
1551 1549 2
1552 1550 2
1553 1507 2
1553 1554 2
1553 1555 2
1553 1556 2
1553 1557 2
1554 1507 2
1554 1553 2
1554 1555 2
1554 1560 2
1554 1561 2
1555 1507 2
1555 1553 2
1555 1554 2
1555 1564 2
1555 1565 2
1556 1553 2
1556 1557 2
1556 1558 2
1557 1553 2
1557 1556 2
1557 1559 2
1558 1556 2
1559 1557 2
1560 1554 2
1560 1561 2
1560 1562 2
1561 1554 2
1561 1560 2
1561 1563 2
1562 1560 2
1563 1561 2
1564 1555 2
1564 1565 2
1564 1566 2
1565 1555 2
1565 1564 2
1565 1567 2
1566 1564 2
1567 1565 2
1568 1311 2
1568 1569 2
1568 1570 2
1568 1571 2
1568 1572 2
1568 1573 2
1568 1574 2
1569 1311 2
1569 1568 2
1569 1570 2
1569 1571 2
1569 1587 2
1569 1588 2
1569 1589 2
1570 1311 2
1570 1568 2
1570 1569 2
1570 1571 2
1570 1602 2
1570 1603 2
1570 1604 2
1571 1311 2
1571 1568 2
1571 1569 2
1571 1570 2
1571 1617 2
1571 1618 2
1571 1619 2
1572 1568 2
1572 1573 2
1572 1574 2
1572 1575 2
1572 1576 2
1573 1568 2
1573 1572 2
1573 1574 2
1573 1579 2
1573 1580 2
1574 1568 2
1574 1572 2
1574 1573 2
1574 1583 2
1574 1584 2
1575 1572 2
1575 1576 2
1575 1577 2
1576 1572 2
1576 1575 2
1576 1578 2
1577 1575 2
1578 1576 2
1579 1573 2
1579 1580 2
1579 1581 2
1580 1573 2
1580 1579 2
1580 1582 2
1581 1579 2
1582 1580 2
1583 1574 2
1583 1584 2
1583 1585 2
1584 1574 2
1584 1583 2
1584 1586 2
1585 1583 2
1586 1584 2
1587 1569 2
1587 1588 2
1587 1589 2
1587 1590 2
1587 1591 2
1588 1569 2
1588 1587 2
1588 1589 2
1588 1594 2
1588 1595 2
1589 1569 2
1589 1587 2
1589 1588 2
1589 1598 2
1589 1599 2
1590 1587 2
1590 1591 2
1590 1592 2
1591 1587 2
1591 1590 2
1591 1593 2
1592 1590 2
1593 1591 2
1594 1588 2
1594 1595 2
1594 1596 2
1595 1588 2
1595 1594 2
1595 1597 2
1596 1594 2
1597 1595 2
1598 1589 2
1598 1599 2
1598 1600 2
1599 1589 2
1599 1598 2
1599 1601 2
1600 1598 2
1601 1599 2
1602 1570 2
1602 1603 2
1602 1604 2
1602 1605 2
1602 1606 2
1603 1570 2
1603 1602 2
1603 1604 2
1603 1609 2
1603 1610 2
1604 1570 2
1604 1602 2
1604 1603 2
1604 1613 2
1604 1614 2
1605 1602 2
1605 1606 2
1605 1607 2
1606 1602 2
1606 1605 2
1606 1608 2
1607 1605 2
1608 1606 2
1609 1603 2
1609 1610 2
1609 1611 2
1610 1603 2
1610 1609 2
1610 1612 2
1611 1609 2
1612 1610 2
1613 1604 2
1613 1614 2
1613 1615 2
1614 1604 2
1614 1613 2
1614 1616 2
1615 1613 2
1616 1614 2
1617 1571 2
1617 1618 2
1617 1619 2
1617 1620 2
1617 1621 2
1618 1571 2
1618 1617 2
1618 1619 2
1618 1624 2
1618 1625 2
1619 1571 2
1619 1617 2
1619 1618 2
1619 1628 2
1619 1629 2
1620 1617 2
1620 1621 2
1620 1622 2
1621 1617 2
1621 1620 2
1621 1623 2
1622 1620 2
1623 1621 2
1624 1618 2
1624 1625 2
1624 1626 2
1625 1618 2
1625 1624 2
1625 1627 2
1626 1624 2
1627 1625 2
1628 1619 2
1628 1629 2
1628 1630 2
1629 1619 2
1629 1628 2
1629 1631 2
1630 1628 2
1631 1629 2
1632 6 2
1632 1633 2
1632 1634 2
1632 1635 2
1632 1636 2
1632 1637 2
1632 1638 2
1632 1639 2
1632 1640 2
1633 6 2
1633 1632 2
1633 1634 2
1633 1635 2
1633 1636 2
1633 1701 2
1633 1702 2
1633 1703 2
1633 1704 2
1634 6 2
1634 1632 2
1634 1633 2
1634 1635 2
1634 1636 2
1634 1765 2
1634 1766 2
1634 1767 2
1634 1768 2
1635 6 2
1635 1632 2
1635 1633 2
1635 1634 2
1635 1636 2
1635 1829 2
1635 1830 2
1635 1831 2
1635 1832 2
1636 6 2
1636 1632 2
1636 1633 2
1636 1634 2
1636 1635 2
1636 1893 2
1636 1894 2
1636 1895 2
1636 1896 2
1637 1632 2
1637 1638 2
1637 1639 2
1637 1640 2
1637 1641 2
1637 1642 2
1637 1643 2
1638 1632 2
1638 1637 2
1638 1639 2
1638 1640 2
1638 1656 2
1638 1657 2
1638 1658 2
1639 1632 2
1639 1637 2
1639 1638 2
1639 1640 2
1639 1671 2
1639 1672 2
1639 1673 2
1640 1632 2
1640 1637 2
1640 1638 2
1640 1639 2
1640 1686 2
1640 1687 2
1640 1688 2
1641 1637 2
1641 1642 2
1641 1643 2
1641 1644 2
1641 1645 2
1642 1637 2
1642 1641 2
1642 1643 2
1642 1648 2
1642 1649 2
1643 1637 2
1643 1641 2
1643 1642 2
1643 1652 2
1643 1653 2
1644 1641 2
1644 1645 2
1644 1646 2
1645 1641 2
1645 1644 2
1645 1647 2
1646 1644 2
1647 1645 2
1648 1642 2
1648 1649 2
1648 1650 2
1649 1642 2
1649 1648 2
1649 1651 2
1650 1648 2
1651 1649 2
1652 1643 2
1652 1653 2
1652 1654 2
1653 1643 2
1653 1652 2
1653 1655 2
1654 1652 2
1655 1653 2
1656 1638 2
1656 1657 2
1656 1658 2
1656 1659 2
1656 1660 2
1657 1638 2
1657 1656 2
1657 1658 2
1657 1663 2
1657 1664 2
1658 1638 2
1658 1656 2
1658 1657 2
1658 1667 2
1658 1668 2
1659 1656 2
1659 1660 2
1659 1661 2
1660 1656 2
1660 1659 2
1660 1662 2
1661 1659 2
1662 1660 2
1663 1657 2
1663 1664 2
1663 1665 2
1664 1657 2
1664 1663 2
1664 1666 2
1665 1663 2
1666 1664 2
1667 1658 2
1667 1668 2
1667 1669 2
1668 1658 2
1668 1667 2
1668 1670 2
1669 1667 2
1670 1668 2
1671 1639 2
1671 1672 2
1671 1673 2
1671 1674 2
1671 1675 2
1672 1639 2
1672 1671 2
1672 1673 2
1672 1678 2
1672 1679 2
1673 1639 2
1673 1671 2
1673 1672 2
1673 1682 2
1673 1683 2
1674 1671 2
1674 1675 2
1674 1676 2
1675 1671 2
1675 1674 2
1675 1677 2
1676 1674 2
1677 1675 2
1678 1672 2
1678 1679 2
1678 1680 2
1679 1672 2
1679 1678 2
1679 1681 2
1680 1678 2
1681 1679 2
1682 1673 2
1682 1683 2
1682 1684 2
1683 1673 2
1683 1682 2
1683 1685 2
1684 1682 2
1685 1683 2
1686 1640 2
1686 1687 2
1686 1688 2
1686 1689 2
1686 1690 2
1687 1640 2
1687 1686 2
1687 1688 2
1687 1693 2
1687 1694 2
1688 1640 2
1688 1686 2
1688 1687 2
1688 1697 2
1688 1698 2
1689 1686 2
1689 1690 2
1689 1691 2
1690 1686 2
1690 1689 2
1690 1692 2
1691 1689 2
1692 1690 2
1693 1687 2
1693 1694 2
1693 1695 2
1694 1687 2
1694 1693 2
1694 1696 2
1695 1693 2
1696 1694 2
1697 1688 2
1697 1698 2
1697 1699 2
1698 1688 2
1698 1697 2
1698 1700 2
1699 1697 2
1700 1698 2
1701 1633 2
1701 1702 2
1701 1703 2
1701 1704 2
1701 1705 2
1701 1706 2
1701 1707 2
1702 1633 2
1702 1701 2
1702 1703 2
1702 1704 2
1702 1720 2
1702 1721 2
1702 1722 2
1703 1633 2
1703 1701 2
1703 1702 2
1703 1704 2
1703 1735 2
1703 1736 2
1703 1737 2
1704 1633 2
1704 1701 2
1704 1702 2
1704 1703 2
1704 1750 2
1704 1751 2
1704 1752 2
1705 1701 2
1705 1706 2
1705 1707 2
1705 1708 2
1705 1709 2
1706 1701 2
1706 1705 2
1706 1707 2
1706 1712 2
1706 1713 2
1707 1701 2
1707 1705 2
1707 1706 2
1707 1716 2
1707 1717 2
1708 1705 2
1708 1709 2
1708 1710 2
1709 1705 2
1709 1708 2
1709 1711 2
1710 1708 2
1711 1709 2
1712 1706 2
1712 1713 2
1712 1714 2
1713 1706 2
1713 1712 2
1713 1715 2
1714 1712 2
1715 1713 2
1716 1707 2
1716 1717 2
1716 1718 2
1717 1707 2
1717 1716 2
1717 1719 2
1718 1716 2
1719 1717 2
1720 1702 2
1720 1721 2
1720 1722 2
1720 1723 2
1720 1724 2
1721 1702 2
1721 1720 2
1721 1722 2
1721 1727 2
1721 1728 2
1722 1702 2
1722 1720 2
1722 1721 2
1722 1731 2
1722 1732 2
1723 1720 2
1723 1724 2
1723 1725 2
1724 1720 2
1724 1723 2
1724 1726 2
1725 1723 2
1726 1724 2
1727 1721 2
1727 1728 2
1727 1729 2
1728 1721 2
1728 1727 2
1728 1730 2
1729 1727 2
1730 1728 2
1731 1722 2
1731 1732 2
1731 1733 2
1732 1722 2
1732 1731 2
1732 1734 2
1733 1731 2
1734 1732 2
1735 1703 2
1735 1736 2
1735 1737 2
1735 1738 2
1735 1739 2
1736 1703 2
1736 1735 2
1736 1737 2
1736 1742 2
1736 1743 2
1737 1703 2
1737 1735 2
1737 1736 2
1737 1746 2
1737 1747 2
1738 1735 2
1738 1739 2
1738 1740 2
1739 1735 2
1739 1738 2
1739 1741 2
1740 1738 2
1741 1739 2
1742 1736 2
1742 1743 2
1742 1744 2
1743 1736 2
1743 1742 2
1743 1745 2
1744 1742 2
1745 1743 2
1746 1737 2
1746 1747 2
1746 1748 2
1747 1737 2
1747 1746 2
1747 1749 2
1748 1746 2
1749 1747 2
1750 1704 2
1750 1751 2
1750 1752 2
1750 1753 2
1750 1754 2
1751 1704 2
1751 1750 2
1751 1752 2
1751 1757 2
1751 1758 2
1752 1704 2
1752 1750 2
1752 1751 2
1752 1761 2
1752 1762 2
1753 1750 2
1753 1754 2
1753 1755 2
1754 1750 2
1754 1753 2
1754 1756 2
1755 1753 2
1756 1754 2
1757 1751 2
1757 1758 2
1757 1759 2
1758 1751 2
1758 1757 2
1758 1760 2
1759 1757 2
1760 1758 2
1761 1752 2
1761 1762 2
1761 1763 2
1762 1752 2
1762 1761 2
1762 1764 2
1763 1761 2
1764 1762 2
1765 1634 2
1765 1766 2
1765 1767 2
1765 1768 2
1765 1769 2
1765 1770 2
1765 1771 2
1766 1634 2
1766 1765 2
1766 1767 2
1766 1768 2
1766 1784 2
1766 1785 2
1766 1786 2
1767 1634 2
1767 1765 2
1767 1766 2
1767 1768 2
1767 1799 2
1767 1800 2
1767 1801 2
1768 1634 2
1768 1765 2
1768 1766 2
1768 1767 2
1768 1814 2
1768 1815 2
1768 1816 2
1769 1765 2
1769 1770 2
1769 1771 2
1769 1772 2
1769 1773 2
1770 1765 2
1770 1769 2
1770 1771 2
1770 1776 2
1770 1777 2
1771 1765 2
1771 1769 2
1771 1770 2
1771 1780 2
1771 1781 2
1772 1769 2
1772 1773 2
1772 1774 2
1773 1769 2
1773 1772 2
1773 1775 2
1774 1772 2
1775 1773 2
1776 1770 2
1776 1777 2
1776 1778 2
1777 1770 2
1777 1776 2
1777 1779 2
1778 1776 2
1779 1777 2
1780 1771 2
1780 1781 2
1780 1782 2
1781 1771 2
1781 1780 2
1781 1783 2
1782 1780 2
1783 1781 2
1784 1766 2
1784 1785 2
1784 1786 2
1784 1787 2
1784 1788 2
1785 1766 2
1785 1784 2
1785 1786 2
1785 1791 2
1785 1792 2
1786 1766 2
1786 1784 2
1786 1785 2
1786 1795 2
1786 1796 2
1787 1784 2
1787 1788 2
1787 1789 2
1788 1784 2
1788 1787 2
1788 1790 2
1789 1787 2
1790 1788 2
1791 1785 2
1791 1792 2
1791 1793 2
1792 1785 2
1792 1791 2
1792 1794 2
1793 1791 2
1794 1792 2
1795 1786 2
1795 1796 2
1795 1797 2
1796 1786 2
1796 1795 2
1796 1798 2
1797 1795 2
1798 1796 2
1799 1767 2
1799 1800 2
1799 1801 2
1799 1802 2
1799 1803 2
1800 1767 2
1800 1799 2
1800 1801 2
1800 1806 2
1800 1807 2
1801 1767 2
1801 1799 2
1801 1800 2
1801 1810 2
1801 1811 2
1802 1799 2
1802 1803 2
1802 1804 2
1803 1799 2
1803 1802 2
1803 1805 2
1804 1802 2
1805 1803 2
1806 1800 2
1806 1807 2
1806 1808 2
1807 1800 2
1807 1806 2
1807 1809 2
1808 1806 2
1809 1807 2
1810 1801 2
1810 1811 2
1810 1812 2
1811 1801 2
1811 1810 2
1811 1813 2
1812 1810 2
1813 1811 2
1814 1768 2
1814 1815 2
1814 1816 2
1814 1817 2
1814 1818 2
1815 1768 2
1815 1814 2
1815 1816 2
1815 1821 2
1815 1822 2
1816 1768 2
1816 1814 2
1816 1815 2
1816 1825 2
1816 1826 2
1817 1814 2
1817 1818 2
1817 1819 2
1818 1814 2
1818 1817 2
1818 1820 2
1819 1817 2
1820 1818 2
1821 1815 2
1821 1822 2
1821 1823 2
1822 1815 2
1822 1821 2
1822 1824 2
1823 1821 2
1824 1822 2
1825 1816 2
1825 1826 2
1825 1827 2
1826 1816 2
1826 1825 2
1826 1828 2
1827 1825 2
1828 1826 2
1829 1635 2
1829 1830 2
1829 1831 2
1829 1832 2
1829 1833 2
1829 1834 2
1829 1835 2
1830 1635 2
1830 1829 2
1830 1831 2
1830 1832 2
1830 1848 2
1830 1849 2
1830 1850 2
1831 1635 2
1831 1829 2
1831 1830 2
1831 1832 2
1831 1863 2
1831 1864 2
1831 1865 2
1832 1635 2
1832 1829 2
1832 1830 2
1832 1831 2
1832 1878 2
1832 1879 2
1832 1880 2
1833 1829 2
1833 1834 2
1833 1835 2
1833 1836 2
1833 1837 2
1834 1829 2
1834 1833 2
1834 1835 2
1834 1840 2
1834 1841 2
1835 1829 2
1835 1833 2
1835 1834 2
1835 1844 2
1835 1845 2
1836 1833 2
1836 1837 2
1836 1838 2
1837 1833 2
1837 1836 2
1837 1839 2
1838 1836 2
1839 1837 2
1840 1834 2
1840 1841 2
1840 1842 2
1841 1834 2
1841 1840 2
1841 1843 2
1842 1840 2
1843 1841 2
1844 1835 2
1844 1845 2
1844 1846 2
1845 1835 2
1845 1844 2
1845 1847 2
1846 1844 2
1847 1845 2
1848 1830 2
1848 1849 2
1848 1850 2
1848 1851 2
1848 1852 2
1849 1830 2
1849 1848 2
1849 1850 2
1849 1855 2
1849 1856 2
1850 1830 2
1850 1848 2
1850 1849 2
1850 1859 2
1850 1860 2
1851 1848 2
1851 1852 2
1851 1853 2
1852 1848 2
1852 1851 2
1852 1854 2
1853 1851 2
1854 1852 2
1855 1849 2
1855 1856 2
1855 1857 2
1856 1849 2
1856 1855 2
1856 1858 2
1857 1855 2
1858 1856 2
1859 1850 2
1859 1860 2
1859 1861 2
1860 1850 2
1860 1859 2
1860 1862 2
1861 1859 2
1862 1860 2
1863 1831 2
1863 1864 2
1863 1865 2
1863 1866 2
1863 1867 2
1864 1831 2
1864 1863 2
1864 1865 2
1864 1870 2
1864 1871 2
1865 1831 2
1865 1863 2
1865 1864 2
1865 1874 2
1865 1875 2
1866 1863 2
1866 1867 2
1866 1868 2
1867 1863 2
1867 1866 2
1867 1869 2
1868 1866 2
1869 1867 2
1870 1864 2
1870 1871 2
1870 1872 2
1871 1864 2
1871 1870 2
1871 1873 2
1872 1870 2
1873 1871 2
1874 1865 2
1874 1875 2
1874 1876 2
1875 1865 2
1875 1874 2
1875 1877 2
1876 1874 2
1877 1875 2
1878 1832 2
1878 1879 2
1878 1880 2
1878 1881 2
1878 1882 2
1879 1832 2
1879 1878 2
1879 1880 2
1879 1885 2
1879 1886 2
1880 1832 2
1880 1878 2
1880 1879 2
1880 1889 2
1880 1890 2
1881 1878 2
1881 1882 2
1881 1883 2
1882 1878 2
1882 1881 2
1882 1884 2
1883 1881 2
1884 1882 2
1885 1879 2
1885 1886 2
1885 1887 2
1886 1879 2
1886 1885 2
1886 1888 2
1887 1885 2
1888 1886 2
1889 1880 2
1889 1890 2
1889 1891 2
1890 1880 2
1890 1889 2
1890 1892 2
1891 1889 2
1892 1890 2
1893 1636 2
1893 1894 2
1893 1895 2
1893 1896 2
1893 1897 2
1893 1898 2
1893 1899 2
1894 1636 2
1894 1893 2
1894 1895 2
1894 1896 2
1894 1912 2
1894 1913 2
1894 1914 2
1895 1636 2
1895 1893 2
1895 1894 2
1895 1896 2
1895 1927 2
1895 1928 2
1895 1929 2
1896 1636 2
1896 1893 2
1896 1894 2
1896 1895 2
1896 1942 2
1896 1943 2
1896 1944 2
1897 1893 2
1897 1898 2
1897 1899 2
1897 1900 2
1897 1901 2
1898 1893 2
1898 1897 2
1898 1899 2
1898 1904 2
1898 1905 2
1899 1893 2
1899 1897 2
1899 1898 2
1899 1908 2
1899 1909 2
1900 1897 2
1900 1901 2
1900 1902 2
1901 1897 2
1901 1900 2
1901 1903 2
1902 1900 2
1903 1901 2
1904 1898 2
1904 1905 2
1904 1906 2
1905 1898 2
1905 1904 2
1905 1907 2
1906 1904 2
1907 1905 2
1908 1899 2
1908 1909 2
1908 1910 2
1909 1899 2
1909 1908 2
1909 1911 2
1910 1908 2
1911 1909 2
1912 1894 2
1912 1913 2
1912 1914 2
1912 1915 2
1912 1916 2
1913 1894 2
1913 1912 2
1913 1914 2
1913 1919 2
1913 1920 2
1914 1894 2
1914 1912 2
1914 1913 2
1914 1923 2
1914 1924 2
1915 1912 2
1915 1916 2
1915 1917 2
1916 1912 2
1916 1915 2
1916 1918 2
1917 1915 2
1918 1916 2
1919 1913 2
1919 1920 2
1919 1921 2
1920 1913 2
1920 1919 2
1920 1922 2
1921 1919 2
1922 1920 2
1923 1914 2
1923 1924 2
1923 1925 2
1924 1914 2
1924 1923 2
1924 1926 2
1925 1923 2
1926 1924 2
1927 1895 2
1927 1928 2
1927 1929 2
1927 1930 2
1927 1931 2
1928 1895 2
1928 1927 2
1928 1929 2
1928 1934 2
1928 1935 2
1929 1895 2
1929 1927 2
1929 1928 2
1929 1938 2
1929 1939 2
1930 1927 2
1930 1931 2
1930 1932 2
1931 1927 2
1931 1930 2
1931 1933 2
1932 1930 2
1933 1931 2
1934 1928 2
1934 1935 2
1934 1936 2
1935 1928 2
1935 1934 2
1935 1937 2
1936 1934 2
1937 1935 2
1938 1929 2
1938 1939 2
1938 1940 2
1939 1929 2
1939 1938 2
1939 1941 2
1940 1938 2
1941 1939 2
1942 1896 2
1942 1943 2
1942 1944 2
1942 1945 2
1942 1946 2
1943 1896 2
1943 1942 2
1943 1944 2
1943 1949 2
1943 1950 2
1944 1896 2
1944 1942 2
1944 1943 2
1944 1953 2
1944 1954 2
1945 1942 2
1945 1946 2
1945 1947 2
1946 1942 2
1946 1945 2
1946 1948 2
1947 1945 2
1948 1946 2
1949 1943 2
1949 1950 2
1949 1951 2
1950 1943 2
1950 1949 2
1950 1952 2
1951 1949 2
1952 1950 2
1953 1944 2
1953 1954 2
1953 1955 2
1954 1944 2
1954 1953 2
1954 1956 2
1955 1953 2
1956 1954 2
