489
1463
3 0 2
3 1 2
3 2 2
3 4 2
3 5 2
3 6 2
3 657 2
3 658 2
3 659 2
3 660 2
3 661 2
7 1 2
7 8 2
7 9 2
7 10 2
7 11 2
7 12 2
7 13 2
7 14 2
7 15 2
11 1 2
11 7 2
11 8 2
11 9 2
11 10 2
11 268 2
11 269 2
11 270 2
11 271 2
15 7 2
15 12 2
15 13 2
15 14 2
15 61 2
15 62 2
15 63 2
19 16 2
19 20 2
19 21 2
23 17 2
23 24 2
23 25 2
27 18 2
27 28 2
27 29 2
31 13 2
31 32 2
31 33 2
31 34 2
31 35 2
35 31 2
35 34 2
35 37 2
39 32 2
39 38 2
39 41 2
43 33 2
43 42 2
43 45 2
47 14 2
47 46 2
47 48 2
47 53 2
47 54 2
51 49 2
55 53 2
59 57 2
63 15 2
63 61 2
63 62 2
63 72 2
63 73 2
67 65 2
71 69 2
75 73 2
79 8 2
79 76 2
79 77 2
79 78 2
79 125 2
79 126 2
79 127 2
83 80 2
83 84 2
83 85 2
87 81 2
87 88 2
87 89 2
91 82 2
91 92 2
91 93 2
95 77 2
95 96 2
95 97 2
95 98 2
95 99 2
99 95 2
99 98 2
99 101 2
103 96 2
103 102 2
103 105 2
107 97 2
107 106 2
107 109 2
111 78 2
111 110 2
111 112 2
111 117 2
111 118 2
115 113 2
119 117 2
123 121 2
127 79 2
127 125 2
127 126 2
127 136 2
127 137 2
131 129 2
135 133 2
139 137 2
143 9 2
143 140 2
143 141 2
143 142 2
143 189 2
143 190 2
143 191 2
147 144 2
147 148 2
147 149 2
151 145 2
151 152 2
151 153 2
155 146 2
155 156 2
155 157 2
159 141 2
159 160 2
159 161 2
159 162 2
159 163 2
163 159 2
163 162 2
163 165 2
167 160 2
167 166 2
167 169 2
171 161 2
171 170 2
171 173 2
175 142 2
175 174 2
175 176 2
175 181 2
175 182 2
179 177 2
183 181 2
187 185 2
191 143 2
191 189 2
191 190 2
191 200 2
191 201 2
195 193 2
199 197 2
203 201 2
207 10 2
207 204 2
207 205 2
207 206 2
207 253 2
207 254 2
207 255 2
211 208 2
211 212 2
211 213 2
215 209 2
215 216 2
215 217 2
219 210 2
219 220 2
219 221 2
223 205 2
223 224 2
223 225 2
223 226 2
223 227 2
227 223 2
227 226 2
227 229 2
231 224 2
231 230 2
231 233 2
235 225 2
235 234 2
235 237 2
239 206 2
239 238 2
239 240 2
239 245 2
239 246 2
243 241 2
247 245 2
251 249 2
255 207 2
255 253 2
255 254 2
255 264 2
255 265 2
259 257 2
263 261 2
267 265 2
271 11 2
271 268 2
271 269 2
271 270 2
271 317 2
271 318 2
271 319 2
275 272 2
275 276 2
275 277 2
279 273 2
279 280 2
279 281 2
283 274 2
283 284 2
283 285 2
287 269 2
287 288 2
287 289 2
287 290 2
287 291 2
291 287 2
291 290 2
291 293 2
295 288 2
295 294 2
295 297 2
299 289 2
299 298 2
299 301 2
303 270 2
303 302 2
303 304 2
303 309 2
303 310 2
307 305 2
311 309 2
315 313 2
319 271 2
319 317 2
319 318 2
319 328 2
319 329 2
323 321 2
327 325 2
331 329 2
335 2 2
335 332 2
335 333 2
335 334 2
335 336 2
335 529 2
335 530 2
335 531 2
335 532 2
339 332 2
339 337 2
339 338 2
339 340 2
339 371 2
339 372 2
339 373 2
343 337 2
343 341 2
343 342 2
343 352 2
343 353 2
347 345 2
351 349 2
355 353 2
359 356 2
359 360 2
359 361 2
363 357 2
363 364 2
363 365 2
367 358 2
367 368 2
367 369 2
371 339 2
371 372 2
371 373 2
371 374 2
371 375 2
375 371 2
375 374 2
375 377 2
379 372 2
379 378 2
379 381 2
383 373 2
383 382 2
383 385 2
387 340 2
387 386 2
387 388 2
387 393 2
387 394 2
391 389 2
395 393 2
399 397 2
403 333 2
403 401 2
403 402 2
403 404 2
403 435 2
403 436 2
403 437 2
407 401 2
407 405 2
407 406 2
407 416 2
407 417 2
411 409 2
415 413 2
419 417 2
423 420 2
423 424 2
423 425 2
427 421 2
427 428 2
427 429 2
431 422 2
431 432 2
431 433 2
435 403 2
435 436 2
435 437 2
435 438 2
435 439 2
439 435 2
439 438 2
439 441 2
443 436 2
443 442 2
443 445 2
447 437 2
447 446 2
447 449 2
451 404 2
451 450 2
451 452 2
451 457 2
451 458 2
455 453 2
459 457 2
463 461 2
467 334 2
467 465 2
467 466 2
467 468 2
467 499 2
467 500 2
467 501 2
471 465 2
471 469 2
471 470 2
471 480 2
471 481 2
475 473 2
479 477 2
483 481 2
487 484 2
487 488 2
487 489 2
491 485 2
491 492 2
491 493 2
495 486 2
495 496 2
495 497 2
499 467 2
499 500 2
499 501 2
499 502 2
499 503 2
503 499 2
503 502 2
503 505 2
507 500 2
507 506 2
507 509 2
511 501 2
511 510 2
511 513 2
515 468 2
515 514 2
515 516 2
515 521 2
515 522 2
519 517 2
523 521 2
527 525 2
531 335 2
531 529 2
531 530 2
531 532 2
531 563 2
531 564 2
531 565 2
535 529 2
535 533 2
535 534 2
535 544 2
535 545 2
539 537 2
543 541 2
547 545 2
551 548 2
551 552 2
551 553 2
555 549 2
555 556 2
555 557 2
559 550 2
559 560 2
559 561 2
563 531 2
563 564 2
563 565 2
563 566 2
563 567 2
567 563 2
567 566 2
567 569 2
571 564 2
571 570 2
571 573 2
575 565 2
575 574 2
575 577 2
579 532 2
579 578 2
579 580 2
579 585 2
579 586 2
583 581 2
587 585 2
591 589 2
595 336 2
595 593 2
595 594 2
595 596 2
595 627 2
595 628 2
595 629 2
599 593 2
599 597 2
599 598 2
599 608 2
599 609 2
603 601 2
607 605 2
611 609 2
615 612 2
615 616 2
615 617 2
619 613 2
619 620 2
619 621 2
623 614 2
623 624 2
623 625 2
627 595 2
627 628 2
627 629 2
627 630 2
627 631 2
631 627 2
631 630 2
631 633 2
635 628 2
635 634 2
635 637 2
639 629 2
639 638 2
639 641 2
643 596 2
643 642 2
643 644 2
643 649 2
643 650 2
647 645 2
651 649 2
655 653 2
659 3 2
659 657 2
659 658 2
659 660 2
659 661 2
659 790 2
659 791 2
659 792 2
659 793 2
663 657 2
663 662 2
663 664 2
663 665 2
663 681 2
663 682 2
663 683 2
667 662 2
667 666 2
667 668 2
667 673 2
667 674 2
671 669 2
675 673 2
679 677 2
683 663 2
683 681 2
683 682 2
683 692 2
683 693 2
687 685 2
691 689 2
695 693 2
699 696 2
699 700 2
699 701 2
703 697 2
703 704 2
703 705 2
707 698 2
707 708 2
707 709 2
711 665 2
711 712 2
711 713 2
711 714 2
711 715 2
715 711 2
715 714 2
715 717 2
719 712 2
719 718 2
719 721 2
723 713 2
723 722 2
723 725 2
727 658 2
727 726 2
727 728 2
727 729 2
727 745 2
727 746 2
727 747 2
731 726 2
731 730 2
731 732 2
731 737 2
731 738 2
735 733 2
739 737 2
743 741 2
747 727 2
747 745 2
747 746 2
747 756 2
747 757 2
751 749 2
755 753 2
759 757 2
763 760 2
763 764 2
763 765 2
767 761 2
767 768 2
767 769 2
771 762 2
771 772 2
771 773 2
775 729 2
775 776 2
775 777 2
775 778 2
775 779 2
779 775 2
779 778 2
779 781 2
783 776 2
783 782 2
783 785 2
787 777 2
787 786 2
787 789 2
791 659 2
791 790 2
791 792 2
791 793 2
791 809 2
791 810 2
791 811 2
795 790 2
795 794 2
795 796 2
795 801 2
795 802 2
799 797 2
803 801 2
807 805 2
811 791 2
811 809 2
811 810 2
811 820 2
811 821 2
815 813 2
819 817 2
823 821 2
827 824 2
827 828 2
827 829 2
831 825 2
831 832 2
831 833 2
835 826 2
835 836 2
835 837 2
839 793 2
839 840 2
839 841 2
839 842 2
839 843 2
843 839 2
843 842 2
843 845 2
847 840 2
847 846 2
847 849 2
851 841 2
851 850 2
851 853 2
855 660 2
855 854 2
855 856 2
855 857 2
855 873 2
855 874 2
855 875 2
859 854 2
859 858 2
859 860 2
859 865 2
859 866 2
863 861 2
867 865 2
871 869 2
875 855 2
875 873 2
875 874 2
875 884 2
875 885 2
879 877 2
883 881 2
887 885 2
891 888 2
891 892 2
891 893 2
895 889 2
895 896 2
895 897 2
899 890 2
899 900 2
899 901 2
903 857 2
903 904 2
903 905 2
903 906 2
903 907 2
907 903 2
907 906 2
907 909 2
911 904 2
911 910 2
911 913 2
915 905 2
915 914 2
915 917 2
919 661 2
919 918 2
919 920 2
919 921 2
919 937 2
919 938 2
919 939 2
923 918 2
923 922 2
923 924 2
923 929 2
923 930 2
927 925 2
931 929 2
935 933 2
939 919 2
939 937 2
939 938 2
939 948 2
939 949 2
943 941 2
947 945 2
951 949 2
955 952 2
955 956 2
955 957 2
959 953 2
959 960 2
959 961 2
963 954 2
963 964 2
963 965 2
967 921 2
967 968 2
967 969 2
967 970 2
967 971 2
971 967 2
971 970 2
971 973 2
975 968 2
975 974 2
975 977 2
979 969 2
979 978 2
979 981 2
983 4 2
983 982 2
983 984 2
983 985 2
983 986 2
983 1051 2
983 1052 2
983 1053 2
983 1054 2
987 982 2
987 988 2
987 989 2
987 990 2
987 991 2
987 992 2
987 993 2
991 987 2
991 992 2
991 993 2
991 994 2
991 995 2
995 991 2
995 994 2
995 997 2
999 992 2
999 998 2
999 1001 2
1003 993 2
1003 1002 2
1003 1005 2
1007 988 2
1007 1006 2
1007 1008 2
1007 1013 2
1007 1014 2
1011 1009 2
1015 1013 2
1019 1017 2
1023 989 2
1023 1021 2
1023 1022 2
1023 1032 2
1023 1033 2
1027 1025 2
1031 1029 2
1035 1033 2
1039 1036 2
1039 1040 2
1039 1041 2
1043 1037 2
1043 1044 2
1043 1045 2
1047 1038 2
1047 1048 2
1047 1049 2
1051 983 2
1051 1052 2
1051 1053 2
1051 1054 2
1051 1055 2
1051 1056 2
1051 1057 2
1055 1051 2
1055 1056 2
1055 1057 2
1055 1058 2
1055 1059 2
1059 1055 2
1059 1058 2
1059 1061 2
1063 1056 2
1063 1062 2
1063 1065 2
1067 1057 2
1067 1066 2
1067 1069 2
1071 1052 2
1071 1070 2
1071 1072 2
1071 1077 2
1071 1078 2
1075 1073 2
1079 1077 2
1083 1081 2
1087 1053 2
1087 1085 2
1087 1086 2
1087 1096 2
1087 1097 2
1091 1089 2
1095 1093 2
1099 1097 2
1103 1100 2
1103 1104 2
1103 1105 2
1107 1101 2
1107 1108 2
1107 1109 2
1111 1102 2
1111 1112 2
1111 1113 2
1115 984 2
1115 1116 2
1115 1117 2
1115 1118 2
1115 1119 2
1115 1120 2
1115 1121 2
1119 1115 2
1119 1120 2
1119 1121 2
1119 1122 2
1119 1123 2
1123 1119 2
1123 1122 2
1123 1125 2
1127 1120 2
1127 1126 2
1127 1129 2
1131 1121 2
1131 1130 2
1131 1133 2
1135 1116 2
1135 1134 2
1135 1136 2
1135 1141 2
1135 1142 2
1139 1137 2
1143 1141 2
1147 1145 2
1151 1117 2
1151 1149 2
1151 1150 2
1151 1160 2
1151 1161 2
1155 1153 2
1159 1157 2
1163 1161 2
1167 1164 2
1167 1168 2
1167 1169 2
1171 1165 2
1171 1172 2
1171 1173 2
1175 1166 2
1175 1176 2
1175 1177 2
1179 985 2
1179 1180 2
1179 1181 2
1179 1182 2
1179 1183 2
1179 1184 2
1179 1185 2
1183 1179 2
1183 1184 2
1183 1185 2
1183 1186 2
1183 1187 2
1187 1183 2
1187 1186 2
1187 1189 2
1191 1184 2
1191 1190 2
1191 1193 2
1195 1185 2
1195 1194 2
1195 1197 2
1199 1180 2
1199 1198 2
1199 1200 2
1199 1205 2
1199 1206 2
1203 1201 2
1207 1205 2
1211 1209 2
1215 1181 2
1215 1213 2
1215 1214 2
1215 1224 2
1215 1225 2
1219 1217 2
1223 1221 2
1227 1225 2
1231 1228 2
1231 1232 2
1231 1233 2
1235 1229 2
1235 1236 2
1235 1237 2
1239 1230 2
1239 1240 2
1239 1241 2
1243 986 2
1243 1244 2
1243 1245 2
1243 1246 2
1243 1247 2
1243 1248 2
1243 1249 2
1247 1243 2
1247 1248 2
1247 1249 2
1247 1250 2
1247 1251 2
1251 1247 2
1251 1250 2
1251 1253 2
1255 1248 2
1255 1254 2
1255 1257 2
1259 1249 2
1259 1258 2
1259 1261 2
1263 1244 2
1263 1262 2
1263 1264 2
1263 1269 2
1263 1270 2
1267 1265 2
1271 1269 2
1275 1273 2
1279 1245 2
1279 1277 2
1279 1278 2
1279 1288 2
1279 1289 2
1283 1281 2
1287 1285 2
1291 1289 2
1295 1292 2
1295 1296 2
1295 1297 2
1299 1293 2
1299 1300 2
1299 1301 2
1303 1294 2
1303 1304 2
1303 1305 2
1307 5 2
1307 1308 2
1307 1309 2
1307 1310 2
1307 1311 2
1307 1312 2
1307 1313 2
1307 1314 2
1307 1315 2
1311 5 2
1311 1307 2
1311 1308 2
1311 1309 2
1311 1310 2
1311 1568 2
1311 1569 2
1311 1570 2
1311 1571 2
1315 1307 2
1315 1312 2
1315 1313 2
1315 1314 2
1315 1361 2
1315 1362 2
1315 1363 2
1319 1316 2
1319 1320 2
1319 1321 2
1323 1317 2
1323 1324 2
1323 1325 2
1327 1318 2
1327 1328 2
1327 1329 2
1331 1313 2
1331 1332 2
1331 1333 2
1331 1334 2
1331 1335 2
1335 1331 2
1335 1334 2
1335 1337 2
1339 1332 2
1339 1338 2
1339 1341 2
1343 1333 2
1343 1342 2
1343 1345 2
1347 1314 2
1347 1346 2
1347 1348 2
1347 1353 2
1347 1354 2
1351 1349 2
1355 1353 2
1359 1357 2
1363 1315 2
1363 1361 2
1363 1362 2
1363 1372 2
1363 1373 2
1367 1365 2
1371 1369 2
1375 1373 2
1379 1308 2
1379 1376 2
1379 1377 2
1379 1378 2
1379 1425 2
1379 1426 2
1379 1427 2
1383 1380 2
1383 1384 2
1383 1385 2
1387 1381 2
1387 1388 2
1387 1389 2
1391 1382 2
1391 1392 2
1391 1393 2
1395 1377 2
1395 1396 2
1395 1397 2
1395 1398 2
1395 1399 2
1399 1395 2
1399 1398 2
1399 1401 2
1403 1396 2
1403 1402 2
1403 1405 2
1407 1397 2
1407 1406 2
1407 1409 2
1411 1378 2
1411 1410 2
1411 1412 2
1411 1417 2
1411 1418 2
1415 1413 2
1419 1417 2
1423 1421 2
1427 1379 2
1427 1425 2
1427 1426 2
1427 1436 2
1427 1437 2
1431 1429 2
1435 1433 2
1439 1437 2
1443 1309 2
1443 1440 2
1443 1441 2
1443 1442 2
1443 1489 2
1443 1490 2
1443 1491 2
1447 1444 2
1447 1448 2
1447 1449 2
1451 1445 2
1451 1452 2
1451 1453 2
1455 1446 2
1455 1456 2
1455 1457 2
1459 1441 2
1459 1460 2
1459 1461 2
1459 1462 2
1459 1463 2
1463 1459 2
1463 1462 2
1463 1465 2
1467 1460 2
1467 1466 2
1467 1469 2
1471 1461 2
1471 1470 2
1471 1473 2
1475 1442 2
1475 1474 2
1475 1476 2
1475 1481 2
1475 1482 2
1479 1477 2
1483 1481 2
1487 1485 2
1491 1443 2
1491 1489 2
1491 1490 2
1491 1500 2
1491 1501 2
1495 1493 2
1499 1497 2
1503 1501 2
1507 1310 2
1507 1504 2
1507 1505 2
1507 1506 2
1507 1553 2
1507 1554 2
1507 1555 2
1511 1508 2
1511 1512 2
1511 1513 2
1515 1509 2
1515 1516 2
1515 1517 2
1519 1510 2
1519 1520 2
1519 1521 2
1523 1505 2
1523 1524 2
1523 1525 2
1523 1526 2
1523 1527 2
1527 1523 2
1527 1526 2
1527 1529 2
1531 1524 2
1531 1530 2
1531 1533 2
1535 1525 2
1535 1534 2
1535 1537 2
1539 1506 2
1539 1538 2
1539 1540 2
1539 1545 2
1539 1546 2
1543 1541 2
1547 1545 2
1551 1549 2
1555 1507 2
1555 1553 2
1555 1554 2
1555 1564 2
1555 1565 2
1559 1557 2
1563 1561 2
1567 1565 2
1571 1311 2
1571 1568 2
1571 1569 2
1571 1570 2
1571 1617 2
1571 1618 2
1571 1619 2
1575 1572 2
1575 1576 2
1575 1577 2
1579 1573 2
1579 1580 2
1579 1581 2
1583 1574 2
1583 1584 2
1583 1585 2
1587 1569 2
1587 1588 2
1587 1589 2
1587 1590 2
1587 1591 2
1591 1587 2
1591 1590 2
1591 1593 2
1595 1588 2
1595 1594 2
1595 1597 2
1599 1589 2
1599 1598 2
1599 1601 2
1603 1570 2
1603 1602 2
1603 1604 2
1603 1609 2
1603 1610 2
1607 1605 2
1611 1609 2
1615 1613 2
1619 1571 2
1619 1617 2
1619 1618 2
1619 1628 2
1619 1629 2
1623 1621 2
1627 1625 2
1631 1629 2
1635 6 2
1635 1632 2
1635 1633 2
1635 1634 2
1635 1636 2
1635 1829 2
1635 1830 2
1635 1831 2
1635 1832 2
1639 1632 2
1639 1637 2
1639 1638 2
1639 1640 2
1639 1671 2
1639 1672 2
1639 1673 2
1643 1637 2
1643 1641 2
1643 1642 2
1643 1652 2
1643 1653 2
1647 1645 2
1651 1649 2
1655 1653 2
1659 1656 2
1659 1660 2
1659 1661 2
1663 1657 2
1663 1664 2
1663 1665 2
1667 1658 2
1667 1668 2
1667 1669 2
1671 1639 2
1671 1672 2
1671 1673 2
1671 1674 2
1671 1675 2
1675 1671 2
1675 1674 2
1675 1677 2
1679 1672 2
1679 1678 2
1679 1681 2
1683 1673 2
1683 1682 2
1683 1685 2
1687 1640 2
1687 1686 2
1687 1688 2
1687 1693 2
1687 1694 2
1691 1689 2
1695 1693 2
1699 1697 2
1703 1633 2
1703 1701 2
1703 1702 2
1703 1704 2
1703 1735 2
1703 1736 2
1703 1737 2
1707 1701 2
1707 1705 2
1707 1706 2
1707 1716 2
1707 1717 2
1711 1709 2
1715 1713 2
1719 1717 2
1723 1720 2
1723 1724 2
1723 1725 2
1727 1721 2
1727 1728 2
1727 1729 2
1731 1722 2
1731 1732 2
1731 1733 2
1735 1703 2
1735 1736 2
1735 1737 2
1735 1738 2
1735 1739 2
1739 1735 2
1739 1738 2
1739 1741 2
1743 1736 2
1743 1742 2
1743 1745 2
1747 1737 2
1747 1746 2
1747 1749 2
1751 1704 2
1751 1750 2
1751 1752 2
1751 1757 2
1751 1758 2
1755 1753 2
1759 1757 2
1763 1761 2
1767 1634 2
1767 1765 2
1767 1766 2
1767 1768 2
1767 1799 2
1767 1800 2
1767 1801 2
1771 1765 2
1771 1769 2
1771 1770 2
1771 1780 2
1771 1781 2
1775 1773 2
1779 1777 2
1783 1781 2
1787 1784 2
1787 1788 2
1787 1789 2
1791 1785 2
1791 1792 2
1791 1793 2
1795 1786 2
1795 1796 2
1795 1797 2
1799 1767 2
1799 1800 2
1799 1801 2
1799 1802 2
1799 1803 2
1803 1799 2
1803 1802 2
1803 1805 2
1807 1800 2
1807 1806 2
1807 1809 2
1811 1801 2
1811 1810 2
1811 1813 2
1815 1768 2
1815 1814 2
1815 1816 2
1815 1821 2
1815 1822 2
1819 1817 2
1823 1821 2
1827 1825 2
1831 1635 2
1831 1829 2
1831 1830 2
1831 1832 2
1831 1863 2
1831 1864 2
1831 1865 2
1835 1829 2
1835 1833 2
1835 1834 2
1835 1844 2
1835 1845 2
1839 1837 2
1843 1841 2
1847 1845 2
1851 1848 2
1851 1852 2
1851 1853 2
1855 1849 2
1855 1856 2
1855 1857 2
1859 1850 2
1859 1860 2
1859 1861 2
1863 1831 2
1863 1864 2
1863 1865 2
1863 1866 2
1863 1867 2
1867 1863 2
1867 1866 2
1867 1869 2
1871 1864 2
1871 1870 2
1871 1873 2
1875 1865 2
1875 1874 2
1875 1877 2
1879 1832 2
1879 1878 2
1879 1880 2
1879 1885 2
1879 1886 2
1883 1881 2
1887 1885 2
1891 1889 2
1895 1636 2
1895 1893 2
1895 1894 2
1895 1896 2
1895 1927 2
1895 1928 2
1895 1929 2
1899 1893 2
1899 1897 2
1899 1898 2
1899 1908 2
1899 1909 2
1903 1901 2
1907 1905 2
1911 1909 2
1915 1912 2
1915 1916 2
1915 1917 2
1919 1913 2
1919 1920 2
1919 1921 2
1923 1914 2
1923 1924 2
1923 1925 2
1927 1895 2
1927 1928 2
1927 1929 2
1927 1930 2
1927 1931 2
1931 1927 2
1931 1930 2
1931 1933 2
1935 1928 2
1935 1934 2
1935 1937 2
1939 1929 2
1939 1938 2
1939 1941 2
1943 1896 2
1943 1942 2
1943 1944 2
1943 1949 2
1943 1950 2
1947 1945 2
1951 1949 2
1955 1953 2
