490
1469
0 1 2
0 2 2
0 3 2
0 4 2
0 5 2
0 6 2
4 0 2
4 1 2
4 2 2
4 3 2
4 5 2
4 6 2
4 982 2
4 983 2
4 984 2
4 985 2
4 986 2
8 1 2
8 7 2
8 9 2
8 10 2
8 11 2
8 76 2
8 77 2
8 78 2
8 79 2
12 7 2
12 13 2
12 14 2
12 15 2
12 16 2
12 17 2
12 18 2
16 12 2
16 17 2
16 18 2
16 19 2
16 20 2
20 16 2
20 19 2
20 22 2
24 17 2
24 23 2
24 26 2
28 18 2
28 27 2
28 30 2
32 13 2
32 31 2
32 33 2
32 38 2
32 39 2
36 34 2
40 38 2
44 42 2
48 14 2
48 46 2
48 47 2
48 57 2
48 58 2
52 50 2
56 54 2
60 58 2
64 61 2
64 65 2
64 66 2
68 62 2
68 69 2
68 70 2
72 63 2
72 73 2
72 74 2
76 8 2
76 77 2
76 78 2
76 79 2
76 80 2
76 81 2
76 82 2
80 76 2
80 81 2
80 82 2
80 83 2
80 84 2
84 80 2
84 83 2
84 86 2
88 81 2
88 87 2
88 90 2
92 82 2
92 91 2
92 94 2
96 77 2
96 95 2
96 97 2
96 102 2
96 103 2
100 98 2
104 102 2
108 106 2
112 78 2
112 110 2
112 111 2
112 121 2
112 122 2
116 114 2
120 118 2
124 122 2
128 125 2
128 129 2
128 130 2
132 126 2
132 133 2
132 134 2
136 127 2
136 137 2
136 138 2
140 9 2
140 141 2
140 142 2
140 143 2
140 144 2
140 145 2
140 146 2
144 140 2
144 145 2
144 146 2
144 147 2
144 148 2
148 144 2
148 147 2
148 150 2
152 145 2
152 151 2
152 154 2
156 146 2
156 155 2
156 158 2
160 141 2
160 159 2
160 161 2
160 166 2
160 167 2
164 162 2
168 166 2
172 170 2
176 142 2
176 174 2
176 175 2
176 185 2
176 186 2
180 178 2
184 182 2
188 186 2
192 189 2
192 193 2
192 194 2
196 190 2
196 197 2
196 198 2
200 191 2
200 201 2
200 202 2
204 10 2
204 205 2
204 206 2
204 207 2
204 208 2
204 209 2
204 210 2
208 204 2
208 209 2
208 210 2
208 211 2
208 212 2
212 208 2
212 211 2
212 214 2
216 209 2
216 215 2
216 218 2
220 210 2
220 219 2
220 222 2
224 205 2
224 223 2
224 225 2
224 230 2
224 231 2
228 226 2
232 230 2
236 234 2
240 206 2
240 238 2
240 239 2
240 249 2
240 250 2
244 242 2
248 246 2
252 250 2
256 253 2
256 257 2
256 258 2
260 254 2
260 261 2
260 262 2
264 255 2
264 265 2
264 266 2
268 11 2
268 269 2
268 270 2
268 271 2
268 272 2
268 273 2
268 274 2
272 268 2
272 273 2
272 274 2
272 275 2
272 276 2
276 272 2
276 275 2
276 278 2
280 273 2
280 279 2
280 282 2
284 274 2
284 283 2
284 286 2
288 269 2
288 287 2
288 289 2
288 294 2
288 295 2
292 290 2
296 294 2
300 298 2
304 270 2
304 302 2
304 303 2
304 313 2
304 314 2
308 306 2
312 310 2
316 314 2
320 317 2
320 321 2
320 322 2
324 318 2
324 325 2
324 326 2
328 319 2
328 329 2
328 330 2
332 2 2
332 333 2
332 334 2
332 335 2
332 336 2
332 337 2
332 338 2
332 339 2
332 340 2
336 2 2
336 332 2
336 333 2
336 334 2
336 335 2
336 593 2
336 594 2
336 595 2
336 596 2
340 332 2
340 337 2
340 338 2
340 339 2
340 386 2
340 387 2
340 388 2
344 341 2
344 345 2
344 346 2
348 342 2
348 349 2
348 350 2
352 343 2
352 353 2
352 354 2
356 338 2
356 357 2
356 358 2
356 359 2
356 360 2
360 356 2
360 359 2
360 362 2
364 357 2
364 363 2
364 366 2
368 358 2
368 367 2
368 370 2
372 339 2
372 371 2
372 373 2
372 378 2
372 379 2
376 374 2
380 378 2
384 382 2
388 340 2
388 386 2
388 387 2
388 397 2
388 398 2
392 390 2
396 394 2
400 398 2
404 333 2
404 401 2
404 402 2
404 403 2
404 450 2
404 451 2
404 452 2
408 405 2
408 409 2
408 410 2
412 406 2
412 413 2
412 414 2
416 407 2
416 417 2
416 418 2
420 402 2
420 421 2
420 422 2
420 423 2
420 424 2
424 420 2
424 423 2
424 426 2
428 421 2
428 427 2
428 430 2
432 422 2
432 431 2
432 434 2
436 403 2
436 435 2
436 437 2
436 442 2
436 443 2
440 438 2
444 442 2
448 446 2
452 404 2
452 450 2
452 451 2
452 461 2
452 462 2
456 454 2
460 458 2
464 462 2
468 334 2
468 465 2
468 466 2
468 467 2
468 514 2
468 515 2
468 516 2
472 469 2
472 473 2
472 474 2
476 470 2
476 477 2
476 478 2
480 471 2
480 481 2
480 482 2
484 466 2
484 485 2
484 486 2
484 487 2
484 488 2
488 484 2
488 487 2
488 490 2
492 485 2
492 491 2
492 494 2
496 486 2
496 495 2
496 498 2
500 467 2
500 499 2
500 501 2
500 506 2
500 507 2
504 502 2
508 506 2
512 510 2
516 468 2
516 514 2
516 515 2
516 525 2
516 526 2
520 518 2
524 522 2
528 526 2
532 335 2
532 529 2
532 530 2
532 531 2
532 578 2
532 579 2
532 580 2
536 533 2
536 537 2
536 538 2
540 534 2
540 541 2
540 542 2
544 535 2
544 545 2
544 546 2
548 530 2
548 549 2
548 550 2
548 551 2
548 552 2
552 548 2
552 551 2
552 554 2
556 549 2
556 555 2
556 558 2
560 550 2
560 559 2
560 562 2
564 531 2
564 563 2
564 565 2
564 570 2
564 571 2
568 566 2
572 570 2
576 574 2
580 532 2
580 578 2
580 579 2
580 589 2
580 590 2
584 582 2
588 586 2
592 590 2
596 336 2
596 593 2
596 594 2
596 595 2
596 642 2
596 643 2
596 644 2
600 597 2
600 601 2
600 602 2
604 598 2
604 605 2
604 606 2
608 599 2
608 609 2
608 610 2
612 594 2
612 613 2
612 614 2
612 615 2
612 616 2
616 612 2
616 615 2
616 618 2
620 613 2
620 619 2
620 622 2
624 614 2
624 623 2
624 626 2
628 595 2
628 627 2
628 629 2
628 634 2
628 635 2
632 630 2
636 634 2
640 638 2
644 596 2
644 642 2
644 643 2
644 653 2
644 654 2
648 646 2
652 650 2
656 654 2
660 3 2
660 657 2
660 658 2
660 659 2
660 661 2
660 854 2
660 855 2
660 856 2
660 857 2
664 657 2
664 662 2
664 663 2
664 665 2
664 696 2
664 697 2
664 698 2
668 662 2
668 666 2
668 667 2
668 677 2
668 678 2
672 670 2
676 674 2
680 678 2
684 681 2
684 685 2
684 686 2
688 682 2
688 689 2
688 690 2
692 683 2
692 693 2
692 694 2
696 664 2
696 697 2
696 698 2
696 699 2
696 700 2
700 696 2
700 699 2
700 702 2
704 697 2
704 703 2
704 706 2
708 698 2
708 707 2
708 710 2
712 665 2
712 711 2
712 713 2
712 718 2
712 719 2
716 714 2
720 718 2
724 722 2
728 658 2
728 726 2
728 727 2
728 729 2
728 760 2
728 761 2
728 762 2
732 726 2
732 730 2
732 731 2
732 741 2
732 742 2
736 734 2
740 738 2
744 742 2
748 745 2
748 749 2
748 750 2
752 746 2
752 753 2
752 754 2
756 747 2
756 757 2
756 758 2
760 728 2
760 761 2
760 762 2
760 763 2
760 764 2
764 760 2
764 763 2
764 766 2
768 761 2
768 767 2
768 770 2
772 762 2
772 771 2
772 774 2
776 729 2
776 775 2
776 777 2
776 782 2
776 783 2
780 778 2
784 782 2
788 786 2
792 659 2
792 790 2
792 791 2
792 793 2
792 824 2
792 825 2
792 826 2
796 790 2
796 794 2
796 795 2
796 805 2
796 806 2
800 798 2
804 802 2
808 806 2
812 809 2
812 813 2
812 814 2
816 810 2
816 817 2
816 818 2
820 811 2
820 821 2
820 822 2
824 792 2
824 825 2
824 826 2
824 827 2
824 828 2
828 824 2
828 827 2
828 830 2
832 825 2
832 831 2
832 834 2
836 826 2
836 835 2
836 838 2
840 793 2
840 839 2
840 841 2
840 846 2
840 847 2
844 842 2
848 846 2
852 850 2
856 660 2
856 854 2
856 855 2
856 857 2
856 888 2
856 889 2
856 890 2
860 854 2
860 858 2
860 859 2
860 869 2
860 870 2
864 862 2
868 866 2
872 870 2
876 873 2
876 877 2
876 878 2
880 874 2
880 881 2
880 882 2
884 875 2
884 885 2
884 886 2
888 856 2
888 889 2
888 890 2
888 891 2
888 892 2
892 888 2
892 891 2
892 894 2
896 889 2
896 895 2
896 898 2
900 890 2
900 899 2
900 902 2
904 857 2
904 903 2
904 905 2
904 910 2
904 911 2
908 906 2
912 910 2
916 914 2
920 661 2
920 918 2
920 919 2
920 921 2
920 952 2
920 953 2
920 954 2
924 918 2
924 922 2
924 923 2
924 933 2
924 934 2
928 926 2
932 930 2
936 934 2
940 937 2
940 941 2
940 942 2
944 938 2
944 945 2
944 946 2
948 939 2
948 949 2
948 950 2
952 920 2
952 953 2
952 954 2
952 955 2
952 956 2
956 952 2
956 955 2
956 958 2
960 953 2
960 959 2
960 962 2
964 954 2
964 963 2
964 966 2
968 921 2
968 967 2
968 969 2
968 974 2
968 975 2
972 970 2
976 974 2
980 978 2
984 4 2
984 982 2
984 983 2
984 985 2
984 986 2
984 1115 2
984 1116 2
984 1117 2
984 1118 2
988 982 2
988 987 2
988 989 2
988 990 2
988 1006 2
988 1007 2
988 1008 2
992 987 2
992 991 2
992 993 2
992 998 2
992 999 2
996 994 2
1000 998 2
1004 1002 2
1008 988 2
1008 1006 2
1008 1007 2
1008 1017 2
1008 1018 2
1012 1010 2
1016 1014 2
1020 1018 2
1024 1021 2
1024 1025 2
1024 1026 2
1028 1022 2
1028 1029 2
1028 1030 2
1032 1023 2
1032 1033 2
1032 1034 2
1036 990 2
1036 1037 2
1036 1038 2
1036 1039 2
1036 1040 2
1040 1036 2
1040 1039 2
1040 1042 2
1044 1037 2
1044 1043 2
1044 1046 2
1048 1038 2
1048 1047 2
1048 1050 2
1052 983 2
1052 1051 2
1052 1053 2
1052 1054 2
1052 1070 2
1052 1071 2
1052 1072 2
1056 1051 2
1056 1055 2
1056 1057 2
1056 1062 2
1056 1063 2
1060 1058 2
1064 1062 2
1068 1066 2
1072 1052 2
1072 1070 2
1072 1071 2
1072 1081 2
1072 1082 2
1076 1074 2
1080 1078 2
1084 1082 2
1088 1085 2
1088 1089 2
1088 1090 2
1092 1086 2
1092 1093 2
1092 1094 2
1096 1087 2
1096 1097 2
1096 1098 2
1100 1054 2
1100 1101 2
1100 1102 2
1100 1103 2
1100 1104 2
1104 1100 2
1104 1103 2
1104 1106 2
1108 1101 2
1108 1107 2
1108 1110 2
1112 1102 2
1112 1111 2
1112 1114 2
1116 984 2
1116 1115 2
1116 1117 2
1116 1118 2
1116 1134 2
1116 1135 2
1116 1136 2
1120 1115 2
1120 1119 2
1120 1121 2
1120 1126 2
1120 1127 2
1124 1122 2
1128 1126 2
1132 1130 2
1136 1116 2
1136 1134 2
1136 1135 2
1136 1145 2
1136 1146 2
1140 1138 2
1144 1142 2
1148 1146 2
1152 1149 2
1152 1153 2
1152 1154 2
1156 1150 2
1156 1157 2
1156 1158 2
1160 1151 2
1160 1161 2
1160 1162 2
1164 1118 2
1164 1165 2
1164 1166 2
1164 1167 2
1164 1168 2
1168 1164 2
1168 1167 2
1168 1170 2
1172 1165 2
1172 1171 2
1172 1174 2
1176 1166 2
1176 1175 2
1176 1178 2
1180 985 2
1180 1179 2
1180 1181 2
1180 1182 2
1180 1198 2
1180 1199 2
1180 1200 2
1184 1179 2
1184 1183 2
1184 1185 2
1184 1190 2
1184 1191 2
1188 1186 2
1192 1190 2
1196 1194 2
1200 1180 2
1200 1198 2
1200 1199 2
1200 1209 2
1200 1210 2
1204 1202 2
1208 1206 2
1212 1210 2
1216 1213 2
1216 1217 2
1216 1218 2
1220 1214 2
1220 1221 2
1220 1222 2
1224 1215 2
1224 1225 2
1224 1226 2
1228 1182 2
1228 1229 2
1228 1230 2
1228 1231 2
1228 1232 2
1232 1228 2
1232 1231 2
1232 1234 2
1236 1229 2
1236 1235 2
1236 1238 2
1240 1230 2
1240 1239 2
1240 1242 2
1244 986 2
1244 1243 2
1244 1245 2
1244 1246 2
1244 1262 2
1244 1263 2
1244 1264 2
1248 1243 2
1248 1247 2
1248 1249 2
1248 1254 2
1248 1255 2
1252 1250 2
1256 1254 2
1260 1258 2
1264 1244 2
1264 1262 2
1264 1263 2
1264 1273 2
1264 1274 2
1268 1266 2
1272 1270 2
1276 1274 2
1280 1277 2
1280 1281 2
1280 1282 2
1284 1278 2
1284 1285 2
1284 1286 2
1288 1279 2
1288 1289 2
1288 1290 2
1292 1246 2
1292 1293 2
1292 1294 2
1292 1295 2
1292 1296 2
1296 1292 2
1296 1295 2
1296 1298 2
1300 1293 2
1300 1299 2
1300 1302 2
1304 1294 2
1304 1303 2
1304 1306 2
1308 5 2
1308 1307 2
1308 1309 2
1308 1310 2
1308 1311 2
1308 1376 2
1308 1377 2
1308 1378 2
1308 1379 2
1312 1307 2
1312 1313 2
1312 1314 2
1312 1315 2
1312 1316 2
1312 1317 2
1312 1318 2
1316 1312 2
1316 1317 2
1316 1318 2
1316 1319 2
1316 1320 2
1320 1316 2
1320 1319 2
1320 1322 2
1324 1317 2
1324 1323 2
1324 1326 2
1328 1318 2
1328 1327 2
1328 1330 2
1332 1313 2
1332 1331 2
1332 1333 2
1332 1338 2
1332 1339 2
1336 1334 2
1340 1338 2
1344 1342 2
1348 1314 2
1348 1346 2
1348 1347 2
1348 1357 2
1348 1358 2
1352 1350 2
1356 1354 2
1360 1358 2
1364 1361 2
1364 1365 2
1364 1366 2
1368 1362 2
1368 1369 2
1368 1370 2
1372 1363 2
1372 1373 2
1372 1374 2
1376 1308 2
1376 1377 2
1376 1378 2
1376 1379 2
1376 1380 2
1376 1381 2
1376 1382 2
1380 1376 2
1380 1381 2
1380 1382 2
1380 1383 2
1380 1384 2
1384 1380 2
1384 1383 2
1384 1386 2
1388 1381 2
1388 1387 2
1388 1390 2
1392 1382 2
1392 1391 2
1392 1394 2
1396 1377 2
1396 1395 2
1396 1397 2
1396 1402 2
1396 1403 2
1400 1398 2
1404 1402 2
1408 1406 2
1412 1378 2
1412 1410 2
1412 1411 2
1412 1421 2
1412 1422 2
1416 1414 2
1420 1418 2
1424 1422 2
1428 1425 2
1428 1429 2
1428 1430 2
1432 1426 2
1432 1433 2
1432 1434 2
1436 1427 2
1436 1437 2
1436 1438 2
1440 1309 2
1440 1441 2
1440 1442 2
1440 1443 2
1440 1444 2
1440 1445 2
1440 1446 2
1444 1440 2
1444 1445 2
1444 1446 2
1444 1447 2
1444 1448 2
1448 1444 2
1448 1447 2
1448 1450 2
1452 1445 2
1452 1451 2
1452 1454 2
1456 1446 2
1456 1455 2
1456 1458 2
1460 1441 2
1460 1459 2
1460 1461 2
1460 1466 2
1460 1467 2
1464 1462 2
1468 1466 2
1472 1470 2
1476 1442 2
1476 1474 2
1476 1475 2
1476 1485 2
1476 1486 2
1480 1478 2
1484 1482 2
1488 1486 2
1492 1489 2
1492 1493 2
1492 1494 2
1496 1490 2
1496 1497 2
1496 1498 2
1500 1491 2
1500 1501 2
1500 1502 2
1504 1310 2
1504 1505 2
1504 1506 2
1504 1507 2
1504 1508 2
1504 1509 2
1504 1510 2
1508 1504 2
1508 1509 2
1508 1510 2
1508 1511 2
1508 1512 2
1512 1508 2
1512 1511 2
1512 1514 2
1516 1509 2
1516 1515 2
1516 1518 2
1520 1510 2
1520 1519 2
1520 1522 2
1524 1505 2
1524 1523 2
1524 1525 2
1524 1530 2
1524 1531 2
1528 1526 2
1532 1530 2
1536 1534 2
1540 1506 2
1540 1538 2
1540 1539 2
1540 1549 2
1540 1550 2
1544 1542 2
1548 1546 2
1552 1550 2
1556 1553 2
1556 1557 2
1556 1558 2
1560 1554 2
1560 1561 2
1560 1562 2
1564 1555 2
1564 1565 2
1564 1566 2
1568 1311 2
1568 1569 2
1568 1570 2
1568 1571 2
1568 1572 2
1568 1573 2
1568 1574 2
1572 1568 2
1572 1573 2
1572 1574 2
1572 1575 2
1572 1576 2
1576 1572 2
1576 1575 2
1576 1578 2
1580 1573 2
1580 1579 2
1580 1582 2
1584 1574 2
1584 1583 2
1584 1586 2
1588 1569 2
1588 1587 2
1588 1589 2
1588 1594 2
1588 1595 2
1592 1590 2
1596 1594 2
1600 1598 2
1604 1570 2
1604 1602 2
1604 1603 2
1604 1613 2
1604 1614 2
1608 1606 2
1612 1610 2
1616 1614 2
1620 1617 2
1620 1621 2
1620 1622 2
1624 1618 2
1624 1625 2
1624 1626 2
1628 1619 2
1628 1629 2
1628 1630 2
1632 6 2
1632 1633 2
1632 1634 2
1632 1635 2
1632 1636 2
1632 1637 2
1632 1638 2
1632 1639 2
1632 1640 2
1636 6 2
1636 1632 2
1636 1633 2
1636 1634 2
1636 1635 2
1636 1893 2
1636 1894 2
1636 1895 2
1636 1896 2
1640 1632 2
1640 1637 2
1640 1638 2
1640 1639 2
1640 1686 2
1640 1687 2
1640 1688 2
1644 1641 2
1644 1645 2
1644 1646 2
1648 1642 2
1648 1649 2
1648 1650 2
1652 1643 2
1652 1653 2
1652 1654 2
1656 1638 2
1656 1657 2
1656 1658 2
1656 1659 2
1656 1660 2
1660 1656 2
1660 1659 2
1660 1662 2
1664 1657 2
1664 1663 2
1664 1666 2
1668 1658 2
1668 1667 2
1668 1670 2
1672 1639 2
1672 1671 2
1672 1673 2
1672 1678 2
1672 1679 2
1676 1674 2
1680 1678 2
1684 1682 2
1688 1640 2
1688 1686 2
1688 1687 2
1688 1697 2
1688 1698 2
1692 1690 2
1696 1694 2
1700 1698 2
1704 1633 2
1704 1701 2
1704 1702 2
1704 1703 2
1704 1750 2
1704 1751 2
1704 1752 2
1708 1705 2
1708 1709 2
1708 1710 2
1712 1706 2
1712 1713 2
1712 1714 2
1716 1707 2
1716 1717 2
1716 1718 2
1720 1702 2
1720 1721 2
1720 1722 2
1720 1723 2
1720 1724 2
1724 1720 2
1724 1723 2
1724 1726 2
1728 1721 2
1728 1727 2
1728 1730 2
1732 1722 2
1732 1731 2
1732 1734 2
1736 1703 2
1736 1735 2
1736 1737 2
1736 1742 2
1736 1743 2
1740 1738 2
1744 1742 2
1748 1746 2
1752 1704 2
1752 1750 2
1752 1751 2
1752 1761 2
1752 1762 2
1756 1754 2
1760 1758 2
1764 1762 2
1768 1634 2
1768 1765 2
1768 1766 2
1768 1767 2
1768 1814 2
1768 1815 2
1768 1816 2
1772 1769 2
1772 1773 2
1772 1774 2
1776 1770 2
1776 1777 2
1776 1778 2
1780 1771 2
1780 1781 2
1780 1782 2
1784 1766 2
1784 1785 2
1784 1786 2
1784 1787 2
1784 1788 2
1788 1784 2
1788 1787 2
1788 1790 2
1792 1785 2
1792 1791 2
1792 1794 2
1796 1786 2
1796 1795 2
1796 1798 2
1800 1767 2
1800 1799 2
1800 1801 2
1800 1806 2
1800 1807 2
1804 1802 2
1808 1806 2
1812 1810 2
1816 1768 2
1816 1814 2
1816 1815 2
1816 1825 2
1816 1826 2
1820 1818 2
1824 1822 2
1828 1826 2
1832 1635 2
1832 1829 2
1832 1830 2
1832 1831 2
1832 1878 2
1832 1879 2
1832 1880 2
1836 1833 2
1836 1837 2
1836 1838 2
1840 1834 2
1840 1841 2
1840 1842 2
1844 1835 2
1844 1845 2
1844 1846 2
1848 1830 2
1848 1849 2
1848 1850 2
1848 1851 2
1848 1852 2
1852 1848 2
1852 1851 2
1852 1854 2
1856 1849 2
1856 1855 2
1856 1858 2
1860 1850 2
1860 1859 2
1860 1862 2
1864 1831 2
1864 1863 2
1864 1865 2
1864 1870 2
1864 1871 2
1868 1866 2
1872 1870 2
1876 1874 2
1880 1832 2
1880 1878 2
1880 1879 2
1880 1889 2
1880 1890 2
1884 1882 2
1888 1886 2
1892 1890 2
1896 1636 2
1896 1893 2
1896 1894 2
1896 1895 2
1896 1942 2
1896 1943 2
1896 1944 2
1900 1897 2
1900 1901 2
1900 1902 2
1904 1898 2
1904 1905 2
1904 1906 2
1908 1899 2
1908 1909 2
1908 1910 2
1912 1894 2
1912 1913 2
1912 1914 2
1912 1915 2
1912 1916 2
1916 1912 2
1916 1915 2
1916 1918 2
1920 1913 2
1920 1919 2
1920 1922 2
1924 1914 2
1924 1923 2
1924 1926 2
1928 1895 2
1928 1927 2
1928 1929 2
1928 1934 2
1928 1935 2
1932 1930 2
1936 1934 2
1940 1938 2
1944 1896 2
1944 1942 2
1944 1943 2
1944 1953 2
1944 1954 2
1948 1946 2
1952 1950 2
1956 1954 2
