489
1465
1 0 2
1 2 2
1 3 2
1 4 2
1 5 2
1 6 2
1 7 2
1 8 2
1 9 2
1 10 2
1 11 2
5 0 2
5 1 2
5 2 2
5 3 2
5 4 2
5 6 2
5 1307 2
5 1308 2
5 1309 2
5 1310 2
5 1311 2
9 1 2
9 7 2
9 8 2
9 10 2
9 11 2
9 140 2
9 141 2
9 142 2
9 143 2
13 7 2
13 12 2
13 14 2
13 15 2
13 31 2
13 32 2
13 33 2
17 12 2
17 16 2
17 18 2
17 23 2
17 24 2
21 19 2
25 23 2
29 27 2
33 13 2
33 31 2
33 32 2
33 42 2
33 43 2
37 35 2
41 39 2
45 43 2
49 46 2
49 50 2
49 51 2
53 47 2
53 54 2
53 55 2
57 48 2
57 58 2
57 59 2
61 15 2
61 62 2
61 63 2
61 64 2
61 65 2
65 61 2
65 64 2
65 67 2
69 62 2
69 68 2
69 71 2
73 63 2
73 72 2
73 75 2
77 8 2
77 76 2
77 78 2
77 79 2
77 95 2
77 96 2
77 97 2
81 76 2
81 80 2
81 82 2
81 87 2
81 88 2
85 83 2
89 87 2
93 91 2
97 77 2
97 95 2
97 96 2
97 106 2
97 107 2
101 99 2
105 103 2
109 107 2
113 110 2
113 114 2
113 115 2
117 111 2
117 118 2
117 119 2
121 112 2
121 122 2
121 123 2
125 79 2
125 126 2
125 127 2
125 128 2
125 129 2
129 125 2
129 128 2
129 131 2
133 126 2
133 132 2
133 135 2
137 127 2
137 136 2
137 139 2
141 9 2
141 140 2
141 142 2
141 143 2
141 159 2
141 160 2
141 161 2
145 140 2
145 144 2
145 146 2
145 151 2
145 152 2
149 147 2
153 151 2
157 155 2
161 141 2
161 159 2
161 160 2
161 170 2
161 171 2
165 163 2
169 167 2
173 171 2
177 174 2
177 178 2
177 179 2
181 175 2
181 182 2
181 183 2
185 176 2
185 186 2
185 187 2
189 143 2
189 190 2
189 191 2
189 192 2
189 193 2
193 189 2
193 192 2
193 195 2
197 190 2
197 196 2
197 199 2
201 191 2
201 200 2
201 203 2
205 10 2
205 204 2
205 206 2
205 207 2
205 223 2
205 224 2
205 225 2
209 204 2
209 208 2
209 210 2
209 215 2
209 216 2
213 211 2
217 215 2
221 219 2
225 205 2
225 223 2
225 224 2
225 234 2
225 235 2
229 227 2
233 231 2
237 235 2
241 238 2
241 242 2
241 243 2
245 239 2
245 246 2
245 247 2
249 240 2
249 250 2
249 251 2
253 207 2
253 254 2
253 255 2
253 256 2
253 257 2
257 253 2
257 256 2
257 259 2
261 254 2
261 260 2
261 263 2
265 255 2
265 264 2
265 267 2
269 11 2
269 268 2
269 270 2
269 271 2
269 287 2
269 288 2
269 289 2
273 268 2
273 272 2
273 274 2
273 279 2
273 280 2
277 275 2
281 279 2
285 283 2
289 269 2
289 287 2
289 288 2
289 298 2
289 299 2
293 291 2
297 295 2
301 299 2
305 302 2
305 306 2
305 307 2
309 303 2
309 310 2
309 311 2
313 304 2
313 314 2
313 315 2
317 271 2
317 318 2
317 319 2
317 320 2
317 321 2
321 317 2
321 320 2
321 323 2
325 318 2
325 324 2
325 327 2
329 319 2
329 328 2
329 331 2
333 2 2
333 332 2
333 334 2
333 335 2
333 336 2
333 401 2
333 402 2
333 403 2
333 404 2
337 332 2
337 338 2
337 339 2
337 340 2
337 341 2
337 342 2
337 343 2
341 337 2
341 342 2
341 343 2
341 344 2
341 345 2
345 341 2
345 344 2
345 347 2
349 342 2
349 348 2
349 351 2
353 343 2
353 352 2
353 355 2
357 338 2
357 356 2
357 358 2
357 363 2
357 364 2
361 359 2
365 363 2
369 367 2
373 339 2
373 371 2
373 372 2
373 382 2
373 383 2
377 375 2
381 379 2
385 383 2
389 386 2
389 390 2
389 391 2
393 387 2
393 394 2
393 395 2
397 388 2
397 398 2
397 399 2
401 333 2
401 402 2
401 403 2
401 404 2
401 405 2
401 406 2
401 407 2
405 401 2
405 406 2
405 407 2
405 408 2
405 409 2
409 405 2
409 408 2
409 411 2
413 406 2
413 412 2
413 415 2
417 407 2
417 416 2
417 419 2
421 402 2
421 420 2
421 422 2
421 427 2
421 428 2
425 423 2
429 427 2
433 431 2
437 403 2
437 435 2
437 436 2
437 446 2
437 447 2
441 439 2
445 443 2
449 447 2
453 450 2
453 454 2
453 455 2
457 451 2
457 458 2
457 459 2
461 452 2
461 462 2
461 463 2
465 334 2
465 466 2
465 467 2
465 468 2
465 469 2
465 470 2
465 471 2
469 465 2
469 470 2
469 471 2
469 472 2
469 473 2
473 469 2
473 472 2
473 475 2
477 470 2
477 476 2
477 479 2
481 471 2
481 480 2
481 483 2
485 466 2
485 484 2
485 486 2
485 491 2
485 492 2
489 487 2
493 491 2
497 495 2
501 467 2
501 499 2
501 500 2
501 510 2
501 511 2
505 503 2
509 507 2
513 511 2
517 514 2
517 518 2
517 519 2
521 515 2
521 522 2
521 523 2
525 516 2
525 526 2
525 527 2
529 335 2
529 530 2
529 531 2
529 532 2
529 533 2
529 534 2
529 535 2
533 529 2
533 534 2
533 535 2
533 536 2
533 537 2
537 533 2
537 536 2
537 539 2
541 534 2
541 540 2
541 543 2
545 535 2
545 544 2
545 547 2
549 530 2
549 548 2
549 550 2
549 555 2
549 556 2
553 551 2
557 555 2
561 559 2
565 531 2
565 563 2
565 564 2
565 574 2
565 575 2
569 567 2
573 571 2
577 575 2
581 578 2
581 582 2
581 583 2
585 579 2
585 586 2
585 587 2
589 580 2
589 590 2
589 591 2
593 336 2
593 594 2
593 595 2
593 596 2
593 597 2
593 598 2
593 599 2
597 593 2
597 598 2
597 599 2
597 600 2
597 601 2
601 597 2
601 600 2
601 603 2
605 598 2
605 604 2
605 607 2
609 599 2
609 608 2
609 611 2
613 594 2
613 612 2
613 614 2
613 619 2
613 620 2
617 615 2
621 619 2
625 623 2
629 595 2
629 627 2
629 628 2
629 638 2
629 639 2
633 631 2
637 635 2
641 639 2
645 642 2
645 646 2
645 647 2
649 643 2
649 650 2
649 651 2
653 644 2
653 654 2
653 655 2
657 3 2
657 658 2
657 659 2
657 660 2
657 661 2
657 662 2
657 663 2
657 664 2
657 665 2
661 3 2
661 657 2
661 658 2
661 659 2
661 660 2
661 918 2
661 919 2
661 920 2
661 921 2
665 657 2
665 662 2
665 663 2
665 664 2
665 711 2
665 712 2
665 713 2
669 666 2
669 670 2
669 671 2
673 667 2
673 674 2
673 675 2
677 668 2
677 678 2
677 679 2
681 663 2
681 682 2
681 683 2
681 684 2
681 685 2
685 681 2
685 684 2
685 687 2
689 682 2
689 688 2
689 691 2
693 683 2
693 692 2
693 695 2
697 664 2
697 696 2
697 698 2
697 703 2
697 704 2
701 699 2
705 703 2
709 707 2
713 665 2
713 711 2
713 712 2
713 722 2
713 723 2
717 715 2
721 719 2
725 723 2
729 658 2
729 726 2
729 727 2
729 728 2
729 775 2
729 776 2
729 777 2
733 730 2
733 734 2
733 735 2
737 731 2
737 738 2
737 739 2
741 732 2
741 742 2
741 743 2
745 727 2
745 746 2
745 747 2
745 748 2
745 749 2
749 745 2
749 748 2
749 751 2
753 746 2
753 752 2
753 755 2
757 747 2
757 756 2
757 759 2
761 728 2
761 760 2
761 762 2
761 767 2
761 768 2
765 763 2
769 767 2
773 771 2
777 729 2
777 775 2
777 776 2
777 786 2
777 787 2
781 779 2
785 783 2
789 787 2
793 659 2
793 790 2
793 791 2
793 792 2
793 839 2
793 840 2
793 841 2
797 794 2
797 798 2
797 799 2
801 795 2
801 802 2
801 803 2
805 796 2
805 806 2
805 807 2
809 791 2
809 810 2
809 811 2
809 812 2
809 813 2
813 809 2
813 812 2
813 815 2
817 810 2
817 816 2
817 819 2
821 811 2
821 820 2
821 823 2
825 792 2
825 824 2
825 826 2
825 831 2
825 832 2
829 827 2
833 831 2
837 835 2
841 793 2
841 839 2
841 840 2
841 850 2
841 851 2
845 843 2
849 847 2
853 851 2
857 660 2
857 854 2
857 855 2
857 856 2
857 903 2
857 904 2
857 905 2
861 858 2
861 862 2
861 863 2
865 859 2
865 866 2
865 867 2
869 860 2
869 870 2
869 871 2
873 855 2
873 874 2
873 875 2
873 876 2
873 877 2
877 873 2
877 876 2
877 879 2
881 874 2
881 880 2
881 883 2
885 875 2
885 884 2
885 887 2
889 856 2
889 888 2
889 890 2
889 895 2
889 896 2
893 891 2
897 895 2
901 899 2
905 857 2
905 903 2
905 904 2
905 914 2
905 915 2
909 907 2
913 911 2
917 915 2
921 661 2
921 918 2
921 919 2
921 920 2
921 967 2
921 968 2
921 969 2
925 922 2
925 926 2
925 927 2
929 923 2
929 930 2
929 931 2
933 924 2
933 934 2
933 935 2
937 919 2
937 938 2
937 939 2
937 940 2
937 941 2
941 937 2
941 940 2
941 943 2
945 938 2
945 944 2
945 947 2
949 939 2
949 948 2
949 951 2
953 920 2
953 952 2
953 954 2
953 959 2
953 960 2
957 955 2
961 959 2
965 963 2
969 921 2
969 967 2
969 968 2
969 978 2
969 979 2
973 971 2
977 975 2
981 979 2
985 4 2
985 982 2
985 983 2
985 984 2
985 986 2
985 1179 2
985 1180 2
985 1181 2
985 1182 2
989 982 2
989 987 2
989 988 2
989 990 2
989 1021 2
989 1022 2
989 1023 2
993 987 2
993 991 2
993 992 2
993 1002 2
993 1003 2
997 995 2
1001 999 2
1005 1003 2
1009 1006 2
1009 1010 2
1009 1011 2
1013 1007 2
1013 1014 2
1013 1015 2
1017 1008 2
1017 1018 2
1017 1019 2
1021 989 2
1021 1022 2
1021 1023 2
1021 1024 2
1021 1025 2
1025 1021 2
1025 1024 2
1025 1027 2
1029 1022 2
1029 1028 2
1029 1031 2
1033 1023 2
1033 1032 2
1033 1035 2
1037 990 2
1037 1036 2
1037 1038 2
1037 1043 2
1037 1044 2
1041 1039 2
1045 1043 2
1049 1047 2
1053 983 2
1053 1051 2
1053 1052 2
1053 1054 2
1053 1085 2
1053 1086 2
1053 1087 2
1057 1051 2
1057 1055 2
1057 1056 2
1057 1066 2
1057 1067 2
1061 1059 2
1065 1063 2
1069 1067 2
1073 1070 2
1073 1074 2
1073 1075 2
1077 1071 2
1077 1078 2
1077 1079 2
1081 1072 2
1081 1082 2
1081 1083 2
1085 1053 2
1085 1086 2
1085 1087 2
1085 1088 2
1085 1089 2
1089 1085 2
1089 1088 2
1089 1091 2
1093 1086 2
1093 1092 2
1093 1095 2
1097 1087 2
1097 1096 2
1097 1099 2
1101 1054 2
1101 1100 2
1101 1102 2
1101 1107 2
1101 1108 2
1105 1103 2
1109 1107 2
1113 1111 2
1117 984 2
1117 1115 2
1117 1116 2
1117 1118 2
1117 1149 2
1117 1150 2
1117 1151 2
1121 1115 2
1121 1119 2
1121 1120 2
1121 1130 2
1121 1131 2
1125 1123 2
1129 1127 2
1133 1131 2
1137 1134 2
1137 1138 2
1137 1139 2
1141 1135 2
1141 1142 2
1141 1143 2
1145 1136 2
1145 1146 2
1145 1147 2
1149 1117 2
1149 1150 2
1149 1151 2
1149 1152 2
1149 1153 2
1153 1149 2
1153 1152 2
1153 1155 2
1157 1150 2
1157 1156 2
1157 1159 2
1161 1151 2
1161 1160 2
1161 1163 2
1165 1118 2
1165 1164 2
1165 1166 2
1165 1171 2
1165 1172 2
1169 1167 2
1173 1171 2
1177 1175 2
1181 985 2
1181 1179 2
1181 1180 2
1181 1182 2
1181 1213 2
1181 1214 2
1181 1215 2
1185 1179 2
1185 1183 2
1185 1184 2
1185 1194 2
1185 1195 2
1189 1187 2
1193 1191 2
1197 1195 2
1201 1198 2
1201 1202 2
1201 1203 2
1205 1199 2
1205 1206 2
1205 1207 2
1209 1200 2
1209 1210 2
1209 1211 2
1213 1181 2
1213 1214 2
1213 1215 2
1213 1216 2
1213 1217 2
1217 1213 2
1217 1216 2
1217 1219 2
1221 1214 2
1221 1220 2
1221 1223 2
1225 1215 2
1225 1224 2
1225 1227 2
1229 1182 2
1229 1228 2
1229 1230 2
1229 1235 2
1229 1236 2
1233 1231 2
1237 1235 2
1241 1239 2
1245 986 2
1245 1243 2
1245 1244 2
1245 1246 2
1245 1277 2
1245 1278 2
1245 1279 2
1249 1243 2
1249 1247 2
1249 1248 2
1249 1258 2
1249 1259 2
1253 1251 2
1257 1255 2
1261 1259 2
1265 1262 2
1265 1266 2
1265 1267 2
1269 1263 2
1269 1270 2
1269 1271 2
1273 1264 2
1273 1274 2
1273 1275 2
1277 1245 2
1277 1278 2
1277 1279 2
1277 1280 2
1277 1281 2
1281 1277 2
1281 1280 2
1281 1283 2
1285 1278 2
1285 1284 2
1285 1287 2
1289 1279 2
1289 1288 2
1289 1291 2
1293 1246 2
1293 1292 2
1293 1294 2
1293 1299 2
1293 1300 2
1297 1295 2
1301 1299 2
1305 1303 2
1309 5 2
1309 1307 2
1309 1308 2
1309 1310 2
1309 1311 2
1309 1440 2
1309 1441 2
1309 1442 2
1309 1443 2
1313 1307 2
1313 1312 2
1313 1314 2
1313 1315 2
1313 1331 2
1313 1332 2
1313 1333 2
1317 1312 2
1317 1316 2
1317 1318 2
1317 1323 2
1317 1324 2
1321 1319 2
1325 1323 2
1329 1327 2
1333 1313 2
1333 1331 2
1333 1332 2
1333 1342 2
1333 1343 2
1337 1335 2
1341 1339 2
1345 1343 2
1349 1346 2
1349 1350 2
1349 1351 2
1353 1347 2
1353 1354 2
1353 1355 2
1357 1348 2
1357 1358 2
1357 1359 2
1361 1315 2
1361 1362 2
1361 1363 2
1361 1364 2
1361 1365 2
1365 1361 2
1365 1364 2
1365 1367 2
1369 1362 2
1369 1368 2
1369 1371 2
1373 1363 2
1373 1372 2
1373 1375 2
1377 1308 2
1377 1376 2
1377 1378 2
1377 1379 2
1377 1395 2
1377 1396 2
1377 1397 2
1381 1376 2
1381 1380 2
1381 1382 2
1381 1387 2
1381 1388 2
1385 1383 2
1389 1387 2
1393 1391 2
1397 1377 2
1397 1395 2
1397 1396 2
1397 1406 2
1397 1407 2
1401 1399 2
1405 1403 2
1409 1407 2
1413 1410 2
1413 1414 2
1413 1415 2
1417 1411 2
1417 1418 2
1417 1419 2
1421 1412 2
1421 1422 2
1421 1423 2
1425 1379 2
1425 1426 2
1425 1427 2
1425 1428 2
1425 1429 2
1429 1425 2
1429 1428 2
1429 1431 2
1433 1426 2
1433 1432 2
1433 1435 2
1437 1427 2
1437 1436 2
1437 1439 2
1441 1309 2
1441 1440 2
1441 1442 2
1441 1443 2
1441 1459 2
1441 1460 2
1441 1461 2
1445 1440 2
1445 1444 2
1445 1446 2
1445 1451 2
1445 1452 2
1449 1447 2
1453 1451 2
1457 1455 2
1461 1441 2
1461 1459 2
1461 1460 2
1461 1470 2
1461 1471 2
1465 1463 2
1469 1467 2
1473 1471 2
1477 1474 2
1477 1478 2
1477 1479 2
1481 1475 2
1481 1482 2
1481 1483 2
1485 1476 2
1485 1486 2
1485 1487 2
1489 1443 2
1489 1490 2
1489 1491 2
1489 1492 2
1489 1493 2
1493 1489 2
1493 1492 2
1493 1495 2
1497 1490 2
1497 1496 2
1497 1499 2
1501 1491 2
1501 1500 2
1501 1503 2
1505 1310 2
1505 1504 2
1505 1506 2
1505 1507 2
1505 1523 2
1505 1524 2
1505 1525 2
1509 1504 2
1509 1508 2
1509 1510 2
1509 1515 2
1509 1516 2
1513 1511 2
1517 1515 2
1521 1519 2
1525 1505 2
1525 1523 2
1525 1524 2
1525 1534 2
1525 1535 2
1529 1527 2
1533 1531 2
1537 1535 2
1541 1538 2
1541 1542 2
1541 1543 2
1545 1539 2
1545 1546 2
1545 1547 2
1549 1540 2
1549 1550 2
1549 1551 2
1553 1507 2
1553 1554 2
1553 1555 2
1553 1556 2
1553 1557 2
1557 1553 2
1557 1556 2
1557 1559 2
1561 1554 2
1561 1560 2
1561 1563 2
1565 1555 2
1565 1564 2
1565 1567 2
1569 1311 2
1569 1568 2
1569 1570 2
1569 1571 2
1569 1587 2
1569 1588 2
1569 1589 2
1573 1568 2
1573 1572 2
1573 1574 2
1573 1579 2
1573 1580 2
1577 1575 2
1581 1579 2
1585 1583 2
1589 1569 2
1589 1587 2
1589 1588 2
1589 1598 2
1589 1599 2
1593 1591 2
1597 1595 2
1601 1599 2
1605 1602 2
1605 1606 2
1605 1607 2
1609 1603 2
1609 1610 2
1609 1611 2
1613 1604 2
1613 1614 2
1613 1615 2
1617 1571 2
1617 1618 2
1617 1619 2
1617 1620 2
1617 1621 2
1621 1617 2
1621 1620 2
1621 1623 2
1625 1618 2
1625 1624 2
1625 1627 2
1629 1619 2
1629 1628 2
1629 1631 2
1633 6 2
1633 1632 2
1633 1634 2
1633 1635 2
1633 1636 2
1633 1701 2
1633 1702 2
1633 1703 2
1633 1704 2
1637 1632 2
1637 1638 2
1637 1639 2
1637 1640 2
1637 1641 2
1637 1642 2
1637 1643 2
1641 1637 2
1641 1642 2
1641 1643 2
1641 1644 2
1641 1645 2
1645 1641 2
1645 1644 2
1645 1647 2
1649 1642 2
1649 1648 2
1649 1651 2
1653 1643 2
1653 1652 2
1653 1655 2
1657 1638 2
1657 1656 2
1657 1658 2
1657 1663 2
1657 1664 2
1661 1659 2
1665 1663 2
1669 1667 2
1673 1639 2
1673 1671 2
1673 1672 2
1673 1682 2
1673 1683 2
1677 1675 2
1681 1679 2
1685 1683 2
1689 1686 2
1689 1690 2
1689 1691 2
1693 1687 2
1693 1694 2
1693 1695 2
1697 1688 2
1697 1698 2
1697 1699 2
1701 1633 2
1701 1702 2
1701 1703 2
1701 1704 2
1701 1705 2
1701 1706 2
1701 1707 2
1705 1701 2
1705 1706 2
1705 1707 2
1705 1708 2
1705 1709 2
1709 1705 2
1709 1708 2
1709 1711 2
1713 1706 2
1713 1712 2
1713 1715 2
1717 1707 2
1717 1716 2
1717 1719 2
1721 1702 2
1721 1720 2
1721 1722 2
1721 1727 2
1721 1728 2
1725 1723 2
1729 1727 2
1733 1731 2
1737 1703 2
1737 1735 2
1737 1736 2
1737 1746 2
1737 1747 2
1741 1739 2
1745 1743 2
1749 1747 2
1753 1750 2
1753 1754 2
1753 1755 2
1757 1751 2
1757 1758 2
1757 1759 2
1761 1752 2
1761 1762 2
1761 1763 2
1765 1634 2
1765 1766 2
1765 1767 2
1765 1768 2
1765 1769 2
1765 1770 2
1765 1771 2
1769 1765 2
1769 1770 2
1769 1771 2
1769 1772 2
1769 1773 2
1773 1769 2
1773 1772 2
1773 1775 2
1777 1770 2
1777 1776 2
1777 1779 2
1781 1771 2
1781 1780 2
1781 1783 2
1785 1766 2
1785 1784 2
1785 1786 2
1785 1791 2
1785 1792 2
1789 1787 2
1793 1791 2
1797 1795 2
1801 1767 2
1801 1799 2
1801 1800 2
1801 1810 2
1801 1811 2
1805 1803 2
1809 1807 2
1813 1811 2
1817 1814 2
1817 1818 2
1817 1819 2
1821 1815 2
1821 1822 2
1821 1823 2
1825 1816 2
1825 1826 2
1825 1827 2
1829 1635 2
1829 1830 2
1829 1831 2
1829 1832 2
1829 1833 2
1829 1834 2
1829 1835 2
1833 1829 2
1833 1834 2
1833 1835 2
1833 1836 2
1833 1837 2
1837 1833 2
1837 1836 2
1837 1839 2
1841 1834 2
1841 1840 2
1841 1843 2
1845 1835 2
1845 1844 2
1845 1847 2
1849 1830 2
1849 1848 2
1849 1850 2
1849 1855 2
1849 1856 2
1853 1851 2
1857 1855 2
1861 1859 2
1865 1831 2
1865 1863 2
1865 1864 2
1865 1874 2
1865 1875 2
1869 1867 2
1873 1871 2
1877 1875 2
1881 1878 2
1881 1882 2
1881 1883 2
1885 1879 2
1885 1886 2
1885 1887 2
1889 1880 2
1889 1890 2
1889 1891 2
1893 1636 2
1893 1894 2
1893 1895 2
1893 1896 2
1893 1897 2
1893 1898 2
1893 1899 2
1897 1893 2
1897 1898 2
1897 1899 2
1897 1900 2
1897 1901 2
1901 1897 2
1901 1900 2
1901 1903 2
1905 1898 2
1905 1904 2
1905 1907 2
1909 1899 2
1909 1908 2
1909 1911 2
1913 1894 2
1913 1912 2
1913 1914 2
1913 1919 2
1913 1920 2
1917 1915 2
1921 1919 2
1925 1923 2
1929 1895 2
1929 1927 2
1929 1928 2
1929 1938 2
1929 1939 2
1933 1931 2
1937 1935 2
1941 1939 2
1945 1942 2
1945 1946 2
1945 1947 2
1949 1943 2
1949 1950 2
1949 1951 2
1953 1944 2
1953 1954 2
1953 1955 2
