1845
3690
3 4 3
3 28 3
3 29 3
3 30 3
3 31 3
3 32 3
3 33 3
3 34 3
3 35 3
3 36 3
7 8 3
7 64 3
7 65 3
7 66 3
7 67 3
7 68 3
7 69 3
7 70 3
7 71 3
7 72 3
11 12 3
11 100 3
11 101 3
11 102 3
11 103 3
11 104 3
11 105 3
11 106 3
11 107 3
11 108 3
15 16 3
15 136 3
15 137 3
15 138 3
15 139 3
15 140 3
15 141 3
15 142 3
15 143 3
15 144 3
19 20 3
19 172 3
19 173 3
19 174 3
19 175 3
19 176 3
19 177 3
19 178 3
19 179 3
19 180 3
23 24 3
23 208 3
23 209 3
23 210 3
23 211 3
23 212 3
23 213 3
23 214 3
23 215 3
23 216 3
27 19 3
27 244 3
27 245 3
27 246 3
27 247 3
27 248 3
27 249 3
27 250 3
27 251 3
27 252 3
31 32 3
31 280 3
31 281 3
31 282 3
31 283 3
31 284 3
31 285 3
31 286 3
31 287 3
31 288 3
35 36 3
35 316 3
35 317 3
35 318 3
35 319 3
35 320 3
35 321 3
35 322 3
35 323 3
35 324 3
39 40 3
39 352 3
39 353 3
39 354 3
39 355 3
39 356 3
39 357 3
39 358 3
39 359 3
39 360 3
43 44 3
43 388 3
43 389 3
43 390 3
43 391 3
43 392 3
43 393 3
43 394 3
43 395 3
43 396 3
47 48 3
47 424 3
47 425 3
47 426 3
47 427 3
47 428 3
47 429 3
47 430 3
47 431 3
47 432 3
51 52 3
51 460 3
51 461 3
51 462 3
51 463 3
51 464 3
51 465 3
51 466 3
51 467 3
51 468 3
55 56 3
55 496 3
55 497 3
55 498 3
55 499 3
55 500 3
55 501 3
55 502 3
55 503 3
55 504 3
59 60 3
59 532 3
59 533 3
59 534 3
59 535 3
59 536 3
59 537 3
59 538 3
59 539 3
59 540 3
63 55 3
63 568 3
63 569 3
63 570 3
63 571 3
63 572 3
63 573 3
63 574 3
63 575 3
63 576 3
67 68 3
67 604 3
67 605 3
67 606 3
67 607 3
67 608 3
67 609 3
67 610 3
67 611 3
67 612 3
71 72 3
71 640 3
71 641 3
71 642 3
71 643 3
71 644 3
71 645 3
71 646 3
71 647 3
71 648 3
75 76 3
75 676 3
75 677 3
75 678 3
75 679 3
75 680 3
75 681 3
75 682 3
75 683 3
75 684 3
79 80 3
79 712 3
79 713 3
79 714 3
79 715 3
79 716 3
79 717 3
79 718 3
79 719 3
79 720 3
83 84 3
83 748 3
83 749 3
83 750 3
83 751 3
83 752 3
83 753 3
83 754 3
83 755 3
83 756 3
87 88 3
87 784 3
87 785 3
87 786 3
87 787 3
87 788 3
87 789 3
87 790 3
87 791 3
87 792 3
91 92 3
91 820 3
91 821 3
91 822 3
91 823 3
91 824 3
91 825 3
91 826 3
91 827 3
91 828 3
95 96 3
95 856 3
95 857 3
95 858 3
95 859 3
95 860 3
95 861 3
95 862 3
95 863 3
95 864 3
99 91 3
99 892 3
99 893 3
99 894 3
99 895 3
99 896 3
99 897 3
99 898 3
99 899 3
99 900 3
103 104 3
103 928 3
103 929 3
103 930 3
103 931 3
103 932 3
103 933 3
103 934 3
103 935 3
103 936 3
107 108 3
107 964 3
107 965 3
107 966 3
107 967 3
107 968 3
107 969 3
107 970 3
107 971 3
107 972 3
111 112 3
111 1000 3
111 1001 3
111 1002 3
111 1003 3
111 1004 3
111 1005 3
111 1006 3
111 1007 3
111 1008 3
115 116 3
115 1036 3
115 1037 3
115 1038 3
115 1039 3
115 1040 3
115 1041 3
115 1042 3
115 1043 3
115 1044 3
119 120 3
119 1072 3
119 1073 3
119 1074 3
119 1075 3
119 1076 3
119 1077 3
119 1078 3
119 1079 3
119 1080 3
123 124 3
123 1108 3
123 1109 3
123 1110 3
123 1111 3
123 1112 3
123 1113 3
123 1114 3
123 1115 3
123 1116 3
127 128 3
127 1144 3
127 1145 3
127 1146 3
127 1147 3
127 1148 3
127 1149 3
127 1150 3
127 1151 3
127 1152 3
131 132 3
131 1180 3
131 1181 3
131 1182 3
131 1183 3
131 1184 3
131 1185 3
131 1186 3
131 1187 3
131 1188 3
135 127 3
135 1216 3
135 1217 3
135 1218 3
135 1219 3
135 1220 3
135 1221 3
135 1222 3
135 1223 3
135 1224 3
139 140 3
139 1252 3
139 1253 3
139 1254 3
139 1255 3
139 1256 3
139 1257 3
139 1258 3
139 1259 3
139 1260 3
143 144 3
143 1288 3
143 1289 3
143 1290 3
143 1291 3
143 1292 3
143 1293 3
143 1294 3
143 1295 3
143 1296 3
147 148 3
147 1324 3
147 1325 3
147 1326 3
147 1327 3
147 1328 3
147 1329 3
147 1330 3
147 1331 3
147 1332 3
151 152 3
151 1360 3
151 1361 3
151 1362 3
151 1363 3
151 1364 3
151 1365 3
151 1366 3
151 1367 3
151 1368 3
155 156 3
155 1396 3
155 1397 3
155 1398 3
155 1399 3
155 1400 3
155 1401 3
155 1402 3
155 1403 3
155 1404 3
159 160 3
159 1432 3
159 1433 3
159 1434 3
159 1435 3
159 1436 3
159 1437 3
159 1438 3
159 1439 3
159 1440 3
163 164 3
163 1468 3
163 1469 3
163 1470 3
163 1471 3
163 1472 3
163 1473 3
163 1474 3
163 1475 3
163 1476 3
167 168 3
167 1504 3
167 1505 3
167 1506 3
167 1507 3
167 1508 3
167 1509 3
167 1510 3
167 1511 3
167 1512 3
171 163 3
171 1540 3
171 1541 3
171 1542 3
171 1543 3
171 1544 3
171 1545 3
171 1546 3
171 1547 3
171 1548 3
175 176 3
175 1576 3
175 1577 3
175 1578 3
175 1579 3
175 1580 3
175 1581 3
175 1582 3
175 1583 3
175 1584 3
179 180 3
179 1612 3
179 1613 3
179 1614 3
179 1615 3
179 1616 3
179 1617 3
179 1618 3
179 1619 3
179 1620 3
183 184 3
183 1648 3
183 1649 3
183 1650 3
183 1651 3
183 1652 3
183 1653 3
183 1654 3
183 1655 3
183 1656 3
187 188 3
187 1684 3
187 1685 3
187 1686 3
187 1687 3
187 1688 3
187 1689 3
187 1690 3
187 1691 3
187 1692 3
191 192 3
191 1720 3
191 1721 3
191 1722 3
191 1723 3
191 1724 3
191 1725 3
191 1726 3
191 1727 3
191 1728 3
195 196 3
195 1756 3
195 1757 3
195 1758 3
195 1759 3
195 1760 3
195 1761 3
195 1762 3
195 1763 3
195 1764 3
199 200 3
199 1792 3
199 1793 3
199 1794 3
199 1795 3
199 1796 3
199 1797 3
199 1798 3
199 1799 3
199 1800 3
203 204 3
203 1828 3
203 1829 3
203 1830 3
203 1831 3
203 1832 3
203 1833 3
203 1834 3
203 1835 3
203 1836 3
207 199 3
207 1864 3
207 1865 3
207 1866 3
207 1867 3
207 1868 3
207 1869 3
207 1870 3
207 1871 3
207 1872 3
211 212 3
211 1900 3
211 1901 3
211 1902 3
211 1903 3
211 1904 3
211 1905 3
211 1906 3
211 1907 3
211 1908 3
215 216 3
215 1936 3
215 1937 3
215 1938 3
215 1939 3
215 1940 3
215 1941 3
215 1942 3
215 1943 3
215 1944 3
219 220 3
219 1972 3
219 1973 3
219 1974 3
219 1975 3
219 1976 3
219 1977 3
219 1978 3
219 1979 3
219 1980 3
223 224 3
223 2008 3
223 2009 3
223 2010 3
223 2011 3
223 2012 3
223 2013 3
223 2014 3
223 2015 3
223 2016 3
227 228 3
227 2044 3
227 2045 3
227 2046 3
227 2047 3
227 2048 3
227 2049 3
227 2050 3
227 2051 3
227 2052 3
231 232 3
231 2080 3
231 2081 3
231 2082 3
231 2083 3
231 2084 3
231 2085 3
231 2086 3
231 2087 3
231 2088 3
235 236 3
235 2116 3
235 2117 3
235 2118 3
235 2119 3
235 2120 3
235 2121 3
235 2122 3
235 2123 3
235 2124 3
239 240 3
239 2152 3
239 2153 3
239 2154 3
239 2155 3
239 2156 3
239 2157 3
239 2158 3
239 2159 3
239 2160 3
243 235 3
243 2188 3
243 2189 3
243 2190 3
243 2191 3
243 2192 3
243 2193 3
243 2194 3
243 2195 3
243 2196 3
247 248 3
247 2224 3
247 2225 3
247 2226 3
247 2227 3
247 2228 3
247 2229 3
247 2230 3
247 2231 3
247 2232 3
251 252 3
251 2260 3
251 2261 3
251 2262 3
251 2263 3
251 2264 3
251 2265 3
251 2266 3
251 2267 3
251 2268 3
255 256 3
255 2296 3
255 2297 3
255 2298 3
255 2299 3
255 2300 3
255 2301 3
255 2302 3
255 2303 3
255 2304 3
259 260 3
259 2332 3
259 2333 3
259 2334 3
259 2335 3
259 2336 3
259 2337 3
259 2338 3
259 2339 3
259 2340 3
263 264 3
263 2368 3
263 2369 3
263 2370 3
263 2371 3
263 2372 3
263 2373 3
263 2374 3
263 2375 3
263 2376 3
267 268 3
267 2404 3
267 2405 3
267 2406 3
267 2407 3
267 2408 3
267 2409 3
267 2410 3
267 2411 3
267 2412 3
271 272 3
271 2440 3
271 2441 3
271 2442 3
271 2443 3
271 2444 3
271 2445 3
271 2446 3
271 2447 3
271 2448 3
275 276 3
275 2476 3
275 2477 3
275 2478 3
275 2479 3
275 2480 3
275 2481 3
275 2482 3
275 2483 3
275 2484 3
279 271 3
279 2512 3
279 2513 3
279 2514 3
279 2515 3
279 2516 3
279 2517 3
279 2518 3
279 2519 3
279 2520 3
283 284 3
283 2548 3
283 2549 3
283 2550 3
283 2551 3
283 2552 3
283 2553 3
283 2554 3
283 2555 3
283 2556 3
287 288 3
287 2584 3
287 2585 3
287 2586 3
287 2587 3
287 2588 3
287 2589 3
287 2590 3
287 2591 3
287 2592 3
291 292 3
291 2620 3
291 2621 3
291 2622 3
291 2623 3
291 2624 3
291 2625 3
291 2626 3
291 2627 3
291 2628 3
295 296 3
295 2656 3
295 2657 3
295 2658 3
295 2659 3
295 2660 3
295 2661 3
295 2662 3
295 2663 3
295 2664 3
299 300 3
299 2692 3
299 2693 3
299 2694 3
299 2695 3
299 2696 3
299 2697 3
299 2698 3
299 2699 3
299 2700 3
303 304 3
303 2728 3
303 2729 3
303 2730 3
303 2731 3
303 2732 3
303 2733 3
303 2734 3
303 2735 3
303 2736 3
307 308 3
307 2764 3
307 2765 3
307 2766 3
307 2767 3
307 2768 3
307 2769 3
307 2770 3
307 2771 3
307 2772 3
311 312 3
311 2800 3
311 2801 3
311 2802 3
311 2803 3
311 2804 3
311 2805 3
311 2806 3
311 2807 3
311 2808 3
315 307 3
315 2836 3
315 2837 3
315 2838 3
315 2839 3
315 2840 3
315 2841 3
315 2842 3
315 2843 3
315 2844 3
319 320 3
319 2872 3
319 2873 3
319 2874 3
319 2875 3
319 2876 3
319 2877 3
319 2878 3
319 2879 3
319 2880 3
323 324 3
323 2908 3
323 2909 3
323 2910 3
323 2911 3
323 2912 3
323 2913 3
323 2914 3
323 2915 3
323 2916 3
327 328 3
327 2944 3
327 2945 3
327 2946 3
327 2947 3
327 2948 3
327 2949 3
327 2950 3
327 2951 3
327 2952 3
331 332 3
331 2980 3
331 2981 3
331 2982 3
331 2983 3
331 2984 3
331 2985 3
331 2986 3
331 2987 3
331 2988 3
335 336 3
335 3016 3
335 3017 3
335 3018 3
335 3019 3
335 3020 3
335 3021 3
335 3022 3
335 3023 3
335 3024 3
339 340 3
339 3052 3
339 3053 3
339 3054 3
339 3055 3
339 3056 3
339 3057 3
339 3058 3
339 3059 3
339 3060 3
343 344 3
343 3088 3
343 3089 3
343 3090 3
343 3091 3
343 3092 3
343 3093 3
343 3094 3
343 3095 3
343 3096 3
347 348 3
347 3124 3
347 3125 3
347 3126 3
347 3127 3
347 3128 3
347 3129 3
347 3130 3
347 3131 3
347 3132 3
351 343 3
351 3160 3
351 3161 3
351 3162 3
351 3163 3
351 3164 3
351 3165 3
351 3166 3
351 3167 3
351 3168 3
355 356 3
355 3196 3
355 3197 3
355 3198 3
355 3199 3
355 3200 3
355 3201 3
355 3202 3
355 3203 3
355 3204 3
359 360 3
359 3232 3
359 3233 3
359 3234 3
359 3235 3
359 3236 3
359 3237 3
359 3238 3
359 3239 3
359 3240 3
363 364 3
363 3268 3
363 3269 3
363 3270 3
363 3271 3
363 3272 3
363 3273 3
363 3274 3
363 3275 3
363 3276 3
367 368 3
367 3304 3
367 3305 3
367 3306 3
367 3307 3
367 3308 3
367 3309 3
367 3310 3
367 3311 3
367 3312 3
371 372 3
371 3340 3
371 3341 3
371 3342 3
371 3343 3
371 3344 3
371 3345 3
371 3346 3
371 3347 3
371 3348 3
375 376 3
375 3376 3
375 3377 3
375 3378 3
375 3379 3
375 3380 3
375 3381 3
375 3382 3
375 3383 3
375 3384 3
379 380 3
379 3412 3
379 3413 3
379 3414 3
379 3415 3
379 3416 3
379 3417 3
379 3418 3
379 3419 3
379 3420 3
383 384 3
383 3448 3
383 3449 3
383 3450 3
383 3451 3
383 3452 3
383 3453 3
383 3454 3
383 3455 3
383 3456 3
387 379 3
387 3484 3
387 3485 3
387 3486 3
387 3487 3
387 3488 3
387 3489 3
387 3490 3
387 3491 3
387 3492 3
391 392 3
391 3520 3
391 3521 3
391 3522 3
391 3523 3
391 3524 3
391 3525 3
391 3526 3
391 3527 3
391 3528 3
395 396 3
395 3556 3
395 3557 3
395 3558 3
395 3559 3
395 3560 3
395 3561 3
395 3562 3
395 3563 3
395 3564 3
399 400 3
399 3592 3
399 3593 3
399 3594 3
399 3595 3
399 3596 3
399 3597 3
399 3598 3
399 3599 3
399 3600 3
403 404 3
403 3628 3
403 3629 3
403 3630 3
403 3631 3
403 3632 3
403 3633 3
403 3634 3
403 3635 3
403 3636 3
407 408 3
407 3664 3
407 3665 3
407 3666 3
407 3667 3
407 3668 3
407 3669 3
407 3670 3
407 3671 3
407 3672 3
411 412 3
411 3700 3
411 3701 3
411 3702 3
411 3703 3
411 3704 3
411 3705 3
411 3706 3
411 3707 3
411 3708 3
415 416 3
415 3736 3
415 3737 3
415 3738 3
415 3739 3
415 3740 3
415 3741 3
415 3742 3
415 3743 3
415 3744 3
419 420 3
419 3772 3
419 3773 3
419 3774 3
419 3775 3
419 3776 3
419 3777 3
419 3778 3
419 3779 3
419 3780 3
423 415 3
423 3808 3
423 3809 3
423 3810 3
423 3811 3
423 3812 3
423 3813 3
423 3814 3
423 3815 3
423 3816 3
427 428 3
427 3844 3
427 3845 3
427 3846 3
427 3847 3
427 3848 3
427 3849 3
427 3850 3
427 3851 3
427 3852 3
431 432 3
431 3880 3
431 3881 3
431 3882 3
431 3883 3
431 3884 3
431 3885 3
431 3886 3
431 3887 3
431 3888 3
435 436 3
435 3916 3
435 3917 3
435 3918 3
435 3919 3
435 3920 3
435 3921 3
435 3922 3
435 3923 3
435 3924 3
439 440 3
439 3952 3
439 3953 3
439 3954 3
439 3955 3
439 3956 3
439 3957 3
439 3958 3
439 3959 3
439 3960 3
443 444 3
443 3988 3
443 3989 3
443 3990 3
443 3991 3
443 3992 3
443 3993 3
443 3994 3
443 3995 3
443 3996 3
447 448 3
447 4024 3
447 4025 3
447 4026 3
447 4027 3
447 4028 3
447 4029 3
447 4030 3
447 4031 3
447 4032 3
451 452 3
451 4060 3
451 4061 3
451 4062 3
451 4063 3
451 4064 3
451 4065 3
451 4066 3
451 4067 3
451 4068 3
455 456 3
455 4096 3
455 4097 3
455 4098 3
455 4099 3
455 4100 3
455 4101 3
455 4102 3
455 4103 3
455 4104 3
459 451 3
459 4132 3
459 4133 3
459 4134 3
459 4135 3
459 4136 3
459 4137 3
459 4138 3
459 4139 3
459 4140 3
463 464 3
463 4168 3
463 4169 3
463 4170 3
463 4171 3
463 4172 3
463 4173 3
463 4174 3
463 4175 3
463 4176 3
467 468 3
467 4204 3
467 4205 3
467 4206 3
467 4207 3
467 4208 3
467 4209 3
467 4210 3
467 4211 3
467 4212 3
471 472 3
471 4240 3
471 4241 3
471 4242 3
471 4243 3
471 4244 3
471 4245 3
471 4246 3
471 4247 3
471 4248 3
475 476 3
475 4276 3
475 4277 3
475 4278 3
475 4279 3
475 4280 3
475 4281 3
475 4282 3
475 4283 3
475 4284 3
479 480 3
479 4312 3
479 4313 3
479 4314 3
479 4315 3
479 4316 3
479 4317 3
479 4318 3
479 4319 3
479 4320 3
483 484 3
483 4348 3
483 4349 3
483 4350 3
483 4351 3
483 4352 3
483 4353 3
483 4354 3
483 4355 3
483 4356 3
487 488 3
487 4384 3
487 4385 3
487 4386 3
487 4387 3
487 4388 3
487 4389 3
487 4390 3
487 4391 3
487 4392 3
491 492 3
491 4420 3
491 4421 3
491 4422 3
491 4423 3
491 4424 3
491 4425 3
491 4426 3
491 4427 3
491 4428 3
495 487 3
495 4456 3
495 4457 3
495 4458 3
495 4459 3
495 4460 3
495 4461 3
495 4462 3
495 4463 3
495 4464 3
499 500 3
499 4492 3
499 4493 3
499 4494 3
499 4495 3
499 4496 3
499 4497 3
499 4498 3
499 4499 3
499 4500 3
503 504 3
503 4528 3
503 4529 3
503 4530 3
503 4531 3
503 4532 3
503 4533 3
503 4534 3
503 4535 3
503 4536 3
507 508 3
507 4564 3
507 4565 3
507 4566 3
507 4567 3
507 4568 3
507 4569 3
507 4570 3
507 4571 3
507 4572 3
511 512 3
511 4600 3
511 4601 3
511 4602 3
511 4603 3
511 4604 3
511 4605 3
511 4606 3
511 4607 3
511 4608 3
515 516 3
515 4636 3
515 4637 3
515 4638 3
515 4639 3
515 4640 3
515 4641 3
515 4642 3
515 4643 3
515 4644 3
519 520 3
519 4672 3
519 4673 3
519 4674 3
519 4675 3
519 4676 3
519 4677 3
519 4678 3
519 4679 3
519 4680 3
523 524 3
523 4708 3
523 4709 3
523 4710 3
523 4711 3
523 4712 3
523 4713 3
523 4714 3
523 4715 3
523 4716 3
527 528 3
527 4744 3
527 4745 3
527 4746 3
527 4747 3
527 4748 3
527 4749 3
527 4750 3
527 4751 3
527 4752 3
531 523 3
531 4780 3
531 4781 3
531 4782 3
531 4783 3
531 4784 3
531 4785 3
531 4786 3
531 4787 3
531 4788 3
535 536 3
535 4816 3
535 4817 3
535 4818 3
535 4819 3
535 4820 3
535 4821 3
535 4822 3
535 4823 3
535 4824 3
539 540 3
539 4852 3
539 4853 3
539 4854 3
539 4855 3
539 4856 3
539 4857 3
539 4858 3
539 4859 3
539 4860 3
543 544 3
543 4888 3
543 4889 3
543 4890 3
543 4891 3
543 4892 3
543 4893 3
543 4894 3
543 4895 3
543 4896 3
547 548 3
547 4924 3
547 4925 3
547 4926 3
547 4927 3
547 4928 3
547 4929 3
547 4930 3
547 4931 3
547 4932 3
551 552 3
551 4960 3
551 4961 3
551 4962 3
551 4963 3
551 4964 3
551 4965 3
551 4966 3
551 4967 3
551 4968 3
555 556 3
555 4996 3
555 4997 3
555 4998 3
555 4999 3
555 5000 3
555 5001 3
555 5002 3
555 5003 3
555 5004 3
559 560 3
559 5032 3
559 5033 3
559 5034 3
559 5035 3
559 5036 3
559 5037 3
559 5038 3
559 5039 3
559 5040 3
563 564 3
563 5068 3
563 5069 3
563 5070 3
563 5071 3
563 5072 3
563 5073 3
563 5074 3
563 5075 3
563 5076 3
567 559 3
567 5104 3
567 5105 3
567 5106 3
567 5107 3
567 5108 3
567 5109 3
567 5110 3
567 5111 3
567 5112 3
571 572 3
571 5140 3
571 5141 3
571 5142 3
571 5143 3
571 5144 3
571 5145 3
571 5146 3
571 5147 3
571 5148 3
575 576 3
575 5176 3
575 5177 3
575 5178 3
575 5179 3
575 5180 3
575 5181 3
575 5182 3
575 5183 3
575 5184 3
579 580 3
579 5212 3
579 5213 3
579 5214 3
579 5215 3
579 5216 3
579 5217 3
579 5218 3
579 5219 3
579 5220 3
583 584 3
583 5248 3
583 5249 3
583 5250 3
583 5251 3
583 5252 3
583 5253 3
583 5254 3
583 5255 3
583 5256 3
587 588 3
587 5284 3
587 5285 3
587 5286 3
587 5287 3
587 5288 3
587 5289 3
587 5290 3
587 5291 3
587 5292 3
591 592 3
591 5320 3
591 5321 3
591 5322 3
591 5323 3
591 5324 3
591 5325 3
591 5326 3
591 5327 3
591 5328 3
595 596 3
595 5356 3
595 5357 3
595 5358 3
595 5359 3
595 5360 3
595 5361 3
595 5362 3
595 5363 3
595 5364 3
599 600 3
599 5392 3
599 5393 3
599 5394 3
599 5395 3
599 5396 3
599 5397 3
599 5398 3
599 5399 3
599 5400 3
603 595 3
603 5428 3
603 5429 3
603 5430 3
603 5431 3
603 5432 3
603 5433 3
603 5434 3
603 5435 3
603 5436 3
607 608 3
607 5464 3
607 5465 3
607 5466 3
607 5467 3
607 5468 3
607 5469 3
607 5470 3
607 5471 3
607 5472 3
611 612 3
611 5500 3
611 5501 3
611 5502 3
611 5503 3
611 5504 3
611 5505 3
611 5506 3
611 5507 3
611 5508 3
615 616 3
615 5536 3
615 5537 3
615 5538 3
615 5539 3
615 5540 3
615 5541 3
615 5542 3
615 5543 3
615 5544 3
619 620 3
619 5572 3
619 5573 3
619 5574 3
619 5575 3
619 5576 3
619 5577 3
619 5578 3
619 5579 3
619 5580 3
623 624 3
623 5608 3
623 5609 3
623 5610 3
623 5611 3
623 5612 3
623 5613 3
623 5614 3
623 5615 3
623 5616 3
627 628 3
627 5644 3
627 5645 3
627 5646 3
627 5647 3
627 5648 3
627 5649 3
627 5650 3
627 5651 3
627 5652 3
631 632 3
631 5680 3
631 5681 3
631 5682 3
631 5683 3
631 5684 3
631 5685 3
631 5686 3
631 5687 3
631 5688 3
635 636 3
635 5716 3
635 5717 3
635 5718 3
635 5719 3
635 5720 3
635 5721 3
635 5722 3
635 5723 3
635 5724 3
639 631 3
639 5752 3
639 5753 3
639 5754 3
639 5755 3
639 5756 3
639 5757 3
639 5758 3
639 5759 3
639 5760 3
643 644 3
643 5788 3
643 5789 3
643 5790 3
643 5791 3
643 5792 3
643 5793 3
643 5794 3
643 5795 3
643 5796 3
647 648 3
647 5824 3
647 5825 3
647 5826 3
647 5827 3
647 5828 3
647 5829 3
647 5830 3
647 5831 3
647 5832 3
651 652 3
651 5860 3
651 5861 3
651 5862 3
651 5863 3
651 5864 3
651 5865 3
651 5866 3
651 5867 3
651 5868 3
655 656 3
655 5896 3
655 5897 3
655 5898 3
655 5899 3
655 5900 3
655 5901 3
655 5902 3
655 5903 3
655 5904 3
659 660 3
659 5932 3
659 5933 3
659 5934 3
659 5935 3
659 5936 3
659 5937 3
659 5938 3
659 5939 3
659 5940 3
663 664 3
663 5968 3
663 5969 3
663 5970 3
663 5971 3
663 5972 3
663 5973 3
663 5974 3
663 5975 3
663 5976 3
667 668 3
667 6004 3
667 6005 3
667 6006 3
667 6007 3
667 6008 3
667 6009 3
667 6010 3
667 6011 3
667 6012 3
671 672 3
671 6040 3
671 6041 3
671 6042 3
671 6043 3
671 6044 3
671 6045 3
671 6046 3
671 6047 3
671 6048 3
675 667 3
675 6076 3
675 6077 3
675 6078 3
675 6079 3
675 6080 3
675 6081 3
675 6082 3
675 6083 3
675 6084 3
679 680 3
679 6112 3
679 6113 3
679 6114 3
679 6115 3
679 6116 3
679 6117 3
679 6118 3
679 6119 3
679 6120 3
683 684 3
683 6148 3
683 6149 3
683 6150 3
683 6151 3
683 6152 3
683 6153 3
683 6154 3
683 6155 3
683 6156 3
687 688 3
687 6184 3
687 6185 3
687 6186 3
687 6187 3
687 6188 3
687 6189 3
687 6190 3
687 6191 3
687 6192 3
691 692 3
691 6220 3
691 6221 3
691 6222 3
691 6223 3
691 6224 3
691 6225 3
691 6226 3
691 6227 3
691 6228 3
695 696 3
695 6256 3
695 6257 3
695 6258 3
695 6259 3
695 6260 3
695 6261 3
695 6262 3
695 6263 3
695 6264 3
699 700 3
699 6292 3
699 6293 3
699 6294 3
699 6295 3
699 6296 3
699 6297 3
699 6298 3
699 6299 3
699 6300 3
703 704 3
703 6328 3
703 6329 3
703 6330 3
703 6331 3
703 6332 3
703 6333 3
703 6334 3
703 6335 3
703 6336 3
707 708 3
707 6364 3
707 6365 3
707 6366 3
707 6367 3
707 6368 3
707 6369 3
707 6370 3
707 6371 3
707 6372 3
711 703 3
711 6400 3
711 6401 3
711 6402 3
711 6403 3
711 6404 3
711 6405 3
711 6406 3
711 6407 3
711 6408 3
715 716 3
715 6436 3
715 6437 3
715 6438 3
715 6439 3
715 6440 3
715 6441 3
715 6442 3
715 6443 3
715 6444 3
719 720 3
719 6472 3
719 6473 3
719 6474 3
719 6475 3
719 6476 3
719 6477 3
719 6478 3
719 6479 3
719 6480 3
723 724 3
723 6508 3
723 6509 3
723 6510 3
723 6511 3
723 6512 3
723 6513 3
723 6514 3
723 6515 3
723 6516 3
727 728 3
727 6544 3
727 6545 3
727 6546 3
727 6547 3
727 6548 3
727 6549 3
727 6550 3
727 6551 3
727 6552 3
731 732 3
731 6580 3
731 6581 3
731 6582 3
731 6583 3
731 6584 3
731 6585 3
731 6586 3
731 6587 3
731 6588 3
735 736 3
735 6616 3
735 6617 3
735 6618 3
735 6619 3
735 6620 3
735 6621 3
735 6622 3
735 6623 3
735 6624 3
739 740 3
739 6652 3
739 6653 3
739 6654 3
739 6655 3
739 6656 3
739 6657 3
739 6658 3
739 6659 3
739 6660 3
743 744 3
743 6688 3
743 6689 3
743 6690 3
743 6691 3
743 6692 3
743 6693 3
743 6694 3
743 6695 3
743 6696 3
747 739 3
747 6724 3
747 6725 3
747 6726 3
747 6727 3
747 6728 3
747 6729 3
747 6730 3
747 6731 3
747 6732 3
751 752 3
751 6760 3
751 6761 3
751 6762 3
751 6763 3
751 6764 3
751 6765 3
751 6766 3
751 6767 3
751 6768 3
755 756 3
755 6796 3
755 6797 3
755 6798 3
755 6799 3
755 6800 3
755 6801 3
755 6802 3
755 6803 3
755 6804 3
759 760 3
759 6832 3
759 6833 3
759 6834 3
759 6835 3
759 6836 3
759 6837 3
759 6838 3
759 6839 3
759 6840 3
763 764 3
763 6868 3
763 6869 3
763 6870 3
763 6871 3
763 6872 3
763 6873 3
763 6874 3
763 6875 3
763 6876 3
767 768 3
767 6904 3
767 6905 3
767 6906 3
767 6907 3
767 6908 3
767 6909 3
767 6910 3
767 6911 3
767 6912 3
771 772 3
771 6940 3
771 6941 3
771 6942 3
771 6943 3
771 6944 3
771 6945 3
771 6946 3
771 6947 3
771 6948 3
775 776 3
775 6976 3
775 6977 3
775 6978 3
775 6979 3
775 6980 3
775 6981 3
775 6982 3
775 6983 3
775 6984 3
779 780 3
779 7012 3
779 7013 3
779 7014 3
779 7015 3
779 7016 3
779 7017 3
779 7018 3
779 7019 3
779 7020 3
783 775 3
783 7048 3
783 7049 3
783 7050 3
783 7051 3
783 7052 3
783 7053 3
783 7054 3
783 7055 3
783 7056 3
787 788 3
787 7084 3
787 7085 3
787 7086 3
787 7087 3
787 7088 3
787 7089 3
787 7090 3
787 7091 3
787 7092 3
791 792 3
791 7120 3
791 7121 3
791 7122 3
791 7123 3
791 7124 3
791 7125 3
791 7126 3
791 7127 3
791 7128 3
795 796 3
795 7156 3
795 7157 3
795 7158 3
795 7159 3
795 7160 3
795 7161 3
795 7162 3
795 7163 3
795 7164 3
799 800 3
799 7192 3
799 7193 3
799 7194 3
799 7195 3
799 7196 3
799 7197 3
799 7198 3
799 7199 3
799 7200 3
803 804 3
803 7228 3
803 7229 3
803 7230 3
803 7231 3
803 7232 3
803 7233 3
803 7234 3
803 7235 3
803 7236 3
807 808 3
807 7264 3
807 7265 3
807 7266 3
807 7267 3
807 7268 3
807 7269 3
807 7270 3
807 7271 3
807 7272 3
811 812 3
811 7300 3
811 7301 3
811 7302 3
811 7303 3
811 7304 3
811 7305 3
811 7306 3
811 7307 3
811 7308 3
815 816 3
815 7336 3
815 7337 3
815 7338 3
815 7339 3
815 7340 3
815 7341 3
815 7342 3
815 7343 3
815 7344 3
819 811 3
819 7372 3
819 7373 3
819 7374 3
819 7375 3
819 7376 3
819 7377 3
819 7378 3
819 7379 3
819 7380 3
823 824 3
827 828 3
831 832 3
835 836 3
839 840 3
843 844 3
847 848 3
851 852 3
855 847 3
859 860 3
863 864 3
867 868 3
871 872 3
875 876 3
879 880 3
883 884 3
887 888 3
891 883 3
895 896 3
899 900 3
903 904 3
907 908 3
911 912 3
915 916 3
919 920 3
923 924 3
927 919 3
931 932 3
935 936 3
939 940 3
943 944 3
947 948 3
951 952 3
955 956 3
959 960 3
963 955 3
967 968 3
971 972 3
975 976 3
979 980 3
983 984 3
987 988 3
991 992 3
995 996 3
999 991 3
1003 1004 3
1007 1008 3
1011 1012 3
1015 1016 3
1019 1020 3
1023 1024 3
1027 1028 3
1031 1032 3
1035 1027 3
1039 1040 3
1043 1044 3
1047 1048 3
1051 1052 3
1055 1056 3
1059 1060 3
1063 1064 3
1067 1068 3
1071 1063 3
1075 1076 3
1079 1080 3
1083 1084 3
1087 1088 3
1091 1092 3
1095 1096 3
1099 1100 3
1103 1104 3
1107 1099 3
1111 1112 3
1115 1116 3
1119 1120 3
1123 1124 3
1127 1128 3
1131 1132 3
1135 1136 3
1139 1140 3
1143 1135 3
1147 1148 3
1151 1152 3
1155 1156 3
1159 1160 3
1163 1164 3
1167 1168 3
1171 1172 3
1175 1176 3
1179 1171 3
1183 1184 3
1187 1188 3
1191 1192 3
1195 1196 3
1199 1200 3
1203 1204 3
1207 1208 3
1211 1212 3
1215 1207 3
1219 1220 3
1223 1224 3
1227 1228 3
1231 1232 3
1235 1236 3
1239 1240 3
1243 1244 3
1247 1248 3
1251 1243 3
1255 1256 3
1259 1260 3
1263 1264 3
1267 1268 3
1271 1272 3
1275 1276 3
1279 1280 3
1283 1284 3
1287 1279 3
1291 1292 3
1295 1296 3
1299 1300 3
1303 1304 3
1307 1308 3
1311 1312 3
1315 1316 3
1319 1320 3
1323 1315 3
1327 1328 3
1331 1332 3
1335 1336 3
1339 1340 3
1343 1344 3
1347 1348 3
1351 1352 3
1355 1356 3
1359 1351 3
1363 1364 3
1367 1368 3
1371 1372 3
1375 1376 3
1379 1380 3
1383 1384 3
1387 1388 3
1391 1392 3
1395 1387 3
1399 1400 3
1403 1404 3
1407 1408 3
1411 1412 3
1415 1416 3
1419 1420 3
1423 1424 3
1427 1428 3
1431 1423 3
1435 1436 3
1439 1440 3
1443 1444 3
1447 1448 3
1451 1452 3
1455 1456 3
1459 1460 3
1463 1464 3
1467 1459 3
1471 1472 3
1475 1476 3
1479 1480 3
1483 1484 3
1487 1488 3
1491 1492 3
1495 1496 3
1499 1500 3
1503 1495 3
1507 1508 3
1511 1512 3
1515 1516 3
1519 1520 3
1523 1524 3
1527 1528 3
1531 1532 3
1535 1536 3
1539 1531 3
1543 1544 3
1547 1548 3
1551 1552 3
1555 1556 3
1559 1560 3
1563 1564 3
1567 1568 3
1571 1572 3
1575 1567 3
1579 1580 3
1583 1584 3
1587 1588 3
1591 1592 3
1595 1596 3
1599 1600 3
1603 1604 3
1607 1608 3
1611 1603 3
1615 1616 3
1619 1620 3
1623 1624 3
1627 1628 3
1631 1632 3
1635 1636 3
1639 1640 3
1643 1644 3
1647 1639 3
1651 1652 3
1655 1656 3
1659 1660 3
1663 1664 3
1667 1668 3
1671 1672 3
1675 1676 3
1679 1680 3
1683 1675 3
1687 1688 3
1691 1692 3
1695 1696 3
1699 1700 3
1703 1704 3
1707 1708 3
1711 1712 3
1715 1716 3
1719 1711 3
1723 1724 3
1727 1728 3
1731 1732 3
1735 1736 3
1739 1740 3
1743 1744 3
1747 1748 3
1751 1752 3
1755 1747 3
1759 1760 3
1763 1764 3
1767 1768 3
1771 1772 3
1775 1776 3
1779 1780 3
1783 1784 3
1787 1788 3
1791 1783 3
1795 1796 3
1799 1800 3
1803 1804 3
1807 1808 3
1811 1812 3
1815 1816 3
1819 1820 3
1823 1824 3
1827 1819 3
1831 1832 3
1835 1836 3
1839 1840 3
1843 1844 3
1847 1848 3
1851 1852 3
1855 1856 3
1859 1860 3
1863 1855 3
1867 1868 3
1871 1872 3
1875 1876 3
1879 1880 3
1883 1884 3
1887 1888 3
1891 1892 3
1895 1896 3
1899 1891 3
1903 1904 3
1907 1908 3
1911 1912 3
1915 1916 3
1919 1920 3
1923 1924 3
1927 1928 3
1931 1932 3
1935 1927 3
1939 1940 3
1943 1944 3
1947 1948 3
1951 1952 3
1955 1956 3
1959 1960 3
1963 1964 3
1967 1968 3
1971 1963 3
1975 1976 3
1979 1980 3
1983 1984 3
1987 1988 3
1991 1992 3
1995 1996 3
1999 2000 3
2003 2004 3
2007 1999 3
2011 2012 3
2015 2016 3
2019 2020 3
2023 2024 3
2027 2028 3
2031 2032 3
2035 2036 3
2039 2040 3
2043 2035 3
2047 2048 3
2051 2052 3
2055 2056 3
2059 2060 3
2063 2064 3
2067 2068 3
2071 2072 3
2075 2076 3
2079 2071 3
2083 2084 3
2087 2088 3
2091 2092 3
2095 2096 3
2099 2100 3
2103 2104 3
2107 2108 3
2111 2112 3
2115 2107 3
2119 2120 3
2123 2124 3
2127 2128 3
2131 2132 3
2135 2136 3
2139 2140 3
2143 2144 3
2147 2148 3
2151 2143 3
2155 2156 3
2159 2160 3
2163 2164 3
2167 2168 3
2171 2172 3
2175 2176 3
2179 2180 3
2183 2184 3
2187 2179 3
2191 2192 3
2195 2196 3
2199 2200 3
2203 2204 3
2207 2208 3
2211 2212 3
2215 2216 3
2219 2220 3
2223 2215 3
2227 2228 3
2231 2232 3
2235 2236 3
2239 2240 3
2243 2244 3
2247 2248 3
2251 2252 3
2255 2256 3
2259 2251 3
2263 2264 3
2267 2268 3
2271 2272 3
2275 2276 3
2279 2280 3
2283 2284 3
2287 2288 3
2291 2292 3
2295 2287 3
2299 2300 3
2303 2304 3
2307 2308 3
2311 2312 3
2315 2316 3
2319 2320 3
2323 2324 3
2327 2328 3
2331 2323 3
2335 2336 3
2339 2340 3
2343 2344 3
2347 2348 3
2351 2352 3
2355 2356 3
2359 2360 3
2363 2364 3
2367 2359 3
2371 2372 3
2375 2376 3
2379 2380 3
2383 2384 3
2387 2388 3
2391 2392 3
2395 2396 3
2399 2400 3
2403 2395 3
2407 2408 3
2411 2412 3
2415 2416 3
2419 2420 3
2423 2424 3
2427 2428 3
2431 2432 3
2435 2436 3
2439 2431 3
2443 2444 3
2447 2448 3
2451 2452 3
2455 2456 3
2459 2460 3
2463 2464 3
2467 2468 3
2471 2472 3
2475 2467 3
2479 2480 3
2483 2484 3
2487 2488 3
2491 2492 3
2495 2496 3
2499 2500 3
2503 2504 3
2507 2508 3
2511 2503 3
2515 2516 3
2519 2520 3
2523 2524 3
2527 2528 3
2531 2532 3
2535 2536 3
2539 2540 3
2543 2544 3
2547 2539 3
2551 2552 3
2555 2556 3
2559 2560 3
2563 2564 3
2567 2568 3
2571 2572 3
2575 2576 3
2579 2580 3
2583 2575 3
2587 2588 3
2591 2592 3
2595 2596 3
2599 2600 3
2603 2604 3
2607 2608 3
2611 2612 3
2615 2616 3
2619 2611 3
2623 2624 3
2627 2628 3
2631 2632 3
2635 2636 3
2639 2640 3
2643 2644 3
2647 2648 3
2651 2652 3
2655 2647 3
2659 2660 3
2663 2664 3
2667 2668 3
2671 2672 3
2675 2676 3
2679 2680 3
2683 2684 3
2687 2688 3
2691 2683 3
2695 2696 3
2699 2700 3
2703 2704 3
2707 2708 3
2711 2712 3
2715 2716 3
2719 2720 3
2723 2724 3
2727 2719 3
2731 2732 3
2735 2736 3
2739 2740 3
2743 2744 3
2747 2748 3
2751 2752 3
2755 2756 3
2759 2760 3
2763 2755 3
2767 2768 3
2771 2772 3
2775 2776 3
2779 2780 3
2783 2784 3
2787 2788 3
2791 2792 3
2795 2796 3
2799 2791 3
2803 2804 3
2807 2808 3
2811 2812 3
2815 2816 3
2819 2820 3
2823 2824 3
2827 2828 3
2831 2832 3
2835 2827 3
2839 2840 3
2843 2844 3
2847 2848 3
2851 2852 3
2855 2856 3
2859 2860 3
2863 2864 3
2867 2868 3
2871 2863 3
2875 2876 3
2879 2880 3
2883 2884 3
2887 2888 3
2891 2892 3
2895 2896 3
2899 2900 3
2903 2904 3
2907 2899 3
2911 2912 3
2915 2916 3
2919 2920 3
2923 2924 3
2927 2928 3
2931 2932 3
2935 2936 3
2939 2940 3
2943 2935 3
2947 2948 3
2951 2952 3
2955 2956 3
2959 2960 3
2963 2964 3
2967 2968 3
2971 2972 3
2975 2976 3
2979 2971 3
2983 2984 3
2987 2988 3
2991 2992 3
2995 2996 3
2999 3000 3
3003 3004 3
3007 3008 3
3011 3012 3
3015 3007 3
3019 3020 3
3023 3024 3
3027 3028 3
3031 3032 3
3035 3036 3
3039 3040 3
3043 3044 3
3047 3048 3
3051 3043 3
3055 3056 3
3059 3060 3
3063 3064 3
3067 3068 3
3071 3072 3
3075 3076 3
3079 3080 3
3083 3084 3
3087 3079 3
3091 3092 3
3095 3096 3
3099 3100 3
3103 3104 3
3107 3108 3
3111 3112 3
3115 3116 3
3119 3120 3
3123 3115 3
3127 3128 3
3131 3132 3
3135 3136 3
3139 3140 3
3143 3144 3
3147 3148 3
3151 3152 3
3155 3156 3
3159 3151 3
3163 3164 3
3167 3168 3
3171 3172 3
3175 3176 3
3179 3180 3
3183 3184 3
3187 3188 3
3191 3192 3
3195 3187 3
3199 3200 3
3203 3204 3
3207 3208 3
3211 3212 3
3215 3216 3
3219 3220 3
3223 3224 3
3227 3228 3
3231 3223 3
3235 3236 3
3239 3240 3
3243 3244 3
3247 3248 3
3251 3252 3
3255 3256 3
3259 3260 3
3263 3264 3
3267 3259 3
3271 3272 3
3275 3276 3
3279 3280 3
3283 3284 3
3287 3288 3
3291 3292 3
3295 3296 3
3299 3300 3
3303 3295 3
3307 3308 3
3311 3312 3
3315 3316 3
3319 3320 3
3323 3324 3
3327 3328 3
3331 3332 3
3335 3336 3
3339 3331 3
3343 3344 3
3347 3348 3
3351 3352 3
3355 3356 3
3359 3360 3
3363 3364 3
3367 3368 3
3371 3372 3
3375 3367 3
3379 3380 3
3383 3384 3
3387 3388 3
3391 3392 3
3395 3396 3
3399 3400 3
3403 3404 3
3407 3408 3
3411 3403 3
3415 3416 3
3419 3420 3
3423 3424 3
3427 3428 3
3431 3432 3
3435 3436 3
3439 3440 3
3443 3444 3
3447 3439 3
3451 3452 3
3455 3456 3
3459 3460 3
3463 3464 3
3467 3468 3
3471 3472 3
3475 3476 3
3479 3480 3
3483 3475 3
3487 3488 3
3491 3492 3
3495 3496 3
3499 3500 3
3503 3504 3
3507 3508 3
3511 3512 3
3515 3516 3
3519 3511 3
3523 3524 3
3527 3528 3
3531 3532 3
3535 3536 3
3539 3540 3
3543 3544 3
3547 3548 3
3551 3552 3
3555 3547 3
3559 3560 3
3563 3564 3
3567 3568 3
3571 3572 3
3575 3576 3
3579 3580 3
3583 3584 3
3587 3588 3
3591 3583 3
3595 3596 3
3599 3600 3
3603 3604 3
3607 3608 3
3611 3612 3
3615 3616 3
3619 3620 3
3623 3624 3
3627 3619 3
3631 3632 3
3635 3636 3
3639 3640 3
3643 3644 3
3647 3648 3
3651 3652 3
3655 3656 3
3659 3660 3
3663 3655 3
3667 3668 3
3671 3672 3
3675 3676 3
3679 3680 3
3683 3684 3
3687 3688 3
3691 3692 3
3695 3696 3
3699 3691 3
3703 3704 3
3707 3708 3
3711 3712 3
3715 3716 3
3719 3720 3
3723 3724 3
3727 3728 3
3731 3732 3
3735 3727 3
3739 3740 3
3743 3744 3
3747 3748 3
3751 3752 3
3755 3756 3
3759 3760 3
3763 3764 3
3767 3768 3
3771 3763 3
3775 3776 3
3779 3780 3
3783 3784 3
3787 3788 3
3791 3792 3
3795 3796 3
3799 3800 3
3803 3804 3
3807 3799 3
3811 3812 3
3815 3816 3
3819 3820 3
3823 3824 3
3827 3828 3
3831 3832 3
3835 3836 3
3839 3840 3
3843 3835 3
3847 3848 3
3851 3852 3
3855 3856 3
3859 3860 3
3863 3864 3
3867 3868 3
3871 3872 3
3875 3876 3
3879 3871 3
3883 3884 3
3887 3888 3
3891 3892 3
3895 3896 3
3899 3900 3
3903 3904 3
3907 3908 3
3911 3912 3
3915 3907 3
3919 3920 3
3923 3924 3
3927 3928 3
3931 3932 3
3935 3936 3
3939 3940 3
3943 3944 3
3947 3948 3
3951 3943 3
3955 3956 3
3959 3960 3
3963 3964 3
3967 3968 3
3971 3972 3
3975 3976 3
3979 3980 3
3983 3984 3
3987 3979 3
3991 3992 3
3995 3996 3
3999 4000 3
4003 4004 3
4007 4008 3
4011 4012 3
4015 4016 3
4019 4020 3
4023 4015 3
4027 4028 3
4031 4032 3
4035 4036 3
4039 4040 3
4043 4044 3
4047 4048 3
4051 4052 3
4055 4056 3
4059 4051 3
4063 4064 3
4067 4068 3
4071 4072 3
4075 4076 3
4079 4080 3
4083 4084 3
4087 4088 3
4091 4092 3
4095 4087 3
4099 4100 3
4103 4104 3
4107 4108 3
4111 4112 3
4115 4116 3
4119 4120 3
4123 4124 3
4127 4128 3
4131 4123 3
4135 4136 3
4139 4140 3
4143 4144 3
4147 4148 3
4151 4152 3
4155 4156 3
4159 4160 3
4163 4164 3
4167 4159 3
4171 4172 3
4175 4176 3
4179 4180 3
4183 4184 3
4187 4188 3
4191 4192 3
4195 4196 3
4199 4200 3
4203 4195 3
4207 4208 3
4211 4212 3
4215 4216 3
4219 4220 3
4223 4224 3
4227 4228 3
4231 4232 3
4235 4236 3
4239 4231 3
4243 4244 3
4247 4248 3
4251 4252 3
4255 4256 3
4259 4260 3
4263 4264 3
4267 4268 3
4271 4272 3
4275 4267 3
4279 4280 3
4283 4284 3
4287 4288 3
4291 4292 3
4295 4296 3
4299 4300 3
4303 4304 3
4307 4308 3
4311 4303 3
4315 4316 3
4319 4320 3
4323 4324 3
4327 4328 3
4331 4332 3
4335 4336 3
4339 4340 3
4343 4344 3
4347 4339 3
4351 4352 3
4355 4356 3
4359 4360 3
4363 4364 3
4367 4368 3
4371 4372 3
4375 4376 3
4379 4380 3
4383 4375 3
4387 4388 3
4391 4392 3
4395 4396 3
4399 4400 3
4403 4404 3
4407 4408 3
4411 4412 3
4415 4416 3
4419 4411 3
4423 4424 3
4427 4428 3
4431 4432 3
4435 4436 3
4439 4440 3
4443 4444 3
4447 4448 3
4451 4452 3
4455 4447 3
4459 4460 3
4463 4464 3
4467 4468 3
4471 4472 3
4475 4476 3
4479 4480 3
4483 4484 3
4487 4488 3
4491 4483 3
4495 4496 3
4499 4500 3
4503 4504 3
4507 4508 3
4511 4512 3
4515 4516 3
4519 4520 3
4523 4524 3
4527 4519 3
4531 4532 3
4535 4536 3
4539 4540 3
4543 4544 3
4547 4548 3
4551 4552 3
4555 4556 3
4559 4560 3
4563 4555 3
4567 4568 3
4571 4572 3
4575 4576 3
4579 4580 3
4583 4584 3
4587 4588 3
4591 4592 3
4595 4596 3
4599 4591 3
4603 4604 3
4607 4608 3
4611 4612 3
4615 4616 3
4619 4620 3
4623 4624 3
4627 4628 3
4631 4632 3
4635 4627 3
4639 4640 3
4643 4644 3
4647 4648 3
4651 4652 3
4655 4656 3
4659 4660 3
4663 4664 3
4667 4668 3
4671 4663 3
4675 4676 3
4679 4680 3
4683 4684 3
4687 4688 3
4691 4692 3
4695 4696 3
4699 4700 3
4703 4704 3
4707 4699 3
4711 4712 3
4715 4716 3
4719 4720 3
4723 4724 3
4727 4728 3
4731 4732 3
4735 4736 3
4739 4740 3
4743 4735 3
4747 4748 3
4751 4752 3
4755 4756 3
4759 4760 3
4763 4764 3
4767 4768 3
4771 4772 3
4775 4776 3
4779 4771 3
4783 4784 3
4787 4788 3
4791 4792 3
4795 4796 3
4799 4800 3
4803 4804 3
4807 4808 3
4811 4812 3
4815 4807 3
4819 4820 3
4823 4824 3
4827 4828 3
4831 4832 3
4835 4836 3
4839 4840 3
4843 4844 3
4847 4848 3
4851 4843 3
4855 4856 3
4859 4860 3
4863 4864 3
4867 4868 3
4871 4872 3
4875 4876 3
4879 4880 3
4883 4884 3
4887 4879 3
4891 4892 3
4895 4896 3
4899 4900 3
4903 4904 3
4907 4908 3
4911 4912 3
4915 4916 3
4919 4920 3
4923 4915 3
4927 4928 3
4931 4932 3
4935 4936 3
4939 4940 3
4943 4944 3
4947 4948 3
4951 4952 3
4955 4956 3
4959 4951 3
4963 4964 3
4967 4968 3
4971 4972 3
4975 4976 3
4979 4980 3
4983 4984 3
4987 4988 3
4991 4992 3
4995 4987 3
4999 5000 3
5003 5004 3
5007 5008 3
5011 5012 3
5015 5016 3
5019 5020 3
5023 5024 3
5027 5028 3
5031 5023 3
5035 5036 3
5039 5040 3
5043 5044 3
5047 5048 3
5051 5052 3
5055 5056 3
5059 5060 3
5063 5064 3
5067 5059 3
5071 5072 3
5075 5076 3
5079 5080 3
5083 5084 3
5087 5088 3
5091 5092 3
5095 5096 3
5099 5100 3
5103 5095 3
5107 5108 3
5111 5112 3
5115 5116 3
5119 5120 3
5123 5124 3
5127 5128 3
5131 5132 3
5135 5136 3
5139 5131 3
5143 5144 3
5147 5148 3
5151 5152 3
5155 5156 3
5159 5160 3
5163 5164 3
5167 5168 3
5171 5172 3
5175 5167 3
5179 5180 3
5183 5184 3
5187 5188 3
5191 5192 3
5195 5196 3
5199 5200 3
5203 5204 3
5207 5208 3
5211 5203 3
5215 5216 3
5219 5220 3
5223 5224 3
5227 5228 3
5231 5232 3
5235 5236 3
5239 5240 3
5243 5244 3
5247 5239 3
5251 5252 3
5255 5256 3
5259 5260 3
5263 5264 3
5267 5268 3
5271 5272 3
5275 5276 3
5279 5280 3
5283 5275 3
5287 5288 3
5291 5292 3
5295 5296 3
5299 5300 3
5303 5304 3
5307 5308 3
5311 5312 3
5315 5316 3
5319 5311 3
5323 5324 3
5327 5328 3
5331 5332 3
5335 5336 3
5339 5340 3
5343 5344 3
5347 5348 3
5351 5352 3
5355 5347 3
5359 5360 3
5363 5364 3
5367 5368 3
5371 5372 3
5375 5376 3
5379 5380 3
5383 5384 3
5387 5388 3
5391 5383 3
5395 5396 3
5399 5400 3
5403 5404 3
5407 5408 3
5411 5412 3
5415 5416 3
5419 5420 3
5423 5424 3
5427 5419 3
5431 5432 3
5435 5436 3
5439 5440 3
5443 5444 3
5447 5448 3
5451 5452 3
5455 5456 3
5459 5460 3
5463 5455 3
5467 5468 3
5471 5472 3
5475 5476 3
5479 5480 3
5483 5484 3
5487 5488 3
5491 5492 3
5495 5496 3
5499 5491 3
5503 5504 3
5507 5508 3
5511 5512 3
5515 5516 3
5519 5520 3
5523 5524 3
5527 5528 3
5531 5532 3
5535 5527 3
5539 5540 3
5543 5544 3
5547 5548 3
5551 5552 3
5555 5556 3
5559 5560 3
5563 5564 3
5567 5568 3
5571 5563 3
5575 5576 3
5579 5580 3
5583 5584 3
5587 5588 3
5591 5592 3
5595 5596 3
5599 5600 3
5603 5604 3
5607 5599 3
5611 5612 3
5615 5616 3
5619 5620 3
5623 5624 3
5627 5628 3
5631 5632 3
5635 5636 3
5639 5640 3
5643 5635 3
5647 5648 3
5651 5652 3
5655 5656 3
5659 5660 3
5663 5664 3
5667 5668 3
5671 5672 3
5675 5676 3
5679 5671 3
5683 5684 3
5687 5688 3
5691 5692 3
5695 5696 3
5699 5700 3
5703 5704 3
5707 5708 3
5711 5712 3
5715 5707 3
5719 5720 3
5723 5724 3
5727 5728 3
5731 5732 3
5735 5736 3
5739 5740 3
5743 5744 3
5747 5748 3
5751 5743 3
5755 5756 3
5759 5760 3
5763 5764 3
5767 5768 3
5771 5772 3
5775 5776 3
5779 5780 3
5783 5784 3
5787 5779 3
5791 5792 3
5795 5796 3
5799 5800 3
5803 5804 3
5807 5808 3
5811 5812 3
5815 5816 3
5819 5820 3
5823 5815 3
5827 5828 3
5831 5832 3
5835 5836 3
5839 5840 3
5843 5844 3
5847 5848 3
5851 5852 3
5855 5856 3
5859 5851 3
5863 5864 3
5867 5868 3
5871 5872 3
5875 5876 3
5879 5880 3
5883 5884 3
5887 5888 3
5891 5892 3
5895 5887 3
5899 5900 3
5903 5904 3
5907 5908 3
5911 5912 3
5915 5916 3
5919 5920 3
5923 5924 3
5927 5928 3
5931 5923 3
5935 5936 3
5939 5940 3
5943 5944 3
5947 5948 3
5951 5952 3
5955 5956 3
5959 5960 3
5963 5964 3
5967 5959 3
5971 5972 3
5975 5976 3
5979 5980 3
5983 5984 3
5987 5988 3
5991 5992 3
5995 5996 3
5999 6000 3
6003 5995 3
6007 6008 3
6011 6012 3
6015 6016 3
6019 6020 3
6023 6024 3
6027 6028 3
6031 6032 3
6035 6036 3
6039 6031 3
6043 6044 3
6047 6048 3
6051 6052 3
6055 6056 3
6059 6060 3
6063 6064 3
6067 6068 3
6071 6072 3
6075 6067 3
6079 6080 3
6083 6084 3
6087 6088 3
6091 6092 3
6095 6096 3
6099 6100 3
6103 6104 3
6107 6108 3
6111 6103 3
6115 6116 3
6119 6120 3
6123 6124 3
6127 6128 3
6131 6132 3
6135 6136 3
6139 6140 3
6143 6144 3
6147 6139 3
6151 6152 3
6155 6156 3
6159 6160 3
6163 6164 3
6167 6168 3
6171 6172 3
6175 6176 3
6179 6180 3
6183 6175 3
6187 6188 3
6191 6192 3
6195 6196 3
6199 6200 3
6203 6204 3
6207 6208 3
6211 6212 3
6215 6216 3
6219 6211 3
6223 6224 3
6227 6228 3
6231 6232 3
6235 6236 3
6239 6240 3
6243 6244 3
6247 6248 3
6251 6252 3
6255 6247 3
6259 6260 3
6263 6264 3
6267 6268 3
6271 6272 3
6275 6276 3
6279 6280 3
6283 6284 3
6287 6288 3
6291 6283 3
6295 6296 3
6299 6300 3
6303 6304 3
6307 6308 3
6311 6312 3
6315 6316 3
6319 6320 3
6323 6324 3
6327 6319 3
6331 6332 3
6335 6336 3
6339 6340 3
6343 6344 3
6347 6348 3
6351 6352 3
6355 6356 3
6359 6360 3
6363 6355 3
6367 6368 3
6371 6372 3
6375 6376 3
6379 6380 3
6383 6384 3
6387 6388 3
6391 6392 3
6395 6396 3
6399 6391 3
6403 6404 3
6407 6408 3
6411 6412 3
6415 6416 3
6419 6420 3
6423 6424 3
6427 6428 3
6431 6432 3
6435 6427 3
6439 6440 3
6443 6444 3
6447 6448 3
6451 6452 3
6455 6456 3
6459 6460 3
6463 6464 3
6467 6468 3
6471 6463 3
6475 6476 3
6479 6480 3
6483 6484 3
6487 6488 3
6491 6492 3
6495 6496 3
6499 6500 3
6503 6504 3
6507 6499 3
6511 6512 3
6515 6516 3
6519 6520 3
6523 6524 3
6527 6528 3
6531 6532 3
6535 6536 3
6539 6540 3
6543 6535 3
6547 6548 3
6551 6552 3
6555 6556 3
6559 6560 3
6563 6564 3
6567 6568 3
6571 6572 3
6575 6576 3
6579 6571 3
6583 6584 3
6587 6588 3
6591 6592 3
6595 6596 3
6599 6600 3
6603 6604 3
6607 6608 3
6611 6612 3
6615 6607 3
6619 6620 3
6623 6624 3
6627 6628 3
6631 6632 3
6635 6636 3
6639 6640 3
6643 6644 3
6647 6648 3
6651 6643 3
6655 6656 3
6659 6660 3
6663 6664 3
6667 6668 3
6671 6672 3
6675 6676 3
6679 6680 3
6683 6684 3
6687 6679 3
6691 6692 3
6695 6696 3
6699 6700 3
6703 6704 3
6707 6708 3
6711 6712 3
6715 6716 3
6719 6720 3
6723 6715 3
6727 6728 3
6731 6732 3
6735 6736 3
6739 6740 3
6743 6744 3
6747 6748 3
6751 6752 3
6755 6756 3
6759 6751 3
6763 6764 3
6767 6768 3
6771 6772 3
6775 6776 3
6779 6780 3
6783 6784 3
6787 6788 3
6791 6792 3
6795 6787 3
6799 6800 3
6803 6804 3
6807 6808 3
6811 6812 3
6815 6816 3
6819 6820 3
6823 6824 3
6827 6828 3
6831 6823 3
6835 6836 3
6839 6840 3
6843 6844 3
6847 6848 3
6851 6852 3
6855 6856 3
6859 6860 3
6863 6864 3
6867 6859 3
6871 6872 3
6875 6876 3
6879 6880 3
6883 6884 3
6887 6888 3
6891 6892 3
6895 6896 3
6899 6900 3
6903 6895 3
6907 6908 3
6911 6912 3
6915 6916 3
6919 6920 3
6923 6924 3
6927 6928 3
6931 6932 3
6935 6936 3
6939 6931 3
6943 6944 3
6947 6948 3
6951 6952 3
6955 6956 3
6959 6960 3
6963 6964 3
6967 6968 3
6971 6972 3
6975 6967 3
6979 6980 3
6983 6984 3
6987 6988 3
6991 6992 3
6995 6996 3
6999 7000 3
7003 7004 3
7007 7008 3
7011 7003 3
7015 7016 3
7019 7020 3
7023 7024 3
7027 7028 3
7031 7032 3
7035 7036 3
7039 7040 3
7043 7044 3
7047 7039 3
7051 7052 3
7055 7056 3
7059 7060 3
7063 7064 3
7067 7068 3
7071 7072 3
7075 7076 3
7079 7080 3
7083 7075 3
7087 7088 3
7091 7092 3
7095 7096 3
7099 7100 3
7103 7104 3
7107 7108 3
7111 7112 3
7115 7116 3
7119 7111 3
7123 7124 3
7127 7128 3
7131 7132 3
7135 7136 3
7139 7140 3
7143 7144 3
7147 7148 3
7151 7152 3
7155 7147 3
7159 7160 3
7163 7164 3
7167 7168 3
7171 7172 3
7175 7176 3
7179 7180 3
7183 7184 3
7187 7188 3
7191 7183 3
7195 7196 3
7199 7200 3
7203 7204 3
7207 7208 3
7211 7212 3
7215 7216 3
7219 7220 3
7223 7224 3
7227 7219 3
7231 7232 3
7235 7236 3
7239 7240 3
7243 7244 3
7247 7248 3
7251 7252 3
7255 7256 3
7259 7260 3
7263 7255 3
7267 7268 3
7271 7272 3
7275 7276 3
7279 7280 3
7283 7284 3
7287 7288 3
7291 7292 3
7295 7296 3
7299 7291 3
7303 7304 3
7307 7308 3
7311 7312 3
7315 7316 3
7319 7320 3
7323 7324 3
7327 7328 3
7331 7332 3
7335 7327 3
7339 7340 3
7343 7344 3
7347 7348 3
7351 7352 3
7355 7356 3
7359 7360 3
7363 7364 3
7367 7368 3
7371 7363 3
7375 7376 3
7379 7380 3
