1845
3690
2 3 3
2 19 3
2 20 3
2 21 3
2 22 3
2 23 3
2 24 3
2 25 3
2 26 3
2 27 3
6 7 3
6 55 3
6 56 3
6 57 3
6 58 3
6 59 3
6 60 3
6 61 3
6 62 3
6 63 3
10 11 3
10 91 3
10 92 3
10 93 3
10 94 3
10 95 3
10 96 3
10 97 3
10 98 3
10 99 3
14 15 3
14 127 3
14 128 3
14 129 3
14 130 3
14 131 3
14 132 3
14 133 3
14 134 3
14 135 3
18 10 3
18 163 3
18 164 3
18 165 3
18 166 3
18 167 3
18 168 3
18 169 3
18 170 3
18 171 3
22 23 3
22 199 3
22 200 3
22 201 3
22 202 3
22 203 3
22 204 3
22 205 3
22 206 3
22 207 3
26 27 3
26 235 3
26 236 3
26 237 3
26 238 3
26 239 3
26 240 3
26 241 3
26 242 3
26 243 3
30 31 3
30 271 3
30 272 3
30 273 3
30 274 3
30 275 3
30 276 3
30 277 3
30 278 3
30 279 3
34 35 3
34 307 3
34 308 3
34 309 3
34 310 3
34 311 3
34 312 3
34 313 3
34 314 3
34 315 3
38 39 3
38 343 3
38 344 3
38 345 3
38 346 3
38 347 3
38 348 3
38 349 3
38 350 3
38 351 3
42 43 3
42 379 3
42 380 3
42 381 3
42 382 3
42 383 3
42 384 3
42 385 3
42 386 3
42 387 3
46 47 3
46 415 3
46 416 3
46 417 3
46 418 3
46 419 3
46 420 3
46 421 3
46 422 3
46 423 3
50 51 3
50 451 3
50 452 3
50 453 3
50 454 3
50 455 3
50 456 3
50 457 3
50 458 3
50 459 3
54 46 3
54 487 3
54 488 3
54 489 3
54 490 3
54 491 3
54 492 3
54 493 3
54 494 3
54 495 3
58 59 3
58 523 3
58 524 3
58 525 3
58 526 3
58 527 3
58 528 3
58 529 3
58 530 3
58 531 3
62 63 3
62 559 3
62 560 3
62 561 3
62 562 3
62 563 3
62 564 3
62 565 3
62 566 3
62 567 3
66 67 3
66 595 3
66 596 3
66 597 3
66 598 3
66 599 3
66 600 3
66 601 3
66 602 3
66 603 3
70 71 3
70 631 3
70 632 3
70 633 3
70 634 3
70 635 3
70 636 3
70 637 3
70 638 3
70 639 3
74 75 3
74 667 3
74 668 3
74 669 3
74 670 3
74 671 3
74 672 3
74 673 3
74 674 3
74 675 3
78 79 3
78 703 3
78 704 3
78 705 3
78 706 3
78 707 3
78 708 3
78 709 3
78 710 3
78 711 3
82 83 3
82 739 3
82 740 3
82 741 3
82 742 3
82 743 3
82 744 3
82 745 3
82 746 3
82 747 3
86 87 3
86 775 3
86 776 3
86 777 3
86 778 3
86 779 3
86 780 3
86 781 3
86 782 3
86 783 3
90 82 3
90 811 3
90 812 3
90 813 3
90 814 3
90 815 3
90 816 3
90 817 3
90 818 3
90 819 3
94 95 3
94 847 3
94 848 3
94 849 3
94 850 3
94 851 3
94 852 3
94 853 3
94 854 3
94 855 3
98 99 3
98 883 3
98 884 3
98 885 3
98 886 3
98 887 3
98 888 3
98 889 3
98 890 3
98 891 3
102 103 3
102 919 3
102 920 3
102 921 3
102 922 3
102 923 3
102 924 3
102 925 3
102 926 3
102 927 3
106 107 3
106 955 3
106 956 3
106 957 3
106 958 3
106 959 3
106 960 3
106 961 3
106 962 3
106 963 3
110 111 3
110 991 3
110 992 3
110 993 3
110 994 3
110 995 3
110 996 3
110 997 3
110 998 3
110 999 3
114 115 3
114 1027 3
114 1028 3
114 1029 3
114 1030 3
114 1031 3
114 1032 3
114 1033 3
114 1034 3
114 1035 3
118 119 3
118 1063 3
118 1064 3
118 1065 3
118 1066 3
118 1067 3
118 1068 3
118 1069 3
118 1070 3
118 1071 3
122 123 3
122 1099 3
122 1100 3
122 1101 3
122 1102 3
122 1103 3
122 1104 3
122 1105 3
122 1106 3
122 1107 3
126 118 3
126 1135 3
126 1136 3
126 1137 3
126 1138 3
126 1139 3
126 1140 3
126 1141 3
126 1142 3
126 1143 3
130 131 3
130 1171 3
130 1172 3
130 1173 3
130 1174 3
130 1175 3
130 1176 3
130 1177 3
130 1178 3
130 1179 3
134 135 3
134 1207 3
134 1208 3
134 1209 3
134 1210 3
134 1211 3
134 1212 3
134 1213 3
134 1214 3
134 1215 3
138 139 3
138 1243 3
138 1244 3
138 1245 3
138 1246 3
138 1247 3
138 1248 3
138 1249 3
138 1250 3
138 1251 3
142 143 3
142 1279 3
142 1280 3
142 1281 3
142 1282 3
142 1283 3
142 1284 3
142 1285 3
142 1286 3
142 1287 3
146 147 3
146 1315 3
146 1316 3
146 1317 3
146 1318 3
146 1319 3
146 1320 3
146 1321 3
146 1322 3
146 1323 3
150 151 3
150 1351 3
150 1352 3
150 1353 3
150 1354 3
150 1355 3
150 1356 3
150 1357 3
150 1358 3
150 1359 3
154 155 3
154 1387 3
154 1388 3
154 1389 3
154 1390 3
154 1391 3
154 1392 3
154 1393 3
154 1394 3
154 1395 3
158 159 3
158 1423 3
158 1424 3
158 1425 3
158 1426 3
158 1427 3
158 1428 3
158 1429 3
158 1430 3
158 1431 3
162 154 3
162 1459 3
162 1460 3
162 1461 3
162 1462 3
162 1463 3
162 1464 3
162 1465 3
162 1466 3
162 1467 3
166 167 3
166 1495 3
166 1496 3
166 1497 3
166 1498 3
166 1499 3
166 1500 3
166 1501 3
166 1502 3
166 1503 3
170 171 3
170 1531 3
170 1532 3
170 1533 3
170 1534 3
170 1535 3
170 1536 3
170 1537 3
170 1538 3
170 1539 3
174 175 3
174 1567 3
174 1568 3
174 1569 3
174 1570 3
174 1571 3
174 1572 3
174 1573 3
174 1574 3
174 1575 3
178 179 3
178 1603 3
178 1604 3
178 1605 3
178 1606 3
178 1607 3
178 1608 3
178 1609 3
178 1610 3
178 1611 3
182 183 3
182 1639 3
182 1640 3
182 1641 3
182 1642 3
182 1643 3
182 1644 3
182 1645 3
182 1646 3
182 1647 3
186 187 3
186 1675 3
186 1676 3
186 1677 3
186 1678 3
186 1679 3
186 1680 3
186 1681 3
186 1682 3
186 1683 3
190 191 3
190 1711 3
190 1712 3
190 1713 3
190 1714 3
190 1715 3
190 1716 3
190 1717 3
190 1718 3
190 1719 3
194 195 3
194 1747 3
194 1748 3
194 1749 3
194 1750 3
194 1751 3
194 1752 3
194 1753 3
194 1754 3
194 1755 3
198 190 3
198 1783 3
198 1784 3
198 1785 3
198 1786 3
198 1787 3
198 1788 3
198 1789 3
198 1790 3
198 1791 3
202 203 3
202 1819 3
202 1820 3
202 1821 3
202 1822 3
202 1823 3
202 1824 3
202 1825 3
202 1826 3
202 1827 3
206 207 3
206 1855 3
206 1856 3
206 1857 3
206 1858 3
206 1859 3
206 1860 3
206 1861 3
206 1862 3
206 1863 3
210 211 3
210 1891 3
210 1892 3
210 1893 3
210 1894 3
210 1895 3
210 1896 3
210 1897 3
210 1898 3
210 1899 3
214 215 3
214 1927 3
214 1928 3
214 1929 3
214 1930 3
214 1931 3
214 1932 3
214 1933 3
214 1934 3
214 1935 3
218 219 3
218 1963 3
218 1964 3
218 1965 3
218 1966 3
218 1967 3
218 1968 3
218 1969 3
218 1970 3
218 1971 3
222 223 3
222 1999 3
222 2000 3
222 2001 3
222 2002 3
222 2003 3
222 2004 3
222 2005 3
222 2006 3
222 2007 3
226 227 3
226 2035 3
226 2036 3
226 2037 3
226 2038 3
226 2039 3
226 2040 3
226 2041 3
226 2042 3
226 2043 3
230 231 3
230 2071 3
230 2072 3
230 2073 3
230 2074 3
230 2075 3
230 2076 3
230 2077 3
230 2078 3
230 2079 3
234 226 3
234 2107 3
234 2108 3
234 2109 3
234 2110 3
234 2111 3
234 2112 3
234 2113 3
234 2114 3
234 2115 3
238 239 3
238 2143 3
238 2144 3
238 2145 3
238 2146 3
238 2147 3
238 2148 3
238 2149 3
238 2150 3
238 2151 3
242 243 3
242 2179 3
242 2180 3
242 2181 3
242 2182 3
242 2183 3
242 2184 3
242 2185 3
242 2186 3
242 2187 3
246 247 3
246 2215 3
246 2216 3
246 2217 3
246 2218 3
246 2219 3
246 2220 3
246 2221 3
246 2222 3
246 2223 3
250 251 3
250 2251 3
250 2252 3
250 2253 3
250 2254 3
250 2255 3
250 2256 3
250 2257 3
250 2258 3
250 2259 3
254 255 3
254 2287 3
254 2288 3
254 2289 3
254 2290 3
254 2291 3
254 2292 3
254 2293 3
254 2294 3
254 2295 3
258 259 3
258 2323 3
258 2324 3
258 2325 3
258 2326 3
258 2327 3
258 2328 3
258 2329 3
258 2330 3
258 2331 3
262 263 3
262 2359 3
262 2360 3
262 2361 3
262 2362 3
262 2363 3
262 2364 3
262 2365 3
262 2366 3
262 2367 3
266 267 3
266 2395 3
266 2396 3
266 2397 3
266 2398 3
266 2399 3
266 2400 3
266 2401 3
266 2402 3
266 2403 3
270 262 3
270 2431 3
270 2432 3
270 2433 3
270 2434 3
270 2435 3
270 2436 3
270 2437 3
270 2438 3
270 2439 3
274 275 3
274 2467 3
274 2468 3
274 2469 3
274 2470 3
274 2471 3
274 2472 3
274 2473 3
274 2474 3
274 2475 3
278 279 3
278 2503 3
278 2504 3
278 2505 3
278 2506 3
278 2507 3
278 2508 3
278 2509 3
278 2510 3
278 2511 3
282 283 3
282 2539 3
282 2540 3
282 2541 3
282 2542 3
282 2543 3
282 2544 3
282 2545 3
282 2546 3
282 2547 3
286 287 3
286 2575 3
286 2576 3
286 2577 3
286 2578 3
286 2579 3
286 2580 3
286 2581 3
286 2582 3
286 2583 3
290 291 3
290 2611 3
290 2612 3
290 2613 3
290 2614 3
290 2615 3
290 2616 3
290 2617 3
290 2618 3
290 2619 3
294 295 3
294 2647 3
294 2648 3
294 2649 3
294 2650 3
294 2651 3
294 2652 3
294 2653 3
294 2654 3
294 2655 3
298 299 3
298 2683 3
298 2684 3
298 2685 3
298 2686 3
298 2687 3
298 2688 3
298 2689 3
298 2690 3
298 2691 3
302 303 3
302 2719 3
302 2720 3
302 2721 3
302 2722 3
302 2723 3
302 2724 3
302 2725 3
302 2726 3
302 2727 3
306 298 3
306 2755 3
306 2756 3
306 2757 3
306 2758 3
306 2759 3
306 2760 3
306 2761 3
306 2762 3
306 2763 3
310 311 3
310 2791 3
310 2792 3
310 2793 3
310 2794 3
310 2795 3
310 2796 3
310 2797 3
310 2798 3
310 2799 3
314 315 3
314 2827 3
314 2828 3
314 2829 3
314 2830 3
314 2831 3
314 2832 3
314 2833 3
314 2834 3
314 2835 3
318 319 3
318 2863 3
318 2864 3
318 2865 3
318 2866 3
318 2867 3
318 2868 3
318 2869 3
318 2870 3
318 2871 3
322 323 3
322 2899 3
322 2900 3
322 2901 3
322 2902 3
322 2903 3
322 2904 3
322 2905 3
322 2906 3
322 2907 3
326 327 3
326 2935 3
326 2936 3
326 2937 3
326 2938 3
326 2939 3
326 2940 3
326 2941 3
326 2942 3
326 2943 3
330 331 3
330 2971 3
330 2972 3
330 2973 3
330 2974 3
330 2975 3
330 2976 3
330 2977 3
330 2978 3
330 2979 3
334 335 3
334 3007 3
334 3008 3
334 3009 3
334 3010 3
334 3011 3
334 3012 3
334 3013 3
334 3014 3
334 3015 3
338 339 3
338 3043 3
338 3044 3
338 3045 3
338 3046 3
338 3047 3
338 3048 3
338 3049 3
338 3050 3
338 3051 3
342 334 3
342 3079 3
342 3080 3
342 3081 3
342 3082 3
342 3083 3
342 3084 3
342 3085 3
342 3086 3
342 3087 3
346 347 3
346 3115 3
346 3116 3
346 3117 3
346 3118 3
346 3119 3
346 3120 3
346 3121 3
346 3122 3
346 3123 3
350 351 3
350 3151 3
350 3152 3
350 3153 3
350 3154 3
350 3155 3
350 3156 3
350 3157 3
350 3158 3
350 3159 3
354 355 3
354 3187 3
354 3188 3
354 3189 3
354 3190 3
354 3191 3
354 3192 3
354 3193 3
354 3194 3
354 3195 3
358 359 3
358 3223 3
358 3224 3
358 3225 3
358 3226 3
358 3227 3
358 3228 3
358 3229 3
358 3230 3
358 3231 3
362 363 3
362 3259 3
362 3260 3
362 3261 3
362 3262 3
362 3263 3
362 3264 3
362 3265 3
362 3266 3
362 3267 3
366 367 3
366 3295 3
366 3296 3
366 3297 3
366 3298 3
366 3299 3
366 3300 3
366 3301 3
366 3302 3
366 3303 3
370 371 3
370 3331 3
370 3332 3
370 3333 3
370 3334 3
370 3335 3
370 3336 3
370 3337 3
370 3338 3
370 3339 3
374 375 3
374 3367 3
374 3368 3
374 3369 3
374 3370 3
374 3371 3
374 3372 3
374 3373 3
374 3374 3
374 3375 3
378 370 3
378 3403 3
378 3404 3
378 3405 3
378 3406 3
378 3407 3
378 3408 3
378 3409 3
378 3410 3
378 3411 3
382 383 3
382 3439 3
382 3440 3
382 3441 3
382 3442 3
382 3443 3
382 3444 3
382 3445 3
382 3446 3
382 3447 3
386 387 3
386 3475 3
386 3476 3
386 3477 3
386 3478 3
386 3479 3
386 3480 3
386 3481 3
386 3482 3
386 3483 3
390 391 3
390 3511 3
390 3512 3
390 3513 3
390 3514 3
390 3515 3
390 3516 3
390 3517 3
390 3518 3
390 3519 3
394 395 3
394 3547 3
394 3548 3
394 3549 3
394 3550 3
394 3551 3
394 3552 3
394 3553 3
394 3554 3
394 3555 3
398 399 3
398 3583 3
398 3584 3
398 3585 3
398 3586 3
398 3587 3
398 3588 3
398 3589 3
398 3590 3
398 3591 3
402 403 3
402 3619 3
402 3620 3
402 3621 3
402 3622 3
402 3623 3
402 3624 3
402 3625 3
402 3626 3
402 3627 3
406 407 3
406 3655 3
406 3656 3
406 3657 3
406 3658 3
406 3659 3
406 3660 3
406 3661 3
406 3662 3
406 3663 3
410 411 3
410 3691 3
410 3692 3
410 3693 3
410 3694 3
410 3695 3
410 3696 3
410 3697 3
410 3698 3
410 3699 3
414 406 3
414 3727 3
414 3728 3
414 3729 3
414 3730 3
414 3731 3
414 3732 3
414 3733 3
414 3734 3
414 3735 3
418 419 3
418 3763 3
418 3764 3
418 3765 3
418 3766 3
418 3767 3
418 3768 3
418 3769 3
418 3770 3
418 3771 3
422 423 3
422 3799 3
422 3800 3
422 3801 3
422 3802 3
422 3803 3
422 3804 3
422 3805 3
422 3806 3
422 3807 3
426 427 3
426 3835 3
426 3836 3
426 3837 3
426 3838 3
426 3839 3
426 3840 3
426 3841 3
426 3842 3
426 3843 3
430 431 3
430 3871 3
430 3872 3
430 3873 3
430 3874 3
430 3875 3
430 3876 3
430 3877 3
430 3878 3
430 3879 3
434 435 3
434 3907 3
434 3908 3
434 3909 3
434 3910 3
434 3911 3
434 3912 3
434 3913 3
434 3914 3
434 3915 3
438 439 3
438 3943 3
438 3944 3
438 3945 3
438 3946 3
438 3947 3
438 3948 3
438 3949 3
438 3950 3
438 3951 3
442 443 3
442 3979 3
442 3980 3
442 3981 3
442 3982 3
442 3983 3
442 3984 3
442 3985 3
442 3986 3
442 3987 3
446 447 3
446 4015 3
446 4016 3
446 4017 3
446 4018 3
446 4019 3
446 4020 3
446 4021 3
446 4022 3
446 4023 3
450 442 3
450 4051 3
450 4052 3
450 4053 3
450 4054 3
450 4055 3
450 4056 3
450 4057 3
450 4058 3
450 4059 3
454 455 3
454 4087 3
454 4088 3
454 4089 3
454 4090 3
454 4091 3
454 4092 3
454 4093 3
454 4094 3
454 4095 3
458 459 3
458 4123 3
458 4124 3
458 4125 3
458 4126 3
458 4127 3
458 4128 3
458 4129 3
458 4130 3
458 4131 3
462 463 3
462 4159 3
462 4160 3
462 4161 3
462 4162 3
462 4163 3
462 4164 3
462 4165 3
462 4166 3
462 4167 3
466 467 3
466 4195 3
466 4196 3
466 4197 3
466 4198 3
466 4199 3
466 4200 3
466 4201 3
466 4202 3
466 4203 3
470 471 3
470 4231 3
470 4232 3
470 4233 3
470 4234 3
470 4235 3
470 4236 3
470 4237 3
470 4238 3
470 4239 3
474 475 3
474 4267 3
474 4268 3
474 4269 3
474 4270 3
474 4271 3
474 4272 3
474 4273 3
474 4274 3
474 4275 3
478 479 3
478 4303 3
478 4304 3
478 4305 3
478 4306 3
478 4307 3
478 4308 3
478 4309 3
478 4310 3
478 4311 3
482 483 3
482 4339 3
482 4340 3
482 4341 3
482 4342 3
482 4343 3
482 4344 3
482 4345 3
482 4346 3
482 4347 3
486 478 3
486 4375 3
486 4376 3
486 4377 3
486 4378 3
486 4379 3
486 4380 3
486 4381 3
486 4382 3
486 4383 3
490 491 3
490 4411 3
490 4412 3
490 4413 3
490 4414 3
490 4415 3
490 4416 3
490 4417 3
490 4418 3
490 4419 3
494 495 3
494 4447 3
494 4448 3
494 4449 3
494 4450 3
494 4451 3
494 4452 3
494 4453 3
494 4454 3
494 4455 3
498 499 3
498 4483 3
498 4484 3
498 4485 3
498 4486 3
498 4487 3
498 4488 3
498 4489 3
498 4490 3
498 4491 3
502 503 3
502 4519 3
502 4520 3
502 4521 3
502 4522 3
502 4523 3
502 4524 3
502 4525 3
502 4526 3
502 4527 3
506 507 3
506 4555 3
506 4556 3
506 4557 3
506 4558 3
506 4559 3
506 4560 3
506 4561 3
506 4562 3
506 4563 3
510 511 3
510 4591 3
510 4592 3
510 4593 3
510 4594 3
510 4595 3
510 4596 3
510 4597 3
510 4598 3
510 4599 3
514 515 3
514 4627 3
514 4628 3
514 4629 3
514 4630 3
514 4631 3
514 4632 3
514 4633 3
514 4634 3
514 4635 3
518 519 3
518 4663 3
518 4664 3
518 4665 3
518 4666 3
518 4667 3
518 4668 3
518 4669 3
518 4670 3
518 4671 3
522 514 3
522 4699 3
522 4700 3
522 4701 3
522 4702 3
522 4703 3
522 4704 3
522 4705 3
522 4706 3
522 4707 3
526 527 3
526 4735 3
526 4736 3
526 4737 3
526 4738 3
526 4739 3
526 4740 3
526 4741 3
526 4742 3
526 4743 3
530 531 3
530 4771 3
530 4772 3
530 4773 3
530 4774 3
530 4775 3
530 4776 3
530 4777 3
530 4778 3
530 4779 3
534 535 3
534 4807 3
534 4808 3
534 4809 3
534 4810 3
534 4811 3
534 4812 3
534 4813 3
534 4814 3
534 4815 3
538 539 3
538 4843 3
538 4844 3
538 4845 3
538 4846 3
538 4847 3
538 4848 3
538 4849 3
538 4850 3
538 4851 3
542 543 3
542 4879 3
542 4880 3
542 4881 3
542 4882 3
542 4883 3
542 4884 3
542 4885 3
542 4886 3
542 4887 3
546 547 3
546 4915 3
546 4916 3
546 4917 3
546 4918 3
546 4919 3
546 4920 3
546 4921 3
546 4922 3
546 4923 3
550 551 3
550 4951 3
550 4952 3
550 4953 3
550 4954 3
550 4955 3
550 4956 3
550 4957 3
550 4958 3
550 4959 3
554 555 3
554 4987 3
554 4988 3
554 4989 3
554 4990 3
554 4991 3
554 4992 3
554 4993 3
554 4994 3
554 4995 3
558 550 3
558 5023 3
558 5024 3
558 5025 3
558 5026 3
558 5027 3
558 5028 3
558 5029 3
558 5030 3
558 5031 3
562 563 3
562 5059 3
562 5060 3
562 5061 3
562 5062 3
562 5063 3
562 5064 3
562 5065 3
562 5066 3
562 5067 3
566 567 3
566 5095 3
566 5096 3
566 5097 3
566 5098 3
566 5099 3
566 5100 3
566 5101 3
566 5102 3
566 5103 3
570 571 3
570 5131 3
570 5132 3
570 5133 3
570 5134 3
570 5135 3
570 5136 3
570 5137 3
570 5138 3
570 5139 3
574 575 3
574 5167 3
574 5168 3
574 5169 3
574 5170 3
574 5171 3
574 5172 3
574 5173 3
574 5174 3
574 5175 3
578 579 3
578 5203 3
578 5204 3
578 5205 3
578 5206 3
578 5207 3
578 5208 3
578 5209 3
578 5210 3
578 5211 3
582 583 3
582 5239 3
582 5240 3
582 5241 3
582 5242 3
582 5243 3
582 5244 3
582 5245 3
582 5246 3
582 5247 3
586 587 3
586 5275 3
586 5276 3
586 5277 3
586 5278 3
586 5279 3
586 5280 3
586 5281 3
586 5282 3
586 5283 3
590 591 3
590 5311 3
590 5312 3
590 5313 3
590 5314 3
590 5315 3
590 5316 3
590 5317 3
590 5318 3
590 5319 3
594 586 3
594 5347 3
594 5348 3
594 5349 3
594 5350 3
594 5351 3
594 5352 3
594 5353 3
594 5354 3
594 5355 3
598 599 3
598 5383 3
598 5384 3
598 5385 3
598 5386 3
598 5387 3
598 5388 3
598 5389 3
598 5390 3
598 5391 3
602 603 3
602 5419 3
602 5420 3
602 5421 3
602 5422 3
602 5423 3
602 5424 3
602 5425 3
602 5426 3
602 5427 3
606 607 3
606 5455 3
606 5456 3
606 5457 3
606 5458 3
606 5459 3
606 5460 3
606 5461 3
606 5462 3
606 5463 3
610 611 3
610 5491 3
610 5492 3
610 5493 3
610 5494 3
610 5495 3
610 5496 3
610 5497 3
610 5498 3
610 5499 3
614 615 3
614 5527 3
614 5528 3
614 5529 3
614 5530 3
614 5531 3
614 5532 3
614 5533 3
614 5534 3
614 5535 3
618 619 3
618 5563 3
618 5564 3
618 5565 3
618 5566 3
618 5567 3
618 5568 3
618 5569 3
618 5570 3
618 5571 3
622 623 3
622 5599 3
622 5600 3
622 5601 3
622 5602 3
622 5603 3
622 5604 3
622 5605 3
622 5606 3
622 5607 3
626 627 3
626 5635 3
626 5636 3
626 5637 3
626 5638 3
626 5639 3
626 5640 3
626 5641 3
626 5642 3
626 5643 3
630 622 3
630 5671 3
630 5672 3
630 5673 3
630 5674 3
630 5675 3
630 5676 3
630 5677 3
630 5678 3
630 5679 3
634 635 3
634 5707 3
634 5708 3
634 5709 3
634 5710 3
634 5711 3
634 5712 3
634 5713 3
634 5714 3
634 5715 3
638 639 3
638 5743 3
638 5744 3
638 5745 3
638 5746 3
638 5747 3
638 5748 3
638 5749 3
638 5750 3
638 5751 3
642 643 3
642 5779 3
642 5780 3
642 5781 3
642 5782 3
642 5783 3
642 5784 3
642 5785 3
642 5786 3
642 5787 3
646 647 3
646 5815 3
646 5816 3
646 5817 3
646 5818 3
646 5819 3
646 5820 3
646 5821 3
646 5822 3
646 5823 3
650 651 3
650 5851 3
650 5852 3
650 5853 3
650 5854 3
650 5855 3
650 5856 3
650 5857 3
650 5858 3
650 5859 3
654 655 3
654 5887 3
654 5888 3
654 5889 3
654 5890 3
654 5891 3
654 5892 3
654 5893 3
654 5894 3
654 5895 3
658 659 3
658 5923 3
658 5924 3
658 5925 3
658 5926 3
658 5927 3
658 5928 3
658 5929 3
658 5930 3
658 5931 3
662 663 3
662 5959 3
662 5960 3
662 5961 3
662 5962 3
662 5963 3
662 5964 3
662 5965 3
662 5966 3
662 5967 3
666 658 3
666 5995 3
666 5996 3
666 5997 3
666 5998 3
666 5999 3
666 6000 3
666 6001 3
666 6002 3
666 6003 3
670 671 3
670 6031 3
670 6032 3
670 6033 3
670 6034 3
670 6035 3
670 6036 3
670 6037 3
670 6038 3
670 6039 3
674 675 3
674 6067 3
674 6068 3
674 6069 3
674 6070 3
674 6071 3
674 6072 3
674 6073 3
674 6074 3
674 6075 3
678 679 3
678 6103 3
678 6104 3
678 6105 3
678 6106 3
678 6107 3
678 6108 3
678 6109 3
678 6110 3
678 6111 3
682 683 3
682 6139 3
682 6140 3
682 6141 3
682 6142 3
682 6143 3
682 6144 3
682 6145 3
682 6146 3
682 6147 3
686 687 3
686 6175 3
686 6176 3
686 6177 3
686 6178 3
686 6179 3
686 6180 3
686 6181 3
686 6182 3
686 6183 3
690 691 3
690 6211 3
690 6212 3
690 6213 3
690 6214 3
690 6215 3
690 6216 3
690 6217 3
690 6218 3
690 6219 3
694 695 3
694 6247 3
694 6248 3
694 6249 3
694 6250 3
694 6251 3
694 6252 3
694 6253 3
694 6254 3
694 6255 3
698 699 3
698 6283 3
698 6284 3
698 6285 3
698 6286 3
698 6287 3
698 6288 3
698 6289 3
698 6290 3
698 6291 3
702 694 3
702 6319 3
702 6320 3
702 6321 3
702 6322 3
702 6323 3
702 6324 3
702 6325 3
702 6326 3
702 6327 3
706 707 3
706 6355 3
706 6356 3
706 6357 3
706 6358 3
706 6359 3
706 6360 3
706 6361 3
706 6362 3
706 6363 3
710 711 3
710 6391 3
710 6392 3
710 6393 3
710 6394 3
710 6395 3
710 6396 3
710 6397 3
710 6398 3
710 6399 3
714 715 3
714 6427 3
714 6428 3
714 6429 3
714 6430 3
714 6431 3
714 6432 3
714 6433 3
714 6434 3
714 6435 3
718 719 3
718 6463 3
718 6464 3
718 6465 3
718 6466 3
718 6467 3
718 6468 3
718 6469 3
718 6470 3
718 6471 3
722 723 3
722 6499 3
722 6500 3
722 6501 3
722 6502 3
722 6503 3
722 6504 3
722 6505 3
722 6506 3
722 6507 3
726 727 3
726 6535 3
726 6536 3
726 6537 3
726 6538 3
726 6539 3
726 6540 3
726 6541 3
726 6542 3
726 6543 3
730 731 3
730 6571 3
730 6572 3
730 6573 3
730 6574 3
730 6575 3
730 6576 3
730 6577 3
730 6578 3
730 6579 3
734 735 3
734 6607 3
734 6608 3
734 6609 3
734 6610 3
734 6611 3
734 6612 3
734 6613 3
734 6614 3
734 6615 3
738 730 3
738 6643 3
738 6644 3
738 6645 3
738 6646 3
738 6647 3
738 6648 3
738 6649 3
738 6650 3
738 6651 3
742 743 3
742 6679 3
742 6680 3
742 6681 3
742 6682 3
742 6683 3
742 6684 3
742 6685 3
742 6686 3
742 6687 3
746 747 3
746 6715 3
746 6716 3
746 6717 3
746 6718 3
746 6719 3
746 6720 3
746 6721 3
746 6722 3
746 6723 3
750 751 3
750 6751 3
750 6752 3
750 6753 3
750 6754 3
750 6755 3
750 6756 3
750 6757 3
750 6758 3
750 6759 3
754 755 3
754 6787 3
754 6788 3
754 6789 3
754 6790 3
754 6791 3
754 6792 3
754 6793 3
754 6794 3
754 6795 3
758 759 3
758 6823 3
758 6824 3
758 6825 3
758 6826 3
758 6827 3
758 6828 3
758 6829 3
758 6830 3
758 6831 3
762 763 3
762 6859 3
762 6860 3
762 6861 3
762 6862 3
762 6863 3
762 6864 3
762 6865 3
762 6866 3
762 6867 3
766 767 3
766 6895 3
766 6896 3
766 6897 3
766 6898 3
766 6899 3
766 6900 3
766 6901 3
766 6902 3
766 6903 3
770 771 3
770 6931 3
770 6932 3
770 6933 3
770 6934 3
770 6935 3
770 6936 3
770 6937 3
770 6938 3
770 6939 3
774 766 3
774 6967 3
774 6968 3
774 6969 3
774 6970 3
774 6971 3
774 6972 3
774 6973 3
774 6974 3
774 6975 3
778 779 3
778 7003 3
778 7004 3
778 7005 3
778 7006 3
778 7007 3
778 7008 3
778 7009 3
778 7010 3
778 7011 3
782 783 3
782 7039 3
782 7040 3
782 7041 3
782 7042 3
782 7043 3
782 7044 3
782 7045 3
782 7046 3
782 7047 3
786 787 3
786 7075 3
786 7076 3
786 7077 3
786 7078 3
786 7079 3
786 7080 3
786 7081 3
786 7082 3
786 7083 3
790 791 3
790 7111 3
790 7112 3
790 7113 3
790 7114 3
790 7115 3
790 7116 3
790 7117 3
790 7118 3
790 7119 3
794 795 3
794 7147 3
794 7148 3
794 7149 3
794 7150 3
794 7151 3
794 7152 3
794 7153 3
794 7154 3
794 7155 3
798 799 3
798 7183 3
798 7184 3
798 7185 3
798 7186 3
798 7187 3
798 7188 3
798 7189 3
798 7190 3
798 7191 3
802 803 3
802 7219 3
802 7220 3
802 7221 3
802 7222 3
802 7223 3
802 7224 3
802 7225 3
802 7226 3
802 7227 3
806 807 3
806 7255 3
806 7256 3
806 7257 3
806 7258 3
806 7259 3
806 7260 3
806 7261 3
806 7262 3
806 7263 3
810 802 3
810 7291 3
810 7292 3
810 7293 3
810 7294 3
810 7295 3
810 7296 3
810 7297 3
810 7298 3
810 7299 3
814 815 3
814 7327 3
814 7328 3
814 7329 3
814 7330 3
814 7331 3
814 7332 3
814 7333 3
814 7334 3
814 7335 3
818 819 3
818 7363 3
818 7364 3
818 7365 3
818 7366 3
818 7367 3
818 7368 3
818 7369 3
818 7370 3
818 7371 3
822 823 3
826 827 3
830 831 3
834 835 3
838 839 3
842 843 3
846 838 3
850 851 3
854 855 3
858 859 3
862 863 3
866 867 3
870 871 3
874 875 3
878 879 3
882 874 3
886 887 3
890 891 3
894 895 3
898 899 3
902 903 3
906 907 3
910 911 3
914 915 3
918 910 3
922 923 3
926 927 3
930 931 3
934 935 3
938 939 3
942 943 3
946 947 3
950 951 3
954 946 3
958 959 3
962 963 3
966 967 3
970 971 3
974 975 3
978 979 3
982 983 3
986 987 3
990 982 3
994 995 3
998 999 3
1002 1003 3
1006 1007 3
1010 1011 3
1014 1015 3
1018 1019 3
1022 1023 3
1026 1018 3
1030 1031 3
1034 1035 3
1038 1039 3
1042 1043 3
1046 1047 3
1050 1051 3
1054 1055 3
1058 1059 3
1062 1054 3
1066 1067 3
1070 1071 3
1074 1075 3
1078 1079 3
1082 1083 3
1086 1087 3
1090 1091 3
1094 1095 3
1098 1090 3
1102 1103 3
1106 1107 3
1110 1111 3
1114 1115 3
1118 1119 3
1122 1123 3
1126 1127 3
1130 1131 3
1134 1126 3
1138 1139 3
1142 1143 3
1146 1147 3
1150 1151 3
1154 1155 3
1158 1159 3
1162 1163 3
1166 1167 3
1170 1162 3
1174 1175 3
1178 1179 3
1182 1183 3
1186 1187 3
1190 1191 3
1194 1195 3
1198 1199 3
1202 1203 3
1206 1198 3
1210 1211 3
1214 1215 3
1218 1219 3
1222 1223 3
1226 1227 3
1230 1231 3
1234 1235 3
1238 1239 3
1242 1234 3
1246 1247 3
1250 1251 3
1254 1255 3
1258 1259 3
1262 1263 3
1266 1267 3
1270 1271 3
1274 1275 3
1278 1270 3
1282 1283 3
1286 1287 3
1290 1291 3
1294 1295 3
1298 1299 3
1302 1303 3
1306 1307 3
1310 1311 3
1314 1306 3
1318 1319 3
1322 1323 3
1326 1327 3
1330 1331 3
1334 1335 3
1338 1339 3
1342 1343 3
1346 1347 3
1350 1342 3
1354 1355 3
1358 1359 3
1362 1363 3
1366 1367 3
1370 1371 3
1374 1375 3
1378 1379 3
1382 1383 3
1386 1378 3
1390 1391 3
1394 1395 3
1398 1399 3
1402 1403 3
1406 1407 3
1410 1411 3
1414 1415 3
1418 1419 3
1422 1414 3
1426 1427 3
1430 1431 3
1434 1435 3
1438 1439 3
1442 1443 3
1446 1447 3
1450 1451 3
1454 1455 3
1458 1450 3
1462 1463 3
1466 1467 3
1470 1471 3
1474 1475 3
1478 1479 3
1482 1483 3
1486 1487 3
1490 1491 3
1494 1486 3
1498 1499 3
1502 1503 3
1506 1507 3
1510 1511 3
1514 1515 3
1518 1519 3
1522 1523 3
1526 1527 3
1530 1522 3
1534 1535 3
1538 1539 3
1542 1543 3
1546 1547 3
1550 1551 3
1554 1555 3
1558 1559 3
1562 1563 3
1566 1558 3
1570 1571 3
1574 1575 3
1578 1579 3
1582 1583 3
1586 1587 3
1590 1591 3
1594 1595 3
1598 1599 3
1602 1594 3
1606 1607 3
1610 1611 3
1614 1615 3
1618 1619 3
1622 1623 3
1626 1627 3
1630 1631 3
1634 1635 3
1638 1630 3
1642 1643 3
1646 1647 3
1650 1651 3
1654 1655 3
1658 1659 3
1662 1663 3
1666 1667 3
1670 1671 3
1674 1666 3
1678 1679 3
1682 1683 3
1686 1687 3
1690 1691 3
1694 1695 3
1698 1699 3
1702 1703 3
1706 1707 3
1710 1702 3
1714 1715 3
1718 1719 3
1722 1723 3
1726 1727 3
1730 1731 3
1734 1735 3
1738 1739 3
1742 1743 3
1746 1738 3
1750 1751 3
1754 1755 3
1758 1759 3
1762 1763 3
1766 1767 3
1770 1771 3
1774 1775 3
1778 1779 3
1782 1774 3
1786 1787 3
1790 1791 3
1794 1795 3
1798 1799 3
1802 1803 3
1806 1807 3
1810 1811 3
1814 1815 3
1818 1810 3
1822 1823 3
1826 1827 3
1830 1831 3
1834 1835 3
1838 1839 3
1842 1843 3
1846 1847 3
1850 1851 3
1854 1846 3
1858 1859 3
1862 1863 3
1866 1867 3
1870 1871 3
1874 1875 3
1878 1879 3
1882 1883 3
1886 1887 3
1890 1882 3
1894 1895 3
1898 1899 3
1902 1903 3
1906 1907 3
1910 1911 3
1914 1915 3
1918 1919 3
1922 1923 3
1926 1918 3
1930 1931 3
1934 1935 3
1938 1939 3
1942 1943 3
1946 1947 3
1950 1951 3
1954 1955 3
1958 1959 3
1962 1954 3
1966 1967 3
1970 1971 3
1974 1975 3
1978 1979 3
1982 1983 3
1986 1987 3
1990 1991 3
1994 1995 3
1998 1990 3
2002 2003 3
2006 2007 3
2010 2011 3
2014 2015 3
2018 2019 3
2022 2023 3
2026 2027 3
2030 2031 3
2034 2026 3
2038 2039 3
2042 2043 3
2046 2047 3
2050 2051 3
2054 2055 3
2058 2059 3
2062 2063 3
2066 2067 3
2070 2062 3
2074 2075 3
2078 2079 3
2082 2083 3
2086 2087 3
2090 2091 3
2094 2095 3
2098 2099 3
2102 2103 3
2106 2098 3
2110 2111 3
2114 2115 3
2118 2119 3
2122 2123 3
2126 2127 3
2130 2131 3
2134 2135 3
2138 2139 3
2142 2134 3
2146 2147 3
2150 2151 3
2154 2155 3
2158 2159 3
2162 2163 3
2166 2167 3
2170 2171 3
2174 2175 3
2178 2170 3
2182 2183 3
2186 2187 3
2190 2191 3
2194 2195 3
2198 2199 3
2202 2203 3
2206 2207 3
2210 2211 3
2214 2206 3
2218 2219 3
2222 2223 3
2226 2227 3
2230 2231 3
2234 2235 3
2238 2239 3
2242 2243 3
2246 2247 3
2250 2242 3
2254 2255 3
2258 2259 3
2262 2263 3
2266 2267 3
2270 2271 3
2274 2275 3
2278 2279 3
2282 2283 3
2286 2278 3
2290 2291 3
2294 2295 3
2298 2299 3
2302 2303 3
2306 2307 3
2310 2311 3
2314 2315 3
2318 2319 3
2322 2314 3
2326 2327 3
2330 2331 3
2334 2335 3
2338 2339 3
2342 2343 3
2346 2347 3
2350 2351 3
2354 2355 3
2358 2350 3
2362 2363 3
2366 2367 3
2370 2371 3
2374 2375 3
2378 2379 3
2382 2383 3
2386 2387 3
2390 2391 3
2394 2386 3
2398 2399 3
2402 2403 3
2406 2407 3
2410 2411 3
2414 2415 3
2418 2419 3
2422 2423 3
2426 2427 3
2430 2422 3
2434 2435 3
2438 2439 3
2442 2443 3
2446 2447 3
2450 2451 3
2454 2455 3
2458 2459 3
2462 2463 3
2466 2458 3
2470 2471 3
2474 2475 3
2478 2479 3
2482 2483 3
2486 2487 3
2490 2491 3
2494 2495 3
2498 2499 3
2502 2494 3
2506 2507 3
2510 2511 3
2514 2515 3
2518 2519 3
2522 2523 3
2526 2527 3
2530 2531 3
2534 2535 3
2538 2530 3
2542 2543 3
2546 2547 3
2550 2551 3
2554 2555 3
2558 2559 3
2562 2563 3
2566 2567 3
2570 2571 3
2574 2566 3
2578 2579 3
2582 2583 3
2586 2587 3
2590 2591 3
2594 2595 3
2598 2599 3
2602 2603 3
2606 2607 3
2610 2602 3
2614 2615 3
2618 2619 3
2622 2623 3
2626 2627 3
2630 2631 3
2634 2635 3
2638 2639 3
2642 2643 3
2646 2638 3
2650 2651 3
2654 2655 3
2658 2659 3
2662 2663 3
2666 2667 3
2670 2671 3
2674 2675 3
2678 2679 3
2682 2674 3
2686 2687 3
2690 2691 3
2694 2695 3
2698 2699 3
2702 2703 3
2706 2707 3
2710 2711 3
2714 2715 3
2718 2710 3
2722 2723 3
2726 2727 3
2730 2731 3
2734 2735 3
2738 2739 3
2742 2743 3
2746 2747 3
2750 2751 3
2754 2746 3
2758 2759 3
2762 2763 3
2766 2767 3
2770 2771 3
2774 2775 3
2778 2779 3
2782 2783 3
2786 2787 3
2790 2782 3
2794 2795 3
2798 2799 3
2802 2803 3
2806 2807 3
2810 2811 3
2814 2815 3
2818 2819 3
2822 2823 3
2826 2818 3
2830 2831 3
2834 2835 3
2838 2839 3
2842 2843 3
2846 2847 3
2850 2851 3
2854 2855 3
2858 2859 3
2862 2854 3
2866 2867 3
2870 2871 3
2874 2875 3
2878 2879 3
2882 2883 3
2886 2887 3
2890 2891 3
2894 2895 3
2898 2890 3
2902 2903 3
2906 2907 3
2910 2911 3
2914 2915 3
2918 2919 3
2922 2923 3
2926 2927 3
2930 2931 3
2934 2926 3
2938 2939 3
2942 2943 3
2946 2947 3
2950 2951 3
2954 2955 3
2958 2959 3
2962 2963 3
2966 2967 3
2970 2962 3
2974 2975 3
2978 2979 3
2982 2983 3
2986 2987 3
2990 2991 3
2994 2995 3
2998 2999 3
3002 3003 3
3006 2998 3
3010 3011 3
3014 3015 3
3018 3019 3
3022 3023 3
3026 3027 3
3030 3031 3
3034 3035 3
3038 3039 3
3042 3034 3
3046 3047 3
3050 3051 3
3054 3055 3
3058 3059 3
3062 3063 3
3066 3067 3
3070 3071 3
3074 3075 3
3078 3070 3
3082 3083 3
3086 3087 3
3090 3091 3
3094 3095 3
3098 3099 3
3102 3103 3
3106 3107 3
3110 3111 3
3114 3106 3
3118 3119 3
3122 3123 3
3126 3127 3
3130 3131 3
3134 3135 3
3138 3139 3
3142 3143 3
3146 3147 3
3150 3142 3
3154 3155 3
3158 3159 3
3162 3163 3
3166 3167 3
3170 3171 3
3174 3175 3
3178 3179 3
3182 3183 3
3186 3178 3
3190 3191 3
3194 3195 3
3198 3199 3
3202 3203 3
3206 3207 3
3210 3211 3
3214 3215 3
3218 3219 3
3222 3214 3
3226 3227 3
3230 3231 3
3234 3235 3
3238 3239 3
3242 3243 3
3246 3247 3
3250 3251 3
3254 3255 3
3258 3250 3
3262 3263 3
3266 3267 3
3270 3271 3
3274 3275 3
3278 3279 3
3282 3283 3
3286 3287 3
3290 3291 3
3294 3286 3
3298 3299 3
3302 3303 3
3306 3307 3
3310 3311 3
3314 3315 3
3318 3319 3
3322 3323 3
3326 3327 3
3330 3322 3
3334 3335 3
3338 3339 3
3342 3343 3
3346 3347 3
3350 3351 3
3354 3355 3
3358 3359 3
3362 3363 3
3366 3358 3
3370 3371 3
3374 3375 3
3378 3379 3
3382 3383 3
3386 3387 3
3390 3391 3
3394 3395 3
3398 3399 3
3402 3394 3
3406 3407 3
3410 3411 3
3414 3415 3
3418 3419 3
3422 3423 3
3426 3427 3
3430 3431 3
3434 3435 3
3438 3430 3
3442 3443 3
3446 3447 3
3450 3451 3
3454 3455 3
3458 3459 3
3462 3463 3
3466 3467 3
3470 3471 3
3474 3466 3
3478 3479 3
3482 3483 3
3486 3487 3
3490 3491 3
3494 3495 3
3498 3499 3
3502 3503 3
3506 3507 3
3510 3502 3
3514 3515 3
3518 3519 3
3522 3523 3
3526 3527 3
3530 3531 3
3534 3535 3
3538 3539 3
3542 3543 3
3546 3538 3
3550 3551 3
3554 3555 3
3558 3559 3
3562 3563 3
3566 3567 3
3570 3571 3
3574 3575 3
3578 3579 3
3582 3574 3
3586 3587 3
3590 3591 3
3594 3595 3
3598 3599 3
3602 3603 3
3606 3607 3
3610 3611 3
3614 3615 3
3618 3610 3
3622 3623 3
3626 3627 3
3630 3631 3
3634 3635 3
3638 3639 3
3642 3643 3
3646 3647 3
3650 3651 3
3654 3646 3
3658 3659 3
3662 3663 3
3666 3667 3
3670 3671 3
3674 3675 3
3678 3679 3
3682 3683 3
3686 3687 3
3690 3682 3
3694 3695 3
3698 3699 3
3702 3703 3
3706 3707 3
3710 3711 3
3714 3715 3
3718 3719 3
3722 3723 3
3726 3718 3
3730 3731 3
3734 3735 3
3738 3739 3
3742 3743 3
3746 3747 3
3750 3751 3
3754 3755 3
3758 3759 3
3762 3754 3
3766 3767 3
3770 3771 3
3774 3775 3
3778 3779 3
3782 3783 3
3786 3787 3
3790 3791 3
3794 3795 3
3798 3790 3
3802 3803 3
3806 3807 3
3810 3811 3
3814 3815 3
3818 3819 3
3822 3823 3
3826 3827 3
3830 3831 3
3834 3826 3
3838 3839 3
3842 3843 3
3846 3847 3
3850 3851 3
3854 3855 3
3858 3859 3
3862 3863 3
3866 3867 3
3870 3862 3
3874 3875 3
3878 3879 3
3882 3883 3
3886 3887 3
3890 3891 3
3894 3895 3
3898 3899 3
3902 3903 3
3906 3898 3
3910 3911 3
3914 3915 3
3918 3919 3
3922 3923 3
3926 3927 3
3930 3931 3
3934 3935 3
3938 3939 3
3942 3934 3
3946 3947 3
3950 3951 3
3954 3955 3
3958 3959 3
3962 3963 3
3966 3967 3
3970 3971 3
3974 3975 3
3978 3970 3
3982 3983 3
3986 3987 3
3990 3991 3
3994 3995 3
3998 3999 3
4002 4003 3
4006 4007 3
4010 4011 3
4014 4006 3
4018 4019 3
4022 4023 3
4026 4027 3
4030 4031 3
4034 4035 3
4038 4039 3
4042 4043 3
4046 4047 3
4050 4042 3
4054 4055 3
4058 4059 3
4062 4063 3
4066 4067 3
4070 4071 3
4074 4075 3
4078 4079 3
4082 4083 3
4086 4078 3
4090 4091 3
4094 4095 3
4098 4099 3
4102 4103 3
4106 4107 3
4110 4111 3
4114 4115 3
4118 4119 3
4122 4114 3
4126 4127 3
4130 4131 3
4134 4135 3
4138 4139 3
4142 4143 3
4146 4147 3
4150 4151 3
4154 4155 3
4158 4150 3
4162 4163 3
4166 4167 3
4170 4171 3
4174 4175 3
4178 4179 3
4182 4183 3
4186 4187 3
4190 4191 3
4194 4186 3
4198 4199 3
4202 4203 3
4206 4207 3
4210 4211 3
4214 4215 3
4218 4219 3
4222 4223 3
4226 4227 3
4230 4222 3
4234 4235 3
4238 4239 3
4242 4243 3
4246 4247 3
4250 4251 3
4254 4255 3
4258 4259 3
4262 4263 3
4266 4258 3
4270 4271 3
4274 4275 3
4278 4279 3
4282 4283 3
4286 4287 3
4290 4291 3
4294 4295 3
4298 4299 3
4302 4294 3
4306 4307 3
4310 4311 3
4314 4315 3
4318 4319 3
4322 4323 3
4326 4327 3
4330 4331 3
4334 4335 3
4338 4330 3
4342 4343 3
4346 4347 3
4350 4351 3
4354 4355 3
4358 4359 3
4362 4363 3
4366 4367 3
4370 4371 3
4374 4366 3
4378 4379 3
4382 4383 3
4386 4387 3
4390 4391 3
4394 4395 3
4398 4399 3
4402 4403 3
4406 4407 3
4410 4402 3
4414 4415 3
4418 4419 3
4422 4423 3
4426 4427 3
4430 4431 3
4434 4435 3
4438 4439 3
4442 4443 3
4446 4438 3
4450 4451 3
4454 4455 3
4458 4459 3
4462 4463 3
4466 4467 3
4470 4471 3
4474 4475 3
4478 4479 3
4482 4474 3
4486 4487 3
4490 4491 3
4494 4495 3
4498 4499 3
4502 4503 3
4506 4507 3
4510 4511 3
4514 4515 3
4518 4510 3
4522 4523 3
4526 4527 3
4530 4531 3
4534 4535 3
4538 4539 3
4542 4543 3
4546 4547 3
4550 4551 3
4554 4546 3
4558 4559 3
4562 4563 3
4566 4567 3
4570 4571 3
4574 4575 3
4578 4579 3
4582 4583 3
4586 4587 3
4590 4582 3
4594 4595 3
4598 4599 3
4602 4603 3
4606 4607 3
4610 4611 3
4614 4615 3
4618 4619 3
4622 4623 3
4626 4618 3
4630 4631 3
4634 4635 3
4638 4639 3
4642 4643 3
4646 4647 3
4650 4651 3
4654 4655 3
4658 4659 3
4662 4654 3
4666 4667 3
4670 4671 3
4674 4675 3
4678 4679 3
4682 4683 3
4686 4687 3
4690 4691 3
4694 4695 3
4698 4690 3
4702 4703 3
4706 4707 3
4710 4711 3
4714 4715 3
4718 4719 3
4722 4723 3
4726 4727 3
4730 4731 3
4734 4726 3
4738 4739 3
4742 4743 3
4746 4747 3
4750 4751 3
4754 4755 3
4758 4759 3
4762 4763 3
4766 4767 3
4770 4762 3
4774 4775 3
4778 4779 3
4782 4783 3
4786 4787 3
4790 4791 3
4794 4795 3
4798 4799 3
4802 4803 3
4806 4798 3
4810 4811 3
4814 4815 3
4818 4819 3
4822 4823 3
4826 4827 3
4830 4831 3
4834 4835 3
4838 4839 3
4842 4834 3
4846 4847 3
4850 4851 3
4854 4855 3
4858 4859 3
4862 4863 3
4866 4867 3
4870 4871 3
4874 4875 3
4878 4870 3
4882 4883 3
4886 4887 3
4890 4891 3
4894 4895 3
4898 4899 3
4902 4903 3
4906 4907 3
4910 4911 3
4914 4906 3
4918 4919 3
4922 4923 3
4926 4927 3
4930 4931 3
4934 4935 3
4938 4939 3
4942 4943 3
4946 4947 3
4950 4942 3
4954 4955 3
4958 4959 3
4962 4963 3
4966 4967 3
4970 4971 3
4974 4975 3
4978 4979 3
4982 4983 3
4986 4978 3
4990 4991 3
4994 4995 3
4998 4999 3
5002 5003 3
5006 5007 3
5010 5011 3
5014 5015 3
5018 5019 3
5022 5014 3
5026 5027 3
5030 5031 3
5034 5035 3
5038 5039 3
5042 5043 3
5046 5047 3
5050 5051 3
5054 5055 3
5058 5050 3
5062 5063 3
5066 5067 3
5070 5071 3
5074 5075 3
5078 5079 3
5082 5083 3
5086 5087 3
5090 5091 3
5094 5086 3
5098 5099 3
5102 5103 3
5106 5107 3
5110 5111 3
5114 5115 3
5118 5119 3
5122 5123 3
5126 5127 3
5130 5122 3
5134 5135 3
5138 5139 3
5142 5143 3
5146 5147 3
5150 5151 3
5154 5155 3
5158 5159 3
5162 5163 3
5166 5158 3
5170 5171 3
5174 5175 3
5178 5179 3
5182 5183 3
5186 5187 3
5190 5191 3
5194 5195 3
5198 5199 3
5202 5194 3
5206 5207 3
5210 5211 3
5214 5215 3
5218 5219 3
5222 5223 3
5226 5227 3
5230 5231 3
5234 5235 3
5238 5230 3
5242 5243 3
5246 5247 3
5250 5251 3
5254 5255 3
5258 5259 3
5262 5263 3
5266 5267 3
5270 5271 3
5274 5266 3
5278 5279 3
5282 5283 3
5286 5287 3
5290 5291 3
5294 5295 3
5298 5299 3
5302 5303 3
5306 5307 3
5310 5302 3
5314 5315 3
5318 5319 3
5322 5323 3
5326 5327 3
5330 5331 3
5334 5335 3
5338 5339 3
5342 5343 3
5346 5338 3
5350 5351 3
5354 5355 3
5358 5359 3
5362 5363 3
5366 5367 3
5370 5371 3
5374 5375 3
5378 5379 3
5382 5374 3
5386 5387 3
5390 5391 3
5394 5395 3
5398 5399 3
5402 5403 3
5406 5407 3
5410 5411 3
5414 5415 3
5418 5410 3
5422 5423 3
5426 5427 3
5430 5431 3
5434 5435 3
5438 5439 3
5442 5443 3
5446 5447 3
5450 5451 3
5454 5446 3
5458 5459 3
5462 5463 3
5466 5467 3
5470 5471 3
5474 5475 3
5478 5479 3
5482 5483 3
5486 5487 3
5490 5482 3
5494 5495 3
5498 5499 3
5502 5503 3
5506 5507 3
5510 5511 3
5514 5515 3
5518 5519 3
5522 5523 3
5526 5518 3
5530 5531 3
5534 5535 3
5538 5539 3
5542 5543 3
5546 5547 3
5550 5551 3
5554 5555 3
5558 5559 3
5562 5554 3
5566 5567 3
5570 5571 3
5574 5575 3
5578 5579 3
5582 5583 3
5586 5587 3
5590 5591 3
5594 5595 3
5598 5590 3
5602 5603 3
5606 5607 3
5610 5611 3
5614 5615 3
5618 5619 3
5622 5623 3
5626 5627 3
5630 5631 3
5634 5626 3
5638 5639 3
5642 5643 3
5646 5647 3
5650 5651 3
5654 5655 3
5658 5659 3
5662 5663 3
5666 5667 3
5670 5662 3
5674 5675 3
5678 5679 3
5682 5683 3
5686 5687 3
5690 5691 3
5694 5695 3
5698 5699 3
5702 5703 3
5706 5698 3
5710 5711 3
5714 5715 3
5718 5719 3
5722 5723 3
5726 5727 3
5730 5731 3
5734 5735 3
5738 5739 3
5742 5734 3
5746 5747 3
5750 5751 3
5754 5755 3
5758 5759 3
5762 5763 3
5766 5767 3
5770 5771 3
5774 5775 3
5778 5770 3
5782 5783 3
5786 5787 3
5790 5791 3
5794 5795 3
5798 5799 3
5802 5803 3
5806 5807 3
5810 5811 3
5814 5806 3
5818 5819 3
5822 5823 3
5826 5827 3
5830 5831 3
5834 5835 3
5838 5839 3
5842 5843 3
5846 5847 3
5850 5842 3
5854 5855 3
5858 5859 3
5862 5863 3
5866 5867 3
5870 5871 3
5874 5875 3
5878 5879 3
5882 5883 3
5886 5878 3
5890 5891 3
5894 5895 3
5898 5899 3
5902 5903 3
5906 5907 3
5910 5911 3
5914 5915 3
5918 5919 3
5922 5914 3
5926 5927 3
5930 5931 3
5934 5935 3
5938 5939 3
5942 5943 3
5946 5947 3
5950 5951 3
5954 5955 3
5958 5950 3
5962 5963 3
5966 5967 3
5970 5971 3
5974 5975 3
5978 5979 3
5982 5983 3
5986 5987 3
5990 5991 3
5994 5986 3
5998 5999 3
6002 6003 3
6006 6007 3
6010 6011 3
6014 6015 3
6018 6019 3
6022 6023 3
6026 6027 3
6030 6022 3
6034 6035 3
6038 6039 3
6042 6043 3
6046 6047 3
6050 6051 3
6054 6055 3
6058 6059 3
6062 6063 3
6066 6058 3
6070 6071 3
6074 6075 3
6078 6079 3
6082 6083 3
6086 6087 3
6090 6091 3
6094 6095 3
6098 6099 3
6102 6094 3
6106 6107 3
6110 6111 3
6114 6115 3
6118 6119 3
6122 6123 3
6126 6127 3
6130 6131 3
6134 6135 3
6138 6130 3
6142 6143 3
6146 6147 3
6150 6151 3
6154 6155 3
6158 6159 3
6162 6163 3
6166 6167 3
6170 6171 3
6174 6166 3
6178 6179 3
6182 6183 3
6186 6187 3
6190 6191 3
6194 6195 3
6198 6199 3
6202 6203 3
6206 6207 3
6210 6202 3
6214 6215 3
6218 6219 3
6222 6223 3
6226 6227 3
6230 6231 3
6234 6235 3
6238 6239 3
6242 6243 3
6246 6238 3
6250 6251 3
6254 6255 3
6258 6259 3
6262 6263 3
6266 6267 3
6270 6271 3
6274 6275 3
6278 6279 3
6282 6274 3
6286 6287 3
6290 6291 3
6294 6295 3
6298 6299 3
6302 6303 3
6306 6307 3
6310 6311 3
6314 6315 3
6318 6310 3
6322 6323 3
6326 6327 3
6330 6331 3
6334 6335 3
6338 6339 3
6342 6343 3
6346 6347 3
6350 6351 3
6354 6346 3
6358 6359 3
6362 6363 3
6366 6367 3
6370 6371 3
6374 6375 3
6378 6379 3
6382 6383 3
6386 6387 3
6390 6382 3
6394 6395 3
6398 6399 3
6402 6403 3
6406 6407 3
6410 6411 3
6414 6415 3
6418 6419 3
6422 6423 3
6426 6418 3
6430 6431 3
6434 6435 3
6438 6439 3
6442 6443 3
6446 6447 3
6450 6451 3
6454 6455 3
6458 6459 3
6462 6454 3
6466 6467 3
6470 6471 3
6474 6475 3
6478 6479 3
6482 6483 3
6486 6487 3
6490 6491 3
6494 6495 3
6498 6490 3
6502 6503 3
6506 6507 3
6510 6511 3
6514 6515 3
6518 6519 3
6522 6523 3
6526 6527 3
6530 6531 3
6534 6526 3
6538 6539 3
6542 6543 3
6546 6547 3
6550 6551 3
6554 6555 3
6558 6559 3
6562 6563 3
6566 6567 3
6570 6562 3
6574 6575 3
6578 6579 3
6582 6583 3
6586 6587 3
6590 6591 3
6594 6595 3
6598 6599 3
6602 6603 3
6606 6598 3
6610 6611 3
6614 6615 3
6618 6619 3
6622 6623 3
6626 6627 3
6630 6631 3
6634 6635 3
6638 6639 3
6642 6634 3
6646 6647 3
6650 6651 3
6654 6655 3
6658 6659 3
6662 6663 3
6666 6667 3
6670 6671 3
6674 6675 3
6678 6670 3
6682 6683 3
6686 6687 3
6690 6691 3
6694 6695 3
6698 6699 3
6702 6703 3
6706 6707 3
6710 6711 3
6714 6706 3
6718 6719 3
6722 6723 3
6726 6727 3
6730 6731 3
6734 6735 3
6738 6739 3
6742 6743 3
6746 6747 3
6750 6742 3
6754 6755 3
6758 6759 3
6762 6763 3
6766 6767 3
6770 6771 3
6774 6775 3
6778 6779 3
6782 6783 3
6786 6778 3
6790 6791 3
6794 6795 3
6798 6799 3
6802 6803 3
6806 6807 3
6810 6811 3
6814 6815 3
6818 6819 3
6822 6814 3
6826 6827 3
6830 6831 3
6834 6835 3
6838 6839 3
6842 6843 3
6846 6847 3
6850 6851 3
6854 6855 3
6858 6850 3
6862 6863 3
6866 6867 3
6870 6871 3
6874 6875 3
6878 6879 3
6882 6883 3
6886 6887 3
6890 6891 3
6894 6886 3
6898 6899 3
6902 6903 3
6906 6907 3
6910 6911 3
6914 6915 3
6918 6919 3
6922 6923 3
6926 6927 3
6930 6922 3
6934 6935 3
6938 6939 3
6942 6943 3
6946 6947 3
6950 6951 3
6954 6955 3
6958 6959 3
6962 6963 3
6966 6958 3
6970 6971 3
6974 6975 3
6978 6979 3
6982 6983 3
6986 6987 3
6990 6991 3
6994 6995 3
6998 6999 3
7002 6994 3
7006 7007 3
7010 7011 3
7014 7015 3
7018 7019 3
7022 7023 3
7026 7027 3
7030 7031 3
7034 7035 3
7038 7030 3
7042 7043 3
7046 7047 3
7050 7051 3
7054 7055 3
7058 7059 3
7062 7063 3
7066 7067 3
7070 7071 3
7074 7066 3
7078 7079 3
7082 7083 3
7086 7087 3
7090 7091 3
7094 7095 3
7098 7099 3
7102 7103 3
7106 7107 3
7110 7102 3
7114 7115 3
7118 7119 3
7122 7123 3
7126 7127 3
7130 7131 3
7134 7135 3
7138 7139 3
7142 7143 3
7146 7138 3
7150 7151 3
7154 7155 3
7158 7159 3
7162 7163 3
7166 7167 3
7170 7171 3
7174 7175 3
7178 7179 3
7182 7174 3
7186 7187 3
7190 7191 3
7194 7195 3
7198 7199 3
7202 7203 3
7206 7207 3
7210 7211 3
7214 7215 3
7218 7210 3
7222 7223 3
7226 7227 3
7230 7231 3
7234 7235 3
7238 7239 3
7242 7243 3
7246 7247 3
7250 7251 3
7254 7246 3
7258 7259 3
7262 7263 3
7266 7267 3
7270 7271 3
7274 7275 3
7278 7279 3
7282 7283 3
7286 7287 3
7290 7282 3
7294 7295 3
7298 7299 3
7302 7303 3
7306 7307 3
7310 7311 3
7314 7315 3
7318 7319 3
7322 7323 3
7326 7318 3
7330 7331 3
7334 7335 3
7338 7339 3
7342 7343 3
7346 7347 3
7350 7351 3
7354 7355 3
7358 7359 3
7362 7354 3
7366 7367 3
7370 7371 3
7374 7375 3
7378 7379 3
