1846
3690
0 1 3
0 2 3
0 3 3
0 4 3
0 5 3
0 6 3
0 7 3
0 8 3
0 9 3
4 5 3
4 37 3
4 38 3
4 39 3
4 40 3
4 41 3
4 42 3
4 43 3
4 44 3
4 45 3
8 9 3
8 73 3
8 74 3
8 75 3
8 76 3
8 77 3
8 78 3
8 79 3
8 80 3
8 81 3
12 13 3
12 109 3
12 110 3
12 111 3
12 112 3
12 113 3
12 114 3
12 115 3
12 116 3
12 117 3
16 17 3
16 145 3
16 146 3
16 147 3
16 148 3
16 149 3
16 150 3
16 151 3
16 152 3
16 153 3
20 21 3
20 181 3
20 182 3
20 183 3
20 184 3
20 185 3
20 186 3
20 187 3
20 188 3
20 189 3
24 25 3
24 217 3
24 218 3
24 219 3
24 220 3
24 221 3
24 222 3
24 223 3
24 224 3
24 225 3
28 29 3
28 253 3
28 254 3
28 255 3
28 256 3
28 257 3
28 258 3
28 259 3
28 260 3
28 261 3
32 33 3
32 289 3
32 290 3
32 291 3
32 292 3
32 293 3
32 294 3
32 295 3
32 296 3
32 297 3
36 28 3
36 325 3
36 326 3
36 327 3
36 328 3
36 329 3
36 330 3
36 331 3
36 332 3
36 333 3
40 41 3
40 361 3
40 362 3
40 363 3
40 364 3
40 365 3
40 366 3
40 367 3
40 368 3
40 369 3
44 45 3
44 397 3
44 398 3
44 399 3
44 400 3
44 401 3
44 402 3
44 403 3
44 404 3
44 405 3
48 49 3
48 433 3
48 434 3
48 435 3
48 436 3
48 437 3
48 438 3
48 439 3
48 440 3
48 441 3
52 53 3
52 469 3
52 470 3
52 471 3
52 472 3
52 473 3
52 474 3
52 475 3
52 476 3
52 477 3
56 57 3
56 505 3
56 506 3
56 507 3
56 508 3
56 509 3
56 510 3
56 511 3
56 512 3
56 513 3
60 61 3
60 541 3
60 542 3
60 543 3
60 544 3
60 545 3
60 546 3
60 547 3
60 548 3
60 549 3
64 65 3
64 577 3
64 578 3
64 579 3
64 580 3
64 581 3
64 582 3
64 583 3
64 584 3
64 585 3
68 69 3
68 613 3
68 614 3
68 615 3
68 616 3
68 617 3
68 618 3
68 619 3
68 620 3
68 621 3
72 64 3
72 649 3
72 650 3
72 651 3
72 652 3
72 653 3
72 654 3
72 655 3
72 656 3
72 657 3
76 77 3
76 685 3
76 686 3
76 687 3
76 688 3
76 689 3
76 690 3
76 691 3
76 692 3
76 693 3
80 81 3
80 721 3
80 722 3
80 723 3
80 724 3
80 725 3
80 726 3
80 727 3
80 728 3
80 729 3
84 85 3
84 757 3
84 758 3
84 759 3
84 760 3
84 761 3
84 762 3
84 763 3
84 764 3
84 765 3
88 89 3
88 793 3
88 794 3
88 795 3
88 796 3
88 797 3
88 798 3
88 799 3
88 800 3
88 801 3
92 93 3
92 829 3
92 830 3
92 831 3
92 832 3
92 833 3
92 834 3
92 835 3
92 836 3
92 837 3
96 97 3
96 865 3
96 866 3
96 867 3
96 868 3
96 869 3
96 870 3
96 871 3
96 872 3
96 873 3
100 101 3
100 901 3
100 902 3
100 903 3
100 904 3
100 905 3
100 906 3
100 907 3
100 908 3
100 909 3
104 105 3
104 937 3
104 938 3
104 939 3
104 940 3
104 941 3
104 942 3
104 943 3
104 944 3
104 945 3
108 100 3
108 973 3
108 974 3
108 975 3
108 976 3
108 977 3
108 978 3
108 979 3
108 980 3
108 981 3
112 113 3
112 1009 3
112 1010 3
112 1011 3
112 1012 3
112 1013 3
112 1014 3
112 1015 3
112 1016 3
112 1017 3
116 117 3
116 1045 3
116 1046 3
116 1047 3
116 1048 3
116 1049 3
116 1050 3
116 1051 3
116 1052 3
116 1053 3
120 121 3
120 1081 3
120 1082 3
120 1083 3
120 1084 3
120 1085 3
120 1086 3
120 1087 3
120 1088 3
120 1089 3
124 125 3
124 1117 3
124 1118 3
124 1119 3
124 1120 3
124 1121 3
124 1122 3
124 1123 3
124 1124 3
124 1125 3
128 129 3
128 1153 3
128 1154 3
128 1155 3
128 1156 3
128 1157 3
128 1158 3
128 1159 3
128 1160 3
128 1161 3
132 133 3
132 1189 3
132 1190 3
132 1191 3
132 1192 3
132 1193 3
132 1194 3
132 1195 3
132 1196 3
132 1197 3
136 137 3
136 1225 3
136 1226 3
136 1227 3
136 1228 3
136 1229 3
136 1230 3
136 1231 3
136 1232 3
136 1233 3
140 141 3
140 1261 3
140 1262 3
140 1263 3
140 1264 3
140 1265 3
140 1266 3
140 1267 3
140 1268 3
140 1269 3
144 136 3
144 1297 3
144 1298 3
144 1299 3
144 1300 3
144 1301 3
144 1302 3
144 1303 3
144 1304 3
144 1305 3
148 149 3
148 1333 3
148 1334 3
148 1335 3
148 1336 3
148 1337 3
148 1338 3
148 1339 3
148 1340 3
148 1341 3
152 153 3
152 1369 3
152 1370 3
152 1371 3
152 1372 3
152 1373 3
152 1374 3
152 1375 3
152 1376 3
152 1377 3
156 157 3
156 1405 3
156 1406 3
156 1407 3
156 1408 3
156 1409 3
156 1410 3
156 1411 3
156 1412 3
156 1413 3
160 161 3
160 1441 3
160 1442 3
160 1443 3
160 1444 3
160 1445 3
160 1446 3
160 1447 3
160 1448 3
160 1449 3
164 165 3
164 1477 3
164 1478 3
164 1479 3
164 1480 3
164 1481 3
164 1482 3
164 1483 3
164 1484 3
164 1485 3
168 169 3
168 1513 3
168 1514 3
168 1515 3
168 1516 3
168 1517 3
168 1518 3
168 1519 3
168 1520 3
168 1521 3
172 173 3
172 1549 3
172 1550 3
172 1551 3
172 1552 3
172 1553 3
172 1554 3
172 1555 3
172 1556 3
172 1557 3
176 177 3
176 1585 3
176 1586 3
176 1587 3
176 1588 3
176 1589 3
176 1590 3
176 1591 3
176 1592 3
176 1593 3
180 172 3
180 1621 3
180 1622 3
180 1623 3
180 1624 3
180 1625 3
180 1626 3
180 1627 3
180 1628 3
180 1629 3
184 185 3
184 1657 3
184 1658 3
184 1659 3
184 1660 3
184 1661 3
184 1662 3
184 1663 3
184 1664 3
184 1665 3
188 189 3
188 1693 3
188 1694 3
188 1695 3
188 1696 3
188 1697 3
188 1698 3
188 1699 3
188 1700 3
188 1701 3
192 193 3
192 1729 3
192 1730 3
192 1731 3
192 1732 3
192 1733 3
192 1734 3
192 1735 3
192 1736 3
192 1737 3
196 197 3
196 1765 3
196 1766 3
196 1767 3
196 1768 3
196 1769 3
196 1770 3
196 1771 3
196 1772 3
196 1773 3
200 201 3
200 1801 3
200 1802 3
200 1803 3
200 1804 3
200 1805 3
200 1806 3
200 1807 3
200 1808 3
200 1809 3
204 205 3
204 1837 3
204 1838 3
204 1839 3
204 1840 3
204 1841 3
204 1842 3
204 1843 3
204 1844 3
204 1845 3
208 209 3
208 1873 3
208 1874 3
208 1875 3
208 1876 3
208 1877 3
208 1878 3
208 1879 3
208 1880 3
208 1881 3
212 213 3
212 1909 3
212 1910 3
212 1911 3
212 1912 3
212 1913 3
212 1914 3
212 1915 3
212 1916 3
212 1917 3
216 208 3
216 1945 3
216 1946 3
216 1947 3
216 1948 3
216 1949 3
216 1950 3
216 1951 3
216 1952 3
216 1953 3
220 221 3
220 1981 3
220 1982 3
220 1983 3
220 1984 3
220 1985 3
220 1986 3
220 1987 3
220 1988 3
220 1989 3
224 225 3
224 2017 3
224 2018 3
224 2019 3
224 2020 3
224 2021 3
224 2022 3
224 2023 3
224 2024 3
224 2025 3
228 229 3
228 2053 3
228 2054 3
228 2055 3
228 2056 3
228 2057 3
228 2058 3
228 2059 3
228 2060 3
228 2061 3
232 233 3
232 2089 3
232 2090 3
232 2091 3
232 2092 3
232 2093 3
232 2094 3
232 2095 3
232 2096 3
232 2097 3
236 237 3
236 2125 3
236 2126 3
236 2127 3
236 2128 3
236 2129 3
236 2130 3
236 2131 3
236 2132 3
236 2133 3
240 241 3
240 2161 3
240 2162 3
240 2163 3
240 2164 3
240 2165 3
240 2166 3
240 2167 3
240 2168 3
240 2169 3
244 245 3
244 2197 3
244 2198 3
244 2199 3
244 2200 3
244 2201 3
244 2202 3
244 2203 3
244 2204 3
244 2205 3
248 249 3
248 2233 3
248 2234 3
248 2235 3
248 2236 3
248 2237 3
248 2238 3
248 2239 3
248 2240 3
248 2241 3
252 244 3
252 2269 3
252 2270 3
252 2271 3
252 2272 3
252 2273 3
252 2274 3
252 2275 3
252 2276 3
252 2277 3
256 257 3
256 2305 3
256 2306 3
256 2307 3
256 2308 3
256 2309 3
256 2310 3
256 2311 3
256 2312 3
256 2313 3
260 261 3
260 2341 3
260 2342 3
260 2343 3
260 2344 3
260 2345 3
260 2346 3
260 2347 3
260 2348 3
260 2349 3
264 265 3
264 2377 3
264 2378 3
264 2379 3
264 2380 3
264 2381 3
264 2382 3
264 2383 3
264 2384 3
264 2385 3
268 269 3
268 2413 3
268 2414 3
268 2415 3
268 2416 3
268 2417 3
268 2418 3
268 2419 3
268 2420 3
268 2421 3
272 273 3
272 2449 3
272 2450 3
272 2451 3
272 2452 3
272 2453 3
272 2454 3
272 2455 3
272 2456 3
272 2457 3
276 277 3
276 2485 3
276 2486 3
276 2487 3
276 2488 3
276 2489 3
276 2490 3
276 2491 3
276 2492 3
276 2493 3
280 281 3
280 2521 3
280 2522 3
280 2523 3
280 2524 3
280 2525 3
280 2526 3
280 2527 3
280 2528 3
280 2529 3
284 285 3
284 2557 3
284 2558 3
284 2559 3
284 2560 3
284 2561 3
284 2562 3
284 2563 3
284 2564 3
284 2565 3
288 280 3
288 2593 3
288 2594 3
288 2595 3
288 2596 3
288 2597 3
288 2598 3
288 2599 3
288 2600 3
288 2601 3
292 293 3
292 2629 3
292 2630 3
292 2631 3
292 2632 3
292 2633 3
292 2634 3
292 2635 3
292 2636 3
292 2637 3
296 297 3
296 2665 3
296 2666 3
296 2667 3
296 2668 3
296 2669 3
296 2670 3
296 2671 3
296 2672 3
296 2673 3
300 301 3
300 2701 3
300 2702 3
300 2703 3
300 2704 3
300 2705 3
300 2706 3
300 2707 3
300 2708 3
300 2709 3
304 305 3
304 2737 3
304 2738 3
304 2739 3
304 2740 3
304 2741 3
304 2742 3
304 2743 3
304 2744 3
304 2745 3
308 309 3
308 2773 3
308 2774 3
308 2775 3
308 2776 3
308 2777 3
308 2778 3
308 2779 3
308 2780 3
308 2781 3
312 313 3
312 2809 3
312 2810 3
312 2811 3
312 2812 3
312 2813 3
312 2814 3
312 2815 3
312 2816 3
312 2817 3
316 317 3
316 2845 3
316 2846 3
316 2847 3
316 2848 3
316 2849 3
316 2850 3
316 2851 3
316 2852 3
316 2853 3
320 321 3
320 2881 3
320 2882 3
320 2883 3
320 2884 3
320 2885 3
320 2886 3
320 2887 3
320 2888 3
320 2889 3
324 316 3
324 2917 3
324 2918 3
324 2919 3
324 2920 3
324 2921 3
324 2922 3
324 2923 3
324 2924 3
324 2925 3
328 329 3
328 2953 3
328 2954 3
328 2955 3
328 2956 3
328 2957 3
328 2958 3
328 2959 3
328 2960 3
328 2961 3
332 333 3
332 2989 3
332 2990 3
332 2991 3
332 2992 3
332 2993 3
332 2994 3
332 2995 3
332 2996 3
332 2997 3
336 337 3
336 3025 3
336 3026 3
336 3027 3
336 3028 3
336 3029 3
336 3030 3
336 3031 3
336 3032 3
336 3033 3
340 341 3
340 3061 3
340 3062 3
340 3063 3
340 3064 3
340 3065 3
340 3066 3
340 3067 3
340 3068 3
340 3069 3
344 345 3
344 3097 3
344 3098 3
344 3099 3
344 3100 3
344 3101 3
344 3102 3
344 3103 3
344 3104 3
344 3105 3
348 349 3
348 3133 3
348 3134 3
348 3135 3
348 3136 3
348 3137 3
348 3138 3
348 3139 3
348 3140 3
348 3141 3
352 353 3
352 3169 3
352 3170 3
352 3171 3
352 3172 3
352 3173 3
352 3174 3
352 3175 3
352 3176 3
352 3177 3
356 357 3
356 3205 3
356 3206 3
356 3207 3
356 3208 3
356 3209 3
356 3210 3
356 3211 3
356 3212 3
356 3213 3
360 352 3
360 3241 3
360 3242 3
360 3243 3
360 3244 3
360 3245 3
360 3246 3
360 3247 3
360 3248 3
360 3249 3
364 365 3
364 3277 3
364 3278 3
364 3279 3
364 3280 3
364 3281 3
364 3282 3
364 3283 3
364 3284 3
364 3285 3
368 369 3
368 3313 3
368 3314 3
368 3315 3
368 3316 3
368 3317 3
368 3318 3
368 3319 3
368 3320 3
368 3321 3
372 373 3
372 3349 3
372 3350 3
372 3351 3
372 3352 3
372 3353 3
372 3354 3
372 3355 3
372 3356 3
372 3357 3
376 377 3
376 3385 3
376 3386 3
376 3387 3
376 3388 3
376 3389 3
376 3390 3
376 3391 3
376 3392 3
376 3393 3
380 381 3
380 3421 3
380 3422 3
380 3423 3
380 3424 3
380 3425 3
380 3426 3
380 3427 3
380 3428 3
380 3429 3
384 385 3
384 3457 3
384 3458 3
384 3459 3
384 3460 3
384 3461 3
384 3462 3
384 3463 3
384 3464 3
384 3465 3
388 389 3
388 3493 3
388 3494 3
388 3495 3
388 3496 3
388 3497 3
388 3498 3
388 3499 3
388 3500 3
388 3501 3
392 393 3
392 3529 3
392 3530 3
392 3531 3
392 3532 3
392 3533 3
392 3534 3
392 3535 3
392 3536 3
392 3537 3
396 388 3
396 3565 3
396 3566 3
396 3567 3
396 3568 3
396 3569 3
396 3570 3
396 3571 3
396 3572 3
396 3573 3
400 401 3
400 3601 3
400 3602 3
400 3603 3
400 3604 3
400 3605 3
400 3606 3
400 3607 3
400 3608 3
400 3609 3
404 405 3
404 3637 3
404 3638 3
404 3639 3
404 3640 3
404 3641 3
404 3642 3
404 3643 3
404 3644 3
404 3645 3
408 409 3
408 3673 3
408 3674 3
408 3675 3
408 3676 3
408 3677 3
408 3678 3
408 3679 3
408 3680 3
408 3681 3
412 413 3
412 3709 3
412 3710 3
412 3711 3
412 3712 3
412 3713 3
412 3714 3
412 3715 3
412 3716 3
412 3717 3
416 417 3
416 3745 3
416 3746 3
416 3747 3
416 3748 3
416 3749 3
416 3750 3
416 3751 3
416 3752 3
416 3753 3
420 421 3
420 3781 3
420 3782 3
420 3783 3
420 3784 3
420 3785 3
420 3786 3
420 3787 3
420 3788 3
420 3789 3
424 425 3
424 3817 3
424 3818 3
424 3819 3
424 3820 3
424 3821 3
424 3822 3
424 3823 3
424 3824 3
424 3825 3
428 429 3
428 3853 3
428 3854 3
428 3855 3
428 3856 3
428 3857 3
428 3858 3
428 3859 3
428 3860 3
428 3861 3
432 424 3
432 3889 3
432 3890 3
432 3891 3
432 3892 3
432 3893 3
432 3894 3
432 3895 3
432 3896 3
432 3897 3
436 437 3
436 3925 3
436 3926 3
436 3927 3
436 3928 3
436 3929 3
436 3930 3
436 3931 3
436 3932 3
436 3933 3
440 441 3
440 3961 3
440 3962 3
440 3963 3
440 3964 3
440 3965 3
440 3966 3
440 3967 3
440 3968 3
440 3969 3
444 445 3
444 3997 3
444 3998 3
444 3999 3
444 4000 3
444 4001 3
444 4002 3
444 4003 3
444 4004 3
444 4005 3
448 449 3
448 4033 3
448 4034 3
448 4035 3
448 4036 3
448 4037 3
448 4038 3
448 4039 3
448 4040 3
448 4041 3
452 453 3
452 4069 3
452 4070 3
452 4071 3
452 4072 3
452 4073 3
452 4074 3
452 4075 3
452 4076 3
452 4077 3
456 457 3
456 4105 3
456 4106 3
456 4107 3
456 4108 3
456 4109 3
456 4110 3
456 4111 3
456 4112 3
456 4113 3
460 461 3
460 4141 3
460 4142 3
460 4143 3
460 4144 3
460 4145 3
460 4146 3
460 4147 3
460 4148 3
460 4149 3
464 465 3
464 4177 3
464 4178 3
464 4179 3
464 4180 3
464 4181 3
464 4182 3
464 4183 3
464 4184 3
464 4185 3
468 460 3
468 4213 3
468 4214 3
468 4215 3
468 4216 3
468 4217 3
468 4218 3
468 4219 3
468 4220 3
468 4221 3
472 473 3
472 4249 3
472 4250 3
472 4251 3
472 4252 3
472 4253 3
472 4254 3
472 4255 3
472 4256 3
472 4257 3
476 477 3
476 4285 3
476 4286 3
476 4287 3
476 4288 3
476 4289 3
476 4290 3
476 4291 3
476 4292 3
476 4293 3
480 481 3
480 4321 3
480 4322 3
480 4323 3
480 4324 3
480 4325 3
480 4326 3
480 4327 3
480 4328 3
480 4329 3
484 485 3
484 4357 3
484 4358 3
484 4359 3
484 4360 3
484 4361 3
484 4362 3
484 4363 3
484 4364 3
484 4365 3
488 489 3
488 4393 3
488 4394 3
488 4395 3
488 4396 3
488 4397 3
488 4398 3
488 4399 3
488 4400 3
488 4401 3
492 493 3
492 4429 3
492 4430 3
492 4431 3
492 4432 3
492 4433 3
492 4434 3
492 4435 3
492 4436 3
492 4437 3
496 497 3
496 4465 3
496 4466 3
496 4467 3
496 4468 3
496 4469 3
496 4470 3
496 4471 3
496 4472 3
496 4473 3
500 501 3
500 4501 3
500 4502 3
500 4503 3
500 4504 3
500 4505 3
500 4506 3
500 4507 3
500 4508 3
500 4509 3
504 496 3
504 4537 3
504 4538 3
504 4539 3
504 4540 3
504 4541 3
504 4542 3
504 4543 3
504 4544 3
504 4545 3
508 509 3
508 4573 3
508 4574 3
508 4575 3
508 4576 3
508 4577 3
508 4578 3
508 4579 3
508 4580 3
508 4581 3
512 513 3
512 4609 3
512 4610 3
512 4611 3
512 4612 3
512 4613 3
512 4614 3
512 4615 3
512 4616 3
512 4617 3
516 517 3
516 4645 3
516 4646 3
516 4647 3
516 4648 3
516 4649 3
516 4650 3
516 4651 3
516 4652 3
516 4653 3
520 521 3
520 4681 3
520 4682 3
520 4683 3
520 4684 3
520 4685 3
520 4686 3
520 4687 3
520 4688 3
520 4689 3
524 525 3
524 4717 3
524 4718 3
524 4719 3
524 4720 3
524 4721 3
524 4722 3
524 4723 3
524 4724 3
524 4725 3
528 529 3
528 4753 3
528 4754 3
528 4755 3
528 4756 3
528 4757 3
528 4758 3
528 4759 3
528 4760 3
528 4761 3
532 533 3
532 4789 3
532 4790 3
532 4791 3
532 4792 3
532 4793 3
532 4794 3
532 4795 3
532 4796 3
532 4797 3
536 537 3
536 4825 3
536 4826 3
536 4827 3
536 4828 3
536 4829 3
536 4830 3
536 4831 3
536 4832 3
536 4833 3
540 532 3
540 4861 3
540 4862 3
540 4863 3
540 4864 3
540 4865 3
540 4866 3
540 4867 3
540 4868 3
540 4869 3
544 545 3
544 4897 3
544 4898 3
544 4899 3
544 4900 3
544 4901 3
544 4902 3
544 4903 3
544 4904 3
544 4905 3
548 549 3
548 4933 3
548 4934 3
548 4935 3
548 4936 3
548 4937 3
548 4938 3
548 4939 3
548 4940 3
548 4941 3
552 553 3
552 4969 3
552 4970 3
552 4971 3
552 4972 3
552 4973 3
552 4974 3
552 4975 3
552 4976 3
552 4977 3
556 557 3
556 5005 3
556 5006 3
556 5007 3
556 5008 3
556 5009 3
556 5010 3
556 5011 3
556 5012 3
556 5013 3
560 561 3
560 5041 3
560 5042 3
560 5043 3
560 5044 3
560 5045 3
560 5046 3
560 5047 3
560 5048 3
560 5049 3
564 565 3
564 5077 3
564 5078 3
564 5079 3
564 5080 3
564 5081 3
564 5082 3
564 5083 3
564 5084 3
564 5085 3
568 569 3
568 5113 3
568 5114 3
568 5115 3
568 5116 3
568 5117 3
568 5118 3
568 5119 3
568 5120 3
568 5121 3
572 573 3
572 5149 3
572 5150 3
572 5151 3
572 5152 3
572 5153 3
572 5154 3
572 5155 3
572 5156 3
572 5157 3
576 568 3
576 5185 3
576 5186 3
576 5187 3
576 5188 3
576 5189 3
576 5190 3
576 5191 3
576 5192 3
576 5193 3
580 581 3
580 5221 3
580 5222 3
580 5223 3
580 5224 3
580 5225 3
580 5226 3
580 5227 3
580 5228 3
580 5229 3
584 585 3
584 5257 3
584 5258 3
584 5259 3
584 5260 3
584 5261 3
584 5262 3
584 5263 3
584 5264 3
584 5265 3
588 589 3
588 5293 3
588 5294 3
588 5295 3
588 5296 3
588 5297 3
588 5298 3
588 5299 3
588 5300 3
588 5301 3
592 593 3
592 5329 3
592 5330 3
592 5331 3
592 5332 3
592 5333 3
592 5334 3
592 5335 3
592 5336 3
592 5337 3
596 597 3
596 5365 3
596 5366 3
596 5367 3
596 5368 3
596 5369 3
596 5370 3
596 5371 3
596 5372 3
596 5373 3
600 601 3
600 5401 3
600 5402 3
600 5403 3
600 5404 3
600 5405 3
600 5406 3
600 5407 3
600 5408 3
600 5409 3
604 605 3
604 5437 3
604 5438 3
604 5439 3
604 5440 3
604 5441 3
604 5442 3
604 5443 3
604 5444 3
604 5445 3
608 609 3
608 5473 3
608 5474 3
608 5475 3
608 5476 3
608 5477 3
608 5478 3
608 5479 3
608 5480 3
608 5481 3
612 604 3
612 5509 3
612 5510 3
612 5511 3
612 5512 3
612 5513 3
612 5514 3
612 5515 3
612 5516 3
612 5517 3
616 617 3
616 5545 3
616 5546 3
616 5547 3
616 5548 3
616 5549 3
616 5550 3
616 5551 3
616 5552 3
616 5553 3
620 621 3
620 5581 3
620 5582 3
620 5583 3
620 5584 3
620 5585 3
620 5586 3
620 5587 3
620 5588 3
620 5589 3
624 625 3
624 5617 3
624 5618 3
624 5619 3
624 5620 3
624 5621 3
624 5622 3
624 5623 3
624 5624 3
624 5625 3
628 629 3
628 5653 3
628 5654 3
628 5655 3
628 5656 3
628 5657 3
628 5658 3
628 5659 3
628 5660 3
628 5661 3
632 633 3
632 5689 3
632 5690 3
632 5691 3
632 5692 3
632 5693 3
632 5694 3
632 5695 3
632 5696 3
632 5697 3
636 637 3
636 5725 3
636 5726 3
636 5727 3
636 5728 3
636 5729 3
636 5730 3
636 5731 3
636 5732 3
636 5733 3
640 641 3
640 5761 3
640 5762 3
640 5763 3
640 5764 3
640 5765 3
640 5766 3
640 5767 3
640 5768 3
640 5769 3
644 645 3
644 5797 3
644 5798 3
644 5799 3
644 5800 3
644 5801 3
644 5802 3
644 5803 3
644 5804 3
644 5805 3
648 640 3
648 5833 3
648 5834 3
648 5835 3
648 5836 3
648 5837 3
648 5838 3
648 5839 3
648 5840 3
648 5841 3
652 653 3
652 5869 3
652 5870 3
652 5871 3
652 5872 3
652 5873 3
652 5874 3
652 5875 3
652 5876 3
652 5877 3
656 657 3
656 5905 3
656 5906 3
656 5907 3
656 5908 3
656 5909 3
656 5910 3
656 5911 3
656 5912 3
656 5913 3
660 661 3
660 5941 3
660 5942 3
660 5943 3
660 5944 3
660 5945 3
660 5946 3
660 5947 3
660 5948 3
660 5949 3
664 665 3
664 5977 3
664 5978 3
664 5979 3
664 5980 3
664 5981 3
664 5982 3
664 5983 3
664 5984 3
664 5985 3
668 669 3
668 6013 3
668 6014 3
668 6015 3
668 6016 3
668 6017 3
668 6018 3
668 6019 3
668 6020 3
668 6021 3
672 673 3
672 6049 3
672 6050 3
672 6051 3
672 6052 3
672 6053 3
672 6054 3
672 6055 3
672 6056 3
672 6057 3
676 677 3
676 6085 3
676 6086 3
676 6087 3
676 6088 3
676 6089 3
676 6090 3
676 6091 3
676 6092 3
676 6093 3
680 681 3
680 6121 3
680 6122 3
680 6123 3
680 6124 3
680 6125 3
680 6126 3
680 6127 3
680 6128 3
680 6129 3
684 676 3
684 6157 3
684 6158 3
684 6159 3
684 6160 3
684 6161 3
684 6162 3
684 6163 3
684 6164 3
684 6165 3
688 689 3
688 6193 3
688 6194 3
688 6195 3
688 6196 3
688 6197 3
688 6198 3
688 6199 3
688 6200 3
688 6201 3
692 693 3
692 6229 3
692 6230 3
692 6231 3
692 6232 3
692 6233 3
692 6234 3
692 6235 3
692 6236 3
692 6237 3
696 697 3
696 6265 3
696 6266 3
696 6267 3
696 6268 3
696 6269 3
696 6270 3
696 6271 3
696 6272 3
696 6273 3
700 701 3
700 6301 3
700 6302 3
700 6303 3
700 6304 3
700 6305 3
700 6306 3
700 6307 3
700 6308 3
700 6309 3
704 705 3
704 6337 3
704 6338 3
704 6339 3
704 6340 3
704 6341 3
704 6342 3
704 6343 3
704 6344 3
704 6345 3
708 709 3
708 6373 3
708 6374 3
708 6375 3
708 6376 3
708 6377 3
708 6378 3
708 6379 3
708 6380 3
708 6381 3
712 713 3
712 6409 3
712 6410 3
712 6411 3
712 6412 3
712 6413 3
712 6414 3
712 6415 3
712 6416 3
712 6417 3
716 717 3
716 6445 3
716 6446 3
716 6447 3
716 6448 3
716 6449 3
716 6450 3
716 6451 3
716 6452 3
716 6453 3
720 712 3
720 6481 3
720 6482 3
720 6483 3
720 6484 3
720 6485 3
720 6486 3
720 6487 3
720 6488 3
720 6489 3
724 725 3
724 6517 3
724 6518 3
724 6519 3
724 6520 3
724 6521 3
724 6522 3
724 6523 3
724 6524 3
724 6525 3
728 729 3
728 6553 3
728 6554 3
728 6555 3
728 6556 3
728 6557 3
728 6558 3
728 6559 3
728 6560 3
728 6561 3
732 733 3
732 6589 3
732 6590 3
732 6591 3
732 6592 3
732 6593 3
732 6594 3
732 6595 3
732 6596 3
732 6597 3
736 737 3
736 6625 3
736 6626 3
736 6627 3
736 6628 3
736 6629 3
736 6630 3
736 6631 3
736 6632 3
736 6633 3
740 741 3
740 6661 3
740 6662 3
740 6663 3
740 6664 3
740 6665 3
740 6666 3
740 6667 3
740 6668 3
740 6669 3
744 745 3
744 6697 3
744 6698 3
744 6699 3
744 6700 3
744 6701 3
744 6702 3
744 6703 3
744 6704 3
744 6705 3
748 749 3
748 6733 3
748 6734 3
748 6735 3
748 6736 3
748 6737 3
748 6738 3
748 6739 3
748 6740 3
748 6741 3
752 753 3
752 6769 3
752 6770 3
752 6771 3
752 6772 3
752 6773 3
752 6774 3
752 6775 3
752 6776 3
752 6777 3
756 748 3
756 6805 3
756 6806 3
756 6807 3
756 6808 3
756 6809 3
756 6810 3
756 6811 3
756 6812 3
756 6813 3
760 761 3
760 6841 3
760 6842 3
760 6843 3
760 6844 3
760 6845 3
760 6846 3
760 6847 3
760 6848 3
760 6849 3
764 765 3
764 6877 3
764 6878 3
764 6879 3
764 6880 3
764 6881 3
764 6882 3
764 6883 3
764 6884 3
764 6885 3
768 769 3
768 6913 3
768 6914 3
768 6915 3
768 6916 3
768 6917 3
768 6918 3
768 6919 3
768 6920 3
768 6921 3
772 773 3
772 6949 3
772 6950 3
772 6951 3
772 6952 3
772 6953 3
772 6954 3
772 6955 3
772 6956 3
772 6957 3
776 777 3
776 6985 3
776 6986 3
776 6987 3
776 6988 3
776 6989 3
776 6990 3
776 6991 3
776 6992 3
776 6993 3
780 781 3
780 7021 3
780 7022 3
780 7023 3
780 7024 3
780 7025 3
780 7026 3
780 7027 3
780 7028 3
780 7029 3
784 785 3
784 7057 3
784 7058 3
784 7059 3
784 7060 3
784 7061 3
784 7062 3
784 7063 3
784 7064 3
784 7065 3
788 789 3
788 7093 3
788 7094 3
788 7095 3
788 7096 3
788 7097 3
788 7098 3
788 7099 3
788 7100 3
788 7101 3
792 784 3
792 7129 3
792 7130 3
792 7131 3
792 7132 3
792 7133 3
792 7134 3
792 7135 3
792 7136 3
792 7137 3
796 797 3
796 7165 3
796 7166 3
796 7167 3
796 7168 3
796 7169 3
796 7170 3
796 7171 3
796 7172 3
796 7173 3
800 801 3
800 7201 3
800 7202 3
800 7203 3
800 7204 3
800 7205 3
800 7206 3
800 7207 3
800 7208 3
800 7209 3
804 805 3
804 7237 3
804 7238 3
804 7239 3
804 7240 3
804 7241 3
804 7242 3
804 7243 3
804 7244 3
804 7245 3
808 809 3
808 7273 3
808 7274 3
808 7275 3
808 7276 3
808 7277 3
808 7278 3
808 7279 3
808 7280 3
808 7281 3
812 813 3
812 7309 3
812 7310 3
812 7311 3
812 7312 3
812 7313 3
812 7314 3
812 7315 3
812 7316 3
812 7317 3
816 817 3
816 7345 3
816 7346 3
816 7347 3
816 7348 3
816 7349 3
816 7350 3
816 7351 3
816 7352 3
816 7353 3
820 821 3
824 825 3
828 820 3
832 833 3
836 837 3
840 841 3
844 845 3
848 849 3
852 853 3
856 857 3
860 861 3
864 856 3
868 869 3
872 873 3
876 877 3
880 881 3
884 885 3
888 889 3
892 893 3
896 897 3
900 892 3
904 905 3
908 909 3
912 913 3
916 917 3
920 921 3
924 925 3
928 929 3
932 933 3
936 928 3
940 941 3
944 945 3
948 949 3
952 953 3
956 957 3
960 961 3
964 965 3
968 969 3
972 964 3
976 977 3
980 981 3
984 985 3
988 989 3
992 993 3
996 997 3
1000 1001 3
1004 1005 3
1008 1000 3
1012 1013 3
1016 1017 3
1020 1021 3
1024 1025 3
1028 1029 3
1032 1033 3
1036 1037 3
1040 1041 3
1044 1036 3
1048 1049 3
1052 1053 3
1056 1057 3
1060 1061 3
1064 1065 3
1068 1069 3
1072 1073 3
1076 1077 3
1080 1072 3
1084 1085 3
1088 1089 3
1092 1093 3
1096 1097 3
1100 1101 3
1104 1105 3
1108 1109 3
1112 1113 3
1116 1108 3
1120 1121 3
1124 1125 3
1128 1129 3
1132 1133 3
1136 1137 3
1140 1141 3
1144 1145 3
1148 1149 3
1152 1144 3
1156 1157 3
1160 1161 3
1164 1165 3
1168 1169 3
1172 1173 3
1176 1177 3
1180 1181 3
1184 1185 3
1188 1180 3
1192 1193 3
1196 1197 3
1200 1201 3
1204 1205 3
1208 1209 3
1212 1213 3
1216 1217 3
1220 1221 3
1224 1216 3
1228 1229 3
1232 1233 3
1236 1237 3
1240 1241 3
1244 1245 3
1248 1249 3
1252 1253 3
1256 1257 3
1260 1252 3
1264 1265 3
1268 1269 3
1272 1273 3
1276 1277 3
1280 1281 3
1284 1285 3
1288 1289 3
1292 1293 3
1296 1288 3
1300 1301 3
1304 1305 3
1308 1309 3
1312 1313 3
1316 1317 3
1320 1321 3
1324 1325 3
1328 1329 3
1332 1324 3
1336 1337 3
1340 1341 3
1344 1345 3
1348 1349 3
1352 1353 3
1356 1357 3
1360 1361 3
1364 1365 3
1368 1360 3
1372 1373 3
1376 1377 3
1380 1381 3
1384 1385 3
1388 1389 3
1392 1393 3
1396 1397 3
1400 1401 3
1404 1396 3
1408 1409 3
1412 1413 3
1416 1417 3
1420 1421 3
1424 1425 3
1428 1429 3
1432 1433 3
1436 1437 3
1440 1432 3
1444 1445 3
1448 1449 3
1452 1453 3
1456 1457 3
1460 1461 3
1464 1465 3
1468 1469 3
1472 1473 3
1476 1468 3
1480 1481 3
1484 1485 3
1488 1489 3
1492 1493 3
1496 1497 3
1500 1501 3
1504 1505 3
1508 1509 3
1512 1504 3
1516 1517 3
1520 1521 3
1524 1525 3
1528 1529 3
1532 1533 3
1536 1537 3
1540 1541 3
1544 1545 3
1548 1540 3
1552 1553 3
1556 1557 3
1560 1561 3
1564 1565 3
1568 1569 3
1572 1573 3
1576 1577 3
1580 1581 3
1584 1576 3
1588 1589 3
1592 1593 3
1596 1597 3
1600 1601 3
1604 1605 3
1608 1609 3
1612 1613 3
1616 1617 3
1620 1612 3
1624 1625 3
1628 1629 3
1632 1633 3
1636 1637 3
1640 1641 3
1644 1645 3
1648 1649 3
1652 1653 3
1656 1648 3
1660 1661 3
1664 1665 3
1668 1669 3
1672 1673 3
1676 1677 3
1680 1681 3
1684 1685 3
1688 1689 3
1692 1684 3
1696 1697 3
1700 1701 3
1704 1705 3
1708 1709 3
1712 1713 3
1716 1717 3
1720 1721 3
1724 1725 3
1728 1720 3
1732 1733 3
1736 1737 3
1740 1741 3
1744 1745 3
1748 1749 3
1752 1753 3
1756 1757 3
1760 1761 3
1764 1756 3
1768 1769 3
1772 1773 3
1776 1777 3
1780 1781 3
1784 1785 3
1788 1789 3
1792 1793 3
1796 1797 3
1800 1792 3
1804 1805 3
1808 1809 3
1812 1813 3
1816 1817 3
1820 1821 3
1824 1825 3
1828 1829 3
1832 1833 3
1836 1828 3
1840 1841 3
1844 1845 3
1848 1849 3
1852 1853 3
1856 1857 3
1860 1861 3
1864 1865 3
1868 1869 3
1872 1864 3
1876 1877 3
1880 1881 3
1884 1885 3
1888 1889 3
1892 1893 3
1896 1897 3
1900 1901 3
1904 1905 3
1908 1900 3
1912 1913 3
1916 1917 3
1920 1921 3
1924 1925 3
1928 1929 3
1932 1933 3
1936 1937 3
1940 1941 3
1944 1936 3
1948 1949 3
1952 1953 3
1956 1957 3
1960 1961 3
1964 1965 3
1968 1969 3
1972 1973 3
1976 1977 3
1980 1972 3
1984 1985 3
1988 1989 3
1992 1993 3
1996 1997 3
2000 2001 3
2004 2005 3
2008 2009 3
2012 2013 3
2016 2008 3
2020 2021 3
2024 2025 3
2028 2029 3
2032 2033 3
2036 2037 3
2040 2041 3
2044 2045 3
2048 2049 3
2052 2044 3
2056 2057 3
2060 2061 3
2064 2065 3
2068 2069 3
2072 2073 3
2076 2077 3
2080 2081 3
2084 2085 3
2088 2080 3
2092 2093 3
2096 2097 3
2100 2101 3
2104 2105 3
2108 2109 3
2112 2113 3
2116 2117 3
2120 2121 3
2124 2116 3
2128 2129 3
2132 2133 3
2136 2137 3
2140 2141 3
2144 2145 3
2148 2149 3
2152 2153 3
2156 2157 3
2160 2152 3
2164 2165 3
2168 2169 3
2172 2173 3
2176 2177 3
2180 2181 3
2184 2185 3
2188 2189 3
2192 2193 3
2196 2188 3
2200 2201 3
2204 2205 3
2208 2209 3
2212 2213 3
2216 2217 3
2220 2221 3
2224 2225 3
2228 2229 3
2232 2224 3
2236 2237 3
2240 2241 3
2244 2245 3
2248 2249 3
2252 2253 3
2256 2257 3
2260 2261 3
2264 2265 3
2268 2260 3
2272 2273 3
2276 2277 3
2280 2281 3
2284 2285 3
2288 2289 3
2292 2293 3
2296 2297 3
2300 2301 3
2304 2296 3
2308 2309 3
2312 2313 3
2316 2317 3
2320 2321 3
2324 2325 3
2328 2329 3
2332 2333 3
2336 2337 3
2340 2332 3
2344 2345 3
2348 2349 3
2352 2353 3
2356 2357 3
2360 2361 3
2364 2365 3
2368 2369 3
2372 2373 3
2376 2368 3
2380 2381 3
2384 2385 3
2388 2389 3
2392 2393 3
2396 2397 3
2400 2401 3
2404 2405 3
2408 2409 3
2412 2404 3
2416 2417 3
2420 2421 3
2424 2425 3
2428 2429 3
2432 2433 3
2436 2437 3
2440 2441 3
2444 2445 3
2448 2440 3
2452 2453 3
2456 2457 3
2460 2461 3
2464 2465 3
2468 2469 3
2472 2473 3
2476 2477 3
2480 2481 3
2484 2476 3
2488 2489 3
2492 2493 3
2496 2497 3
2500 2501 3
2504 2505 3
2508 2509 3
2512 2513 3
2516 2517 3
2520 2512 3
2524 2525 3
2528 2529 3
2532 2533 3
2536 2537 3
2540 2541 3
2544 2545 3
2548 2549 3
2552 2553 3
2556 2548 3
2560 2561 3
2564 2565 3
2568 2569 3
2572 2573 3
2576 2577 3
2580 2581 3
2584 2585 3
2588 2589 3
2592 2584 3
2596 2597 3
2600 2601 3
2604 2605 3
2608 2609 3
2612 2613 3
2616 2617 3
2620 2621 3
2624 2625 3
2628 2620 3
2632 2633 3
2636 2637 3
2640 2641 3
2644 2645 3
2648 2649 3
2652 2653 3
2656 2657 3
2660 2661 3
2664 2656 3
2668 2669 3
2672 2673 3
2676 2677 3
2680 2681 3
2684 2685 3
2688 2689 3
2692 2693 3
2696 2697 3
2700 2692 3
2704 2705 3
2708 2709 3
2712 2713 3
2716 2717 3
2720 2721 3
2724 2725 3
2728 2729 3
2732 2733 3
2736 2728 3
2740 2741 3
2744 2745 3
2748 2749 3
2752 2753 3
2756 2757 3
2760 2761 3
2764 2765 3
2768 2769 3
2772 2764 3
2776 2777 3
2780 2781 3
2784 2785 3
2788 2789 3
2792 2793 3
2796 2797 3
2800 2801 3
2804 2805 3
2808 2800 3
2812 2813 3
2816 2817 3
2820 2821 3
2824 2825 3
2828 2829 3
2832 2833 3
2836 2837 3
2840 2841 3
2844 2836 3
2848 2849 3
2852 2853 3
2856 2857 3
2860 2861 3
2864 2865 3
2868 2869 3
2872 2873 3
2876 2877 3
2880 2872 3
2884 2885 3
2888 2889 3
2892 2893 3
2896 2897 3
2900 2901 3
2904 2905 3
2908 2909 3
2912 2913 3
2916 2908 3
2920 2921 3
2924 2925 3
2928 2929 3
2932 2933 3
2936 2937 3
2940 2941 3
2944 2945 3
2948 2949 3
2952 2944 3
2956 2957 3
2960 2961 3
2964 2965 3
2968 2969 3
2972 2973 3
2976 2977 3
2980 2981 3
2984 2985 3
2988 2980 3
2992 2993 3
2996 2997 3
3000 3001 3
3004 3005 3
3008 3009 3
3012 3013 3
3016 3017 3
3020 3021 3
3024 3016 3
3028 3029 3
3032 3033 3
3036 3037 3
3040 3041 3
3044 3045 3
3048 3049 3
3052 3053 3
3056 3057 3
3060 3052 3
3064 3065 3
3068 3069 3
3072 3073 3
3076 3077 3
3080 3081 3
3084 3085 3
3088 3089 3
3092 3093 3
3096 3088 3
3100 3101 3
3104 3105 3
3108 3109 3
3112 3113 3
3116 3117 3
3120 3121 3
3124 3125 3
3128 3129 3
3132 3124 3
3136 3137 3
3140 3141 3
3144 3145 3
3148 3149 3
3152 3153 3
3156 3157 3
3160 3161 3
3164 3165 3
3168 3160 3
3172 3173 3
3176 3177 3
3180 3181 3
3184 3185 3
3188 3189 3
3192 3193 3
3196 3197 3
3200 3201 3
3204 3196 3
3208 3209 3
3212 3213 3
3216 3217 3
3220 3221 3
3224 3225 3
3228 3229 3
3232 3233 3
3236 3237 3
3240 3232 3
3244 3245 3
3248 3249 3
3252 3253 3
3256 3257 3
3260 3261 3
3264 3265 3
3268 3269 3
3272 3273 3
3276 3268 3
3280 3281 3
3284 3285 3
3288 3289 3
3292 3293 3
3296 3297 3
3300 3301 3
3304 3305 3
3308 3309 3
3312 3304 3
3316 3317 3
3320 3321 3
3324 3325 3
3328 3329 3
3332 3333 3
3336 3337 3
3340 3341 3
3344 3345 3
3348 3340 3
3352 3353 3
3356 3357 3
3360 3361 3
3364 3365 3
3368 3369 3
3372 3373 3
3376 3377 3
3380 3381 3
3384 3376 3
3388 3389 3
3392 3393 3
3396 3397 3
3400 3401 3
3404 3405 3
3408 3409 3
3412 3413 3
3416 3417 3
3420 3412 3
3424 3425 3
3428 3429 3
3432 3433 3
3436 3437 3
3440 3441 3
3444 3445 3
3448 3449 3
3452 3453 3
3456 3448 3
3460 3461 3
3464 3465 3
3468 3469 3
3472 3473 3
3476 3477 3
3480 3481 3
3484 3485 3
3488 3489 3
3492 3484 3
3496 3497 3
3500 3501 3
3504 3505 3
3508 3509 3
3512 3513 3
3516 3517 3
3520 3521 3
3524 3525 3
3528 3520 3
3532 3533 3
3536 3537 3
3540 3541 3
3544 3545 3
3548 3549 3
3552 3553 3
3556 3557 3
3560 3561 3
3564 3556 3
3568 3569 3
3572 3573 3
3576 3577 3
3580 3581 3
3584 3585 3
3588 3589 3
3592 3593 3
3596 3597 3
3600 3592 3
3604 3605 3
3608 3609 3
3612 3613 3
3616 3617 3
3620 3621 3
3624 3625 3
3628 3629 3
3632 3633 3
3636 3628 3
3640 3641 3
3644 3645 3
3648 3649 3
3652 3653 3
3656 3657 3
3660 3661 3
3664 3665 3
3668 3669 3
3672 3664 3
3676 3677 3
3680 3681 3
3684 3685 3
3688 3689 3
3692 3693 3
3696 3697 3
3700 3701 3
3704 3705 3
3708 3700 3
3712 3713 3
3716 3717 3
3720 3721 3
3724 3725 3
3728 3729 3
3732 3733 3
3736 3737 3
3740 3741 3
3744 3736 3
3748 3749 3
3752 3753 3
3756 3757 3
3760 3761 3
3764 3765 3
3768 3769 3
3772 3773 3
3776 3777 3
3780 3772 3
3784 3785 3
3788 3789 3
3792 3793 3
3796 3797 3
3800 3801 3
3804 3805 3
3808 3809 3
3812 3813 3
3816 3808 3
3820 3821 3
3824 3825 3
3828 3829 3
3832 3833 3
3836 3837 3
3840 3841 3
3844 3845 3
3848 3849 3
3852 3844 3
3856 3857 3
3860 3861 3
3864 3865 3
3868 3869 3
3872 3873 3
3876 3877 3
3880 3881 3
3884 3885 3
3888 3880 3
3892 3893 3
3896 3897 3
3900 3901 3
3904 3905 3
3908 3909 3
3912 3913 3
3916 3917 3
3920 3921 3
3924 3916 3
3928 3929 3
3932 3933 3
3936 3937 3
3940 3941 3
3944 3945 3
3948 3949 3
3952 3953 3
3956 3957 3
3960 3952 3
3964 3965 3
3968 3969 3
3972 3973 3
3976 3977 3
3980 3981 3
3984 3985 3
3988 3989 3
3992 3993 3
3996 3988 3
4000 4001 3
4004 4005 3
4008 4009 3
4012 4013 3
4016 4017 3
4020 4021 3
4024 4025 3
4028 4029 3
4032 4024 3
4036 4037 3
4040 4041 3
4044 4045 3
4048 4049 3
4052 4053 3
4056 4057 3
4060 4061 3
4064 4065 3
4068 4060 3
4072 4073 3
4076 4077 3
4080 4081 3
4084 4085 3
4088 4089 3
4092 4093 3
4096 4097 3
4100 4101 3
4104 4096 3
4108 4109 3
4112 4113 3
4116 4117 3
4120 4121 3
4124 4125 3
4128 4129 3
4132 4133 3
4136 4137 3
4140 4132 3
4144 4145 3
4148 4149 3
4152 4153 3
4156 4157 3
4160 4161 3
4164 4165 3
4168 4169 3
4172 4173 3
4176 4168 3
4180 4181 3
4184 4185 3
4188 4189 3
4192 4193 3
4196 4197 3
4200 4201 3
4204 4205 3
4208 4209 3
4212 4204 3
4216 4217 3
4220 4221 3
4224 4225 3
4228 4229 3
4232 4233 3
4236 4237 3
4240 4241 3
4244 4245 3
4248 4240 3
4252 4253 3
4256 4257 3
4260 4261 3
4264 4265 3
4268 4269 3
4272 4273 3
4276 4277 3
4280 4281 3
4284 4276 3
4288 4289 3
4292 4293 3
4296 4297 3
4300 4301 3
4304 4305 3
4308 4309 3
4312 4313 3
4316 4317 3
4320 4312 3
4324 4325 3
4328 4329 3
4332 4333 3
4336 4337 3
4340 4341 3
4344 4345 3
4348 4349 3
4352 4353 3
4356 4348 3
4360 4361 3
4364 4365 3
4368 4369 3
4372 4373 3
4376 4377 3
4380 4381 3
4384 4385 3
4388 4389 3
4392 4384 3
4396 4397 3
4400 4401 3
4404 4405 3
4408 4409 3
4412 4413 3
4416 4417 3
4420 4421 3
4424 4425 3
4428 4420 3
4432 4433 3
4436 4437 3
4440 4441 3
4444 4445 3
4448 4449 3
4452 4453 3
4456 4457 3
4460 4461 3
4464 4456 3
4468 4469 3
4472 4473 3
4476 4477 3
4480 4481 3
4484 4485 3
4488 4489 3
4492 4493 3
4496 4497 3
4500 4492 3
4504 4505 3
4508 4509 3
4512 4513 3
4516 4517 3
4520 4521 3
4524 4525 3
4528 4529 3
4532 4533 3
4536 4528 3
4540 4541 3
4544 4545 3
4548 4549 3
4552 4553 3
4556 4557 3
4560 4561 3
4564 4565 3
4568 4569 3
4572 4564 3
4576 4577 3
4580 4581 3
4584 4585 3
4588 4589 3
4592 4593 3
4596 4597 3
4600 4601 3
4604 4605 3
4608 4600 3
4612 4613 3
4616 4617 3
4620 4621 3
4624 4625 3
4628 4629 3
4632 4633 3
4636 4637 3
4640 4641 3
4644 4636 3
4648 4649 3
4652 4653 3
4656 4657 3
4660 4661 3
4664 4665 3
4668 4669 3
4672 4673 3
4676 4677 3
4680 4672 3
4684 4685 3
4688 4689 3
4692 4693 3
4696 4697 3
4700 4701 3
4704 4705 3
4708 4709 3
4712 4713 3
4716 4708 3
4720 4721 3
4724 4725 3
4728 4729 3
4732 4733 3
4736 4737 3
4740 4741 3
4744 4745 3
4748 4749 3
4752 4744 3
4756 4757 3
4760 4761 3
4764 4765 3
4768 4769 3
4772 4773 3
4776 4777 3
4780 4781 3
4784 4785 3
4788 4780 3
4792 4793 3
4796 4797 3
4800 4801 3
4804 4805 3
4808 4809 3
4812 4813 3
4816 4817 3
4820 4821 3
4824 4816 3
4828 4829 3
4832 4833 3
4836 4837 3
4840 4841 3
4844 4845 3
4848 4849 3
4852 4853 3
4856 4857 3
4860 4852 3
4864 4865 3
4868 4869 3
4872 4873 3
4876 4877 3
4880 4881 3
4884 4885 3
4888 4889 3
4892 4893 3
4896 4888 3
4900 4901 3
4904 4905 3
4908 4909 3
4912 4913 3
4916 4917 3
4920 4921 3
4924 4925 3
4928 4929 3
4932 4924 3
4936 4937 3
4940 4941 3
4944 4945 3
4948 4949 3
4952 4953 3
4956 4957 3
4960 4961 3
4964 4965 3
4968 4960 3
4972 4973 3
4976 4977 3
4980 4981 3
4984 4985 3
4988 4989 3
4992 4993 3
4996 4997 3
5000 5001 3
5004 4996 3
5008 5009 3
5012 5013 3
5016 5017 3
5020 5021 3
5024 5025 3
5028 5029 3
5032 5033 3
5036 5037 3
5040 5032 3
5044 5045 3
5048 5049 3
5052 5053 3
5056 5057 3
5060 5061 3
5064 5065 3
5068 5069 3
5072 5073 3
5076 5068 3
5080 5081 3
5084 5085 3
5088 5089 3
5092 5093 3
5096 5097 3
5100 5101 3
5104 5105 3
5108 5109 3
5112 5104 3
5116 5117 3
5120 5121 3
5124 5125 3
5128 5129 3
5132 5133 3
5136 5137 3
5140 5141 3
5144 5145 3
5148 5140 3
5152 5153 3
5156 5157 3
5160 5161 3
5164 5165 3
5168 5169 3
5172 5173 3
5176 5177 3
5180 5181 3
5184 5176 3
5188 5189 3
5192 5193 3
5196 5197 3
5200 5201 3
5204 5205 3
5208 5209 3
5212 5213 3
5216 5217 3
5220 5212 3
5224 5225 3
5228 5229 3
5232 5233 3
5236 5237 3
5240 5241 3
5244 5245 3
5248 5249 3
5252 5253 3
5256 5248 3
5260 5261 3
5264 5265 3
5268 5269 3
5272 5273 3
5276 5277 3
5280 5281 3
5284 5285 3
5288 5289 3
5292 5284 3
5296 5297 3
5300 5301 3
5304 5305 3
5308 5309 3
5312 5313 3
5316 5317 3
5320 5321 3
5324 5325 3
5328 5320 3
5332 5333 3
5336 5337 3
5340 5341 3
5344 5345 3
5348 5349 3
5352 5353 3
5356 5357 3
5360 5361 3
5364 5356 3
5368 5369 3
5372 5373 3
5376 5377 3
5380 5381 3
5384 5385 3
5388 5389 3
5392 5393 3
5396 5397 3
5400 5392 3
5404 5405 3
5408 5409 3
5412 5413 3
5416 5417 3
5420 5421 3
5424 5425 3
5428 5429 3
5432 5433 3
5436 5428 3
5440 5441 3
5444 5445 3
5448 5449 3
5452 5453 3
5456 5457 3
5460 5461 3
5464 5465 3
5468 5469 3
5472 5464 3
5476 5477 3
5480 5481 3
5484 5485 3
5488 5489 3
5492 5493 3
5496 5497 3
5500 5501 3
5504 5505 3
5508 5500 3
5512 5513 3
5516 5517 3
5520 5521 3
5524 5525 3
5528 5529 3
5532 5533 3
5536 5537 3
5540 5541 3
5544 5536 3
5548 5549 3
5552 5553 3
5556 5557 3
5560 5561 3
5564 5565 3
5568 5569 3
5572 5573 3
5576 5577 3
5580 5572 3
5584 5585 3
5588 5589 3
5592 5593 3
5596 5597 3
5600 5601 3
5604 5605 3
5608 5609 3
5612 5613 3
5616 5608 3
5620 5621 3
5624 5625 3
5628 5629 3
5632 5633 3
5636 5637 3
5640 5641 3
5644 5645 3
5648 5649 3
5652 5644 3
5656 5657 3
5660 5661 3
5664 5665 3
5668 5669 3
5672 5673 3
5676 5677 3
5680 5681 3
5684 5685 3
5688 5680 3
5692 5693 3
5696 5697 3
5700 5701 3
5704 5705 3
5708 5709 3
5712 5713 3
5716 5717 3
5720 5721 3
5724 5716 3
5728 5729 3
5732 5733 3
5736 5737 3
5740 5741 3
5744 5745 3
5748 5749 3
5752 5753 3
5756 5757 3
5760 5752 3
5764 5765 3
5768 5769 3
5772 5773 3
5776 5777 3
5780 5781 3
5784 5785 3
5788 5789 3
5792 5793 3
5796 5788 3
5800 5801 3
5804 5805 3
5808 5809 3
5812 5813 3
5816 5817 3
5820 5821 3
5824 5825 3
5828 5829 3
5832 5824 3
5836 5837 3
5840 5841 3
5844 5845 3
5848 5849 3
5852 5853 3
5856 5857 3
5860 5861 3
5864 5865 3
5868 5860 3
5872 5873 3
5876 5877 3
5880 5881 3
5884 5885 3
5888 5889 3
5892 5893 3
5896 5897 3
5900 5901 3
5904 5896 3
5908 5909 3
5912 5913 3
5916 5917 3
5920 5921 3
5924 5925 3
5928 5929 3
5932 5933 3
5936 5937 3
5940 5932 3
5944 5945 3
5948 5949 3
5952 5953 3
5956 5957 3
5960 5961 3
5964 5965 3
5968 5969 3
5972 5973 3
5976 5968 3
5980 5981 3
5984 5985 3
5988 5989 3
5992 5993 3
5996 5997 3
6000 6001 3
6004 6005 3
6008 6009 3
6012 6004 3
6016 6017 3
6020 6021 3
6024 6025 3
6028 6029 3
6032 6033 3
6036 6037 3
6040 6041 3
6044 6045 3
6048 6040 3
6052 6053 3
6056 6057 3
6060 6061 3
6064 6065 3
6068 6069 3
6072 6073 3
6076 6077 3
6080 6081 3
6084 6076 3
6088 6089 3
6092 6093 3
6096 6097 3
6100 6101 3
6104 6105 3
6108 6109 3
6112 6113 3
6116 6117 3
6120 6112 3
6124 6125 3
6128 6129 3
6132 6133 3
6136 6137 3
6140 6141 3
6144 6145 3
6148 6149 3
6152 6153 3
6156 6148 3
6160 6161 3
6164 6165 3
6168 6169 3
6172 6173 3
6176 6177 3
6180 6181 3
6184 6185 3
6188 6189 3
6192 6184 3
6196 6197 3
6200 6201 3
6204 6205 3
6208 6209 3
6212 6213 3
6216 6217 3
6220 6221 3
6224 6225 3
6228 6220 3
6232 6233 3
6236 6237 3
6240 6241 3
6244 6245 3
6248 6249 3
6252 6253 3
6256 6257 3
6260 6261 3
6264 6256 3
6268 6269 3
6272 6273 3
6276 6277 3
6280 6281 3
6284 6285 3
6288 6289 3
6292 6293 3
6296 6297 3
6300 6292 3
6304 6305 3
6308 6309 3
6312 6313 3
6316 6317 3
6320 6321 3
6324 6325 3
6328 6329 3
6332 6333 3
6336 6328 3
6340 6341 3
6344 6345 3
6348 6349 3
6352 6353 3
6356 6357 3
6360 6361 3
6364 6365 3
6368 6369 3
6372 6364 3
6376 6377 3
6380 6381 3
6384 6385 3
6388 6389 3
6392 6393 3
6396 6397 3
6400 6401 3
6404 6405 3
6408 6400 3
6412 6413 3
6416 6417 3
6420 6421 3
6424 6425 3
6428 6429 3
6432 6433 3
6436 6437 3
6440 6441 3
6444 6436 3
6448 6449 3
6452 6453 3
6456 6457 3
6460 6461 3
6464 6465 3
6468 6469 3
6472 6473 3
6476 6477 3
6480 6472 3
6484 6485 3
6488 6489 3
6492 6493 3
6496 6497 3
6500 6501 3
6504 6505 3
6508 6509 3
6512 6513 3
6516 6508 3
6520 6521 3
6524 6525 3
6528 6529 3
6532 6533 3
6536 6537 3
6540 6541 3
6544 6545 3
6548 6549 3
6552 6544 3
6556 6557 3
6560 6561 3
6564 6565 3
6568 6569 3
6572 6573 3
6576 6577 3
6580 6581 3
6584 6585 3
6588 6580 3
6592 6593 3
6596 6597 3
6600 6601 3
6604 6605 3
6608 6609 3
6612 6613 3
6616 6617 3
6620 6621 3
6624 6616 3
6628 6629 3
6632 6633 3
6636 6637 3
6640 6641 3
6644 6645 3
6648 6649 3
6652 6653 3
6656 6657 3
6660 6652 3
6664 6665 3
6668 6669 3
6672 6673 3
6676 6677 3
6680 6681 3
6684 6685 3
6688 6689 3
6692 6693 3
6696 6688 3
6700 6701 3
6704 6705 3
6708 6709 3
6712 6713 3
6716 6717 3
6720 6721 3
6724 6725 3
6728 6729 3
6732 6724 3
6736 6737 3
6740 6741 3
6744 6745 3
6748 6749 3
6752 6753 3
6756 6757 3
6760 6761 3
6764 6765 3
6768 6760 3
6772 6773 3
6776 6777 3
6780 6781 3
6784 6785 3
6788 6789 3
6792 6793 3
6796 6797 3
6800 6801 3
6804 6796 3
6808 6809 3
6812 6813 3
6816 6817 3
6820 6821 3
6824 6825 3
6828 6829 3
6832 6833 3
6836 6837 3
6840 6832 3
6844 6845 3
6848 6849 3
6852 6853 3
6856 6857 3
6860 6861 3
6864 6865 3
6868 6869 3
6872 6873 3
6876 6868 3
6880 6881 3
6884 6885 3
6888 6889 3
6892 6893 3
6896 6897 3
6900 6901 3
6904 6905 3
6908 6909 3
6912 6904 3
6916 6917 3
6920 6921 3
6924 6925 3
6928 6929 3
6932 6933 3
6936 6937 3
6940 6941 3
6944 6945 3
6948 6940 3
6952 6953 3
6956 6957 3
6960 6961 3
6964 6965 3
6968 6969 3
6972 6973 3
6976 6977 3
6980 6981 3
6984 6976 3
6988 6989 3
6992 6993 3
6996 6997 3
7000 7001 3
7004 7005 3
7008 7009 3
7012 7013 3
7016 7017 3
7020 7012 3
7024 7025 3
7028 7029 3
7032 7033 3
7036 7037 3
7040 7041 3
7044 7045 3
7048 7049 3
7052 7053 3
7056 7048 3
7060 7061 3
7064 7065 3
7068 7069 3
7072 7073 3
7076 7077 3
7080 7081 3
7084 7085 3
7088 7089 3
7092 7084 3
7096 7097 3
7100 7101 3
7104 7105 3
7108 7109 3
7112 7113 3
7116 7117 3
7120 7121 3
7124 7125 3
7128 7120 3
7132 7133 3
7136 7137 3
7140 7141 3
7144 7145 3
7148 7149 3
7152 7153 3
7156 7157 3
7160 7161 3
7164 7156 3
7168 7169 3
7172 7173 3
7176 7177 3
7180 7181 3
7184 7185 3
7188 7189 3
7192 7193 3
7196 7197 3
7200 7192 3
7204 7205 3
7208 7209 3
7212 7213 3
7216 7217 3
7220 7221 3
7224 7225 3
7228 7229 3
7232 7233 3
7236 7228 3
7240 7241 3
7244 7245 3
7248 7249 3
7252 7253 3
7256 7257 3
7260 7261 3
7264 7265 3
7268 7269 3
7272 7264 3
7276 7277 3
7280 7281 3
7284 7285 3
7288 7289 3
7292 7293 3
7296 7297 3
7300 7301 3
7304 7305 3
7308 7300 3
7312 7313 3
7316 7317 3
7320 7321 3
7324 7325 3
7328 7329 3
7332 7333 3
7336 7337 3
7340 7341 3
7344 7336 3
7348 7349 3
7352 7353 3
7356 7357 3
7360 7361 3
7364 7365 3
7368 7369 3
7372 7373 3
7376 7377 3
7380 7372 3
