2332
4660
3 4 3
3 19 3
3 20 3
3 21 3
3 22 3
3 23 3
3 24 3
7 8 3
7 43 3
7 44 3
7 45 3
7 46 3
7 47 3
7 48 3
11 12 3
11 67 3
11 68 3
11 69 3
11 70 3
11 71 3
11 72 3
15 16 3
15 91 3
15 92 3
15 93 3
15 94 3
15 95 3
15 96 3
19 20 3
19 115 3
19 116 3
19 117 3
19 118 3
19 119 3
19 120 3
23 24 3
23 139 3
23 140 3
23 141 3
23 142 3
23 143 3
23 144 3
27 28 3
27 163 3
27 164 3
27 165 3
27 166 3
27 167 3
27 168 3
31 32 3
31 187 3
31 188 3
31 189 3
31 190 3
31 191 3
31 192 3
35 36 3
35 211 3
35 212 3
35 213 3
35 214 3
35 215 3
35 216 3
39 40 3
39 235 3
39 236 3
39 237 3
39 238 3
39 239 3
39 240 3
43 44 3
43 259 3
43 260 3
43 261 3
43 262 3
43 263 3
43 264 3
47 48 3
47 283 3
47 284 3
47 285 3
47 286 3
47 287 3
47 288 3
51 52 3
51 307 3
51 308 3
51 309 3
51 310 3
51 311 3
51 312 3
55 56 3
55 331 3
55 332 3
55 333 3
55 334 3
55 335 3
55 336 3
59 60 3
59 355 3
59 356 3
59 357 3
59 358 3
59 359 3
59 360 3
63 64 3
63 379 3
63 380 3
63 381 3
63 382 3
63 383 3
63 384 3
67 68 3
67 403 3
67 404 3
67 405 3
67 406 3
67 407 3
67 408 3
71 72 3
71 427 3
71 428 3
71 429 3
71 430 3
71 431 3
71 432 3
75 76 3
75 451 3
75 452 3
75 453 3
75 454 3
75 455 3
75 456 3
79 80 3
79 475 3
79 476 3
79 477 3
79 478 3
79 479 3
79 480 3
83 84 3
83 499 3
83 500 3
83 501 3
83 502 3
83 503 3
83 504 3
87 88 3
87 523 3
87 524 3
87 525 3
87 526 3
87 527 3
87 528 3
91 92 3
91 547 3
91 548 3
91 549 3
91 550 3
91 551 3
91 552 3
95 96 3
95 571 3
95 572 3
95 573 3
95 574 3
95 575 3
95 576 3
99 100 3
99 595 3
99 596 3
99 597 3
99 598 3
99 599 3
99 600 3
103 104 3
103 619 3
103 620 3
103 621 3
103 622 3
103 623 3
103 624 3
107 108 3
107 643 3
107 644 3
107 645 3
107 646 3
107 647 3
107 648 3
111 112 3
111 667 3
111 668 3
111 669 3
111 670 3
111 671 3
111 672 3
115 116 3
115 691 3
115 692 3
115 693 3
115 694 3
115 695 3
115 696 3
119 120 3
119 715 3
119 716 3
119 717 3
119 718 3
119 719 3
119 720 3
123 124 3
123 739 3
123 740 3
123 741 3
123 742 3
123 743 3
123 744 3
127 128 3
127 763 3
127 764 3
127 765 3
127 766 3
127 767 3
127 768 3
131 132 3
131 787 3
131 788 3
131 789 3
131 790 3
131 791 3
131 792 3
135 136 3
135 811 3
135 812 3
135 813 3
135 814 3
135 815 3
135 816 3
139 140 3
139 835 3
139 836 3
139 837 3
139 838 3
139 839 3
139 840 3
143 144 3
143 859 3
143 860 3
143 861 3
143 862 3
143 863 3
143 864 3
147 148 3
147 883 3
147 884 3
147 885 3
147 886 3
147 887 3
147 888 3
151 152 3
151 907 3
151 908 3
151 909 3
151 910 3
151 911 3
151 912 3
155 156 3
155 931 3
155 932 3
155 933 3
155 934 3
155 935 3
155 936 3
159 160 3
159 955 3
159 956 3
159 957 3
159 958 3
159 959 3
159 960 3
163 164 3
163 979 3
163 980 3
163 981 3
163 982 3
163 983 3
163 984 3
167 168 3
167 1003 3
167 1004 3
167 1005 3
167 1006 3
167 1007 3
167 1008 3
171 172 3
171 1027 3
171 1028 3
171 1029 3
171 1030 3
171 1031 3
171 1032 3
175 176 3
175 1051 3
175 1052 3
175 1053 3
175 1054 3
175 1055 3
175 1056 3
179 180 3
179 1075 3
179 1076 3
179 1077 3
179 1078 3
179 1079 3
179 1080 3
183 184 3
183 1099 3
183 1100 3
183 1101 3
183 1102 3
183 1103 3
183 1104 3
187 188 3
187 1123 3
187 1124 3
187 1125 3
187 1126 3
187 1127 3
187 1128 3
191 192 3
191 1147 3
191 1148 3
191 1149 3
191 1150 3
191 1151 3
191 1152 3
195 196 3
195 1171 3
195 1172 3
195 1173 3
195 1174 3
195 1175 3
195 1176 3
199 200 3
199 1195 3
199 1196 3
199 1197 3
199 1198 3
199 1199 3
199 1200 3
203 204 3
203 1219 3
203 1220 3
203 1221 3
203 1222 3
203 1223 3
203 1224 3
207 208 3
207 1243 3
207 1244 3
207 1245 3
207 1246 3
207 1247 3
207 1248 3
211 212 3
211 1267 3
211 1268 3
211 1269 3
211 1270 3
211 1271 3
211 1272 3
215 216 3
215 1291 3
215 1292 3
215 1293 3
215 1294 3
215 1295 3
215 1296 3
219 220 3
219 1315 3
219 1316 3
219 1317 3
219 1318 3
219 1319 3
219 1320 3
223 224 3
223 1339 3
223 1340 3
223 1341 3
223 1342 3
223 1343 3
223 1344 3
227 228 3
227 1363 3
227 1364 3
227 1365 3
227 1366 3
227 1367 3
227 1368 3
231 232 3
231 1387 3
231 1388 3
231 1389 3
231 1390 3
231 1391 3
231 1392 3
235 236 3
235 1411 3
235 1412 3
235 1413 3
235 1414 3
235 1415 3
235 1416 3
239 240 3
239 1435 3
239 1436 3
239 1437 3
239 1438 3
239 1439 3
239 1440 3
243 244 3
243 1459 3
243 1460 3
243 1461 3
243 1462 3
243 1463 3
243 1464 3
247 248 3
247 1483 3
247 1484 3
247 1485 3
247 1486 3
247 1487 3
247 1488 3
251 252 3
251 1507 3
251 1508 3
251 1509 3
251 1510 3
251 1511 3
251 1512 3
255 256 3
255 1531 3
255 1532 3
255 1533 3
255 1534 3
255 1535 3
255 1536 3
259 260 3
259 1555 3
259 1556 3
259 1557 3
259 1558 3
259 1559 3
259 1560 3
263 264 3
263 1579 3
263 1580 3
263 1581 3
263 1582 3
263 1583 3
263 1584 3
267 268 3
267 1603 3
267 1604 3
267 1605 3
267 1606 3
267 1607 3
267 1608 3
271 272 3
271 1627 3
271 1628 3
271 1629 3
271 1630 3
271 1631 3
271 1632 3
275 276 3
275 1651 3
275 1652 3
275 1653 3
275 1654 3
275 1655 3
275 1656 3
279 280 3
279 1675 3
279 1676 3
279 1677 3
279 1678 3
279 1679 3
279 1680 3
283 284 3
283 1699 3
283 1700 3
283 1701 3
283 1702 3
283 1703 3
283 1704 3
287 288 3
287 1723 3
287 1724 3
287 1725 3
287 1726 3
287 1727 3
287 1728 3
291 292 3
291 1747 3
291 1748 3
291 1749 3
291 1750 3
291 1751 3
291 1752 3
295 296 3
295 1771 3
295 1772 3
295 1773 3
295 1774 3
295 1775 3
295 1776 3
299 300 3
299 1795 3
299 1796 3
299 1797 3
299 1798 3
299 1799 3
299 1800 3
303 304 3
303 1819 3
303 1820 3
303 1821 3
303 1822 3
303 1823 3
303 1824 3
307 308 3
307 1843 3
307 1844 3
307 1845 3
307 1846 3
307 1847 3
307 1848 3
311 312 3
311 1867 3
311 1868 3
311 1869 3
311 1870 3
311 1871 3
311 1872 3
315 316 3
315 1891 3
315 1892 3
315 1893 3
315 1894 3
315 1895 3
315 1896 3
319 320 3
319 1915 3
319 1916 3
319 1917 3
319 1918 3
319 1919 3
319 1920 3
323 324 3
323 1939 3
323 1940 3
323 1941 3
323 1942 3
323 1943 3
323 1944 3
327 328 3
327 1963 3
327 1964 3
327 1965 3
327 1966 3
327 1967 3
327 1968 3
331 332 3
331 1987 3
331 1988 3
331 1989 3
331 1990 3
331 1991 3
331 1992 3
335 336 3
335 2011 3
335 2012 3
335 2013 3
335 2014 3
335 2015 3
335 2016 3
339 340 3
339 2035 3
339 2036 3
339 2037 3
339 2038 3
339 2039 3
339 2040 3
343 344 3
343 2059 3
343 2060 3
343 2061 3
343 2062 3
343 2063 3
343 2064 3
347 348 3
347 2083 3
347 2084 3
347 2085 3
347 2086 3
347 2087 3
347 2088 3
351 352 3
351 2107 3
351 2108 3
351 2109 3
351 2110 3
351 2111 3
351 2112 3
355 356 3
355 2131 3
355 2132 3
355 2133 3
355 2134 3
355 2135 3
355 2136 3
359 360 3
359 2155 3
359 2156 3
359 2157 3
359 2158 3
359 2159 3
359 2160 3
363 364 3
363 2179 3
363 2180 3
363 2181 3
363 2182 3
363 2183 3
363 2184 3
367 368 3
367 2203 3
367 2204 3
367 2205 3
367 2206 3
367 2207 3
367 2208 3
371 372 3
371 2227 3
371 2228 3
371 2229 3
371 2230 3
371 2231 3
371 2232 3
375 376 3
375 2251 3
375 2252 3
375 2253 3
375 2254 3
375 2255 3
375 2256 3
379 380 3
379 2275 3
379 2276 3
379 2277 3
379 2278 3
379 2279 3
379 2280 3
383 384 3
383 2299 3
383 2300 3
383 2301 3
383 2302 3
383 2303 3
383 2304 3
387 388 3
387 2323 3
387 2324 3
387 2325 3
387 2326 3
387 2327 3
387 2328 3
391 392 3
391 2347 3
391 2348 3
391 2349 3
391 2350 3
391 2351 3
391 2352 3
395 396 3
395 2371 3
395 2372 3
395 2373 3
395 2374 3
395 2375 3
395 2376 3
399 400 3
399 2395 3
399 2396 3
399 2397 3
399 2398 3
399 2399 3
399 2400 3
403 404 3
403 2419 3
403 2420 3
403 2421 3
403 2422 3
403 2423 3
403 2424 3
407 408 3
407 2443 3
407 2444 3
407 2445 3
407 2446 3
407 2447 3
407 2448 3
411 412 3
411 2467 3
411 2468 3
411 2469 3
411 2470 3
411 2471 3
411 2472 3
415 416 3
415 2491 3
415 2492 3
415 2493 3
415 2494 3
415 2495 3
415 2496 3
419 420 3
419 2515 3
419 2516 3
419 2517 3
419 2518 3
419 2519 3
419 2520 3
423 424 3
423 2539 3
423 2540 3
423 2541 3
423 2542 3
423 2543 3
423 2544 3
427 428 3
427 2563 3
427 2564 3
427 2565 3
427 2566 3
427 2567 3
427 2568 3
431 432 3
431 2587 3
431 2588 3
431 2589 3
431 2590 3
431 2591 3
431 2592 3
435 436 3
435 2611 3
435 2612 3
435 2613 3
435 2614 3
435 2615 3
435 2616 3
439 440 3
439 2635 3
439 2636 3
439 2637 3
439 2638 3
439 2639 3
439 2640 3
443 444 3
443 2659 3
443 2660 3
443 2661 3
443 2662 3
443 2663 3
443 2664 3
447 448 3
447 2683 3
447 2684 3
447 2685 3
447 2686 3
447 2687 3
447 2688 3
451 452 3
451 2707 3
451 2708 3
451 2709 3
451 2710 3
451 2711 3
451 2712 3
455 456 3
455 2731 3
455 2732 3
455 2733 3
455 2734 3
455 2735 3
455 2736 3
459 460 3
459 2755 3
459 2756 3
459 2757 3
459 2758 3
459 2759 3
459 2760 3
463 464 3
463 2779 3
463 2780 3
463 2781 3
463 2782 3
463 2783 3
463 2784 3
467 468 3
467 2803 3
467 2804 3
467 2805 3
467 2806 3
467 2807 3
467 2808 3
471 472 3
471 2827 3
471 2828 3
471 2829 3
471 2830 3
471 2831 3
471 2832 3
475 476 3
475 2851 3
475 2852 3
475 2853 3
475 2854 3
475 2855 3
475 2856 3
479 480 3
479 2875 3
479 2876 3
479 2877 3
479 2878 3
479 2879 3
479 2880 3
483 484 3
483 2899 3
483 2900 3
483 2901 3
483 2902 3
483 2903 3
483 2904 3
487 488 3
487 2923 3
487 2924 3
487 2925 3
487 2926 3
487 2927 3
487 2928 3
491 492 3
491 2947 3
491 2948 3
491 2949 3
491 2950 3
491 2951 3
491 2952 3
495 496 3
495 2971 3
495 2972 3
495 2973 3
495 2974 3
495 2975 3
495 2976 3
499 500 3
499 2995 3
499 2996 3
499 2997 3
499 2998 3
499 2999 3
499 3000 3
503 504 3
503 3019 3
503 3020 3
503 3021 3
503 3022 3
503 3023 3
503 3024 3
507 508 3
507 3043 3
507 3044 3
507 3045 3
507 3046 3
507 3047 3
507 3048 3
511 512 3
511 3067 3
511 3068 3
511 3069 3
511 3070 3
511 3071 3
511 3072 3
515 516 3
515 3091 3
515 3092 3
515 3093 3
515 3094 3
515 3095 3
515 3096 3
519 520 3
519 3115 3
519 3116 3
519 3117 3
519 3118 3
519 3119 3
519 3120 3
523 524 3
523 3139 3
523 3140 3
523 3141 3
523 3142 3
523 3143 3
523 3144 3
527 528 3
527 3163 3
527 3164 3
527 3165 3
527 3166 3
527 3167 3
527 3168 3
531 532 3
531 3187 3
531 3188 3
531 3189 3
531 3190 3
531 3191 3
531 3192 3
535 536 3
535 3211 3
535 3212 3
535 3213 3
535 3214 3
535 3215 3
535 3216 3
539 540 3
539 3235 3
539 3236 3
539 3237 3
539 3238 3
539 3239 3
539 3240 3
543 544 3
543 3259 3
543 3260 3
543 3261 3
543 3262 3
543 3263 3
543 3264 3
547 548 3
547 3283 3
547 3284 3
547 3285 3
547 3286 3
547 3287 3
547 3288 3
551 552 3
551 3307 3
551 3308 3
551 3309 3
551 3310 3
551 3311 3
551 3312 3
555 556 3
555 3331 3
555 3332 3
555 3333 3
555 3334 3
555 3335 3
555 3336 3
559 560 3
559 3355 3
559 3356 3
559 3357 3
559 3358 3
559 3359 3
559 3360 3
563 564 3
563 3379 3
563 3380 3
563 3381 3
563 3382 3
563 3383 3
563 3384 3
567 568 3
567 3403 3
567 3404 3
567 3405 3
567 3406 3
567 3407 3
567 3408 3
571 572 3
571 3427 3
571 3428 3
571 3429 3
571 3430 3
571 3431 3
571 3432 3
575 576 3
575 3451 3
575 3452 3
575 3453 3
575 3454 3
575 3455 3
575 3456 3
579 580 3
579 3475 3
579 3476 3
579 3477 3
579 3478 3
579 3479 3
579 3480 3
583 584 3
583 3499 3
583 3500 3
583 3501 3
583 3502 3
583 3503 3
583 3504 3
587 588 3
587 3523 3
587 3524 3
587 3525 3
587 3526 3
587 3527 3
587 3528 3
591 592 3
591 3547 3
591 3548 3
591 3549 3
591 3550 3
591 3551 3
591 3552 3
595 596 3
595 3571 3
595 3572 3
595 3573 3
595 3574 3
595 3575 3
595 3576 3
599 600 3
599 3595 3
599 3596 3
599 3597 3
599 3598 3
599 3599 3
599 3600 3
603 604 3
603 3619 3
603 3620 3
603 3621 3
603 3622 3
603 3623 3
603 3624 3
607 608 3
607 3643 3
607 3644 3
607 3645 3
607 3646 3
607 3647 3
607 3648 3
611 612 3
611 3667 3
611 3668 3
611 3669 3
611 3670 3
611 3671 3
611 3672 3
615 616 3
615 3691 3
615 3692 3
615 3693 3
615 3694 3
615 3695 3
615 3696 3
619 620 3
619 3715 3
619 3716 3
619 3717 3
619 3718 3
619 3719 3
619 3720 3
623 624 3
623 3739 3
623 3740 3
623 3741 3
623 3742 3
623 3743 3
623 3744 3
627 628 3
627 3763 3
627 3764 3
627 3765 3
627 3766 3
627 3767 3
627 3768 3
631 632 3
631 3787 3
631 3788 3
631 3789 3
631 3790 3
631 3791 3
631 3792 3
635 636 3
635 3811 3
635 3812 3
635 3813 3
635 3814 3
635 3815 3
635 3816 3
639 640 3
639 3835 3
639 3836 3
639 3837 3
639 3838 3
639 3839 3
639 3840 3
643 644 3
643 3859 3
643 3860 3
643 3861 3
643 3862 3
643 3863 3
643 3864 3
647 648 3
647 3883 3
647 3884 3
647 3885 3
647 3886 3
647 3887 3
647 3888 3
651 652 3
651 3907 3
651 3908 3
651 3909 3
651 3910 3
651 3911 3
651 3912 3
655 656 3
655 3931 3
655 3932 3
655 3933 3
655 3934 3
655 3935 3
655 3936 3
659 660 3
659 3955 3
659 3956 3
659 3957 3
659 3958 3
659 3959 3
659 3960 3
663 664 3
663 3979 3
663 3980 3
663 3981 3
663 3982 3
663 3983 3
663 3984 3
667 668 3
667 4003 3
667 4004 3
667 4005 3
667 4006 3
667 4007 3
667 4008 3
671 672 3
671 4027 3
671 4028 3
671 4029 3
671 4030 3
671 4031 3
671 4032 3
675 676 3
675 4051 3
675 4052 3
675 4053 3
675 4054 3
675 4055 3
675 4056 3
679 680 3
679 4075 3
679 4076 3
679 4077 3
679 4078 3
679 4079 3
679 4080 3
683 684 3
683 4099 3
683 4100 3
683 4101 3
683 4102 3
683 4103 3
683 4104 3
687 688 3
687 4123 3
687 4124 3
687 4125 3
687 4126 3
687 4127 3
687 4128 3
691 692 3
691 4147 3
691 4148 3
691 4149 3
691 4150 3
691 4151 3
691 4152 3
695 696 3
695 4171 3
695 4172 3
695 4173 3
695 4174 3
695 4175 3
695 4176 3
699 700 3
699 4195 3
699 4196 3
699 4197 3
699 4198 3
699 4199 3
699 4200 3
703 704 3
703 4219 3
703 4220 3
703 4221 3
703 4222 3
703 4223 3
703 4224 3
707 708 3
707 4243 3
707 4244 3
707 4245 3
707 4246 3
707 4247 3
707 4248 3
711 712 3
711 4267 3
711 4268 3
711 4269 3
711 4270 3
711 4271 3
711 4272 3
715 716 3
715 4291 3
715 4292 3
715 4293 3
715 4294 3
715 4295 3
715 4296 3
719 720 3
719 4315 3
719 4316 3
719 4317 3
719 4318 3
719 4319 3
719 4320 3
723 724 3
723 4339 3
723 4340 3
723 4341 3
723 4342 3
723 4343 3
723 4344 3
727 728 3
727 4363 3
727 4364 3
727 4365 3
727 4366 3
727 4367 3
727 4368 3
731 732 3
731 4387 3
731 4388 3
731 4389 3
731 4390 3
731 4391 3
731 4392 3
735 736 3
735 4411 3
735 4412 3
735 4413 3
735 4414 3
735 4415 3
735 4416 3
739 740 3
739 4435 3
739 4436 3
739 4437 3
739 4438 3
739 4439 3
739 4440 3
743 744 3
743 4459 3
743 4460 3
743 4461 3
743 4462 3
743 4463 3
743 4464 3
747 748 3
747 4483 3
747 4484 3
747 4485 3
747 4486 3
747 4487 3
747 4488 3
751 752 3
751 4507 3
751 4508 3
751 4509 3
751 4510 3
751 4511 3
751 4512 3
755 756 3
755 4531 3
755 4532 3
755 4533 3
755 4534 3
755 4535 3
755 4536 3
759 760 3
759 4555 3
759 4556 3
759 4557 3
759 4558 3
759 4559 3
759 4560 3
763 764 3
763 4579 3
763 4580 3
763 4581 3
763 4582 3
763 4583 3
763 4584 3
767 768 3
767 4603 3
767 4604 3
767 4605 3
767 4606 3
767 4607 3
767 4608 3
771 772 3
771 4627 3
771 4628 3
771 4629 3
771 4630 3
771 4631 3
771 4632 3
775 776 3
775 4651 3
775 4652 3
775 4653 3
775 4654 3
775 4655 3
775 4656 3
779 780 3
779 4675 3
779 4676 3
779 4677 3
779 4678 3
779 4679 3
779 4680 3
783 784 3
783 4699 3
783 4700 3
783 4701 3
783 4702 3
783 4703 3
783 4704 3
787 788 3
787 4723 3
787 4724 3
787 4725 3
787 4726 3
787 4727 3
787 4728 3
791 792 3
791 4747 3
791 4748 3
791 4749 3
791 4750 3
791 4751 3
791 4752 3
795 796 3
795 4771 3
795 4772 3
795 4773 3
795 4774 3
795 4775 3
795 4776 3
799 800 3
799 4795 3
799 4796 3
799 4797 3
799 4798 3
799 4799 3
799 4800 3
803 804 3
803 4819 3
803 4820 3
803 4821 3
803 4822 3
803 4823 3
803 4824 3
807 808 3
807 4843 3
807 4844 3
807 4845 3
807 4846 3
807 4847 3
807 4848 3
811 812 3
811 4867 3
811 4868 3
811 4869 3
811 4870 3
811 4871 3
811 4872 3
815 816 3
815 4891 3
815 4892 3
815 4893 3
815 4894 3
815 4895 3
815 4896 3
819 820 3
819 4915 3
819 4916 3
819 4917 3
819 4918 3
819 4919 3
819 4920 3
823 824 3
823 4939 3
823 4940 3
823 4941 3
823 4942 3
823 4943 3
823 4944 3
827 828 3
827 4963 3
827 4964 3
827 4965 3
827 4966 3
827 4967 3
827 4968 3
831 832 3
831 4987 3
831 4988 3
831 4989 3
831 4990 3
831 4991 3
831 4992 3
835 836 3
835 5011 3
835 5012 3
835 5013 3
835 5014 3
835 5015 3
835 5016 3
839 840 3
839 5035 3
839 5036 3
839 5037 3
839 5038 3
839 5039 3
839 5040 3
843 844 3
843 5059 3
843 5060 3
843 5061 3
843 5062 3
843 5063 3
843 5064 3
847 848 3
847 5083 3
847 5084 3
847 5085 3
847 5086 3
847 5087 3
847 5088 3
851 852 3
851 5107 3
851 5108 3
851 5109 3
851 5110 3
851 5111 3
851 5112 3
855 856 3
855 5131 3
855 5132 3
855 5133 3
855 5134 3
855 5135 3
855 5136 3
859 860 3
859 5155 3
859 5156 3
859 5157 3
859 5158 3
859 5159 3
859 5160 3
863 864 3
863 5179 3
863 5180 3
863 5181 3
863 5182 3
863 5183 3
863 5184 3
867 868 3
867 5203 3
867 5204 3
867 5205 3
867 5206 3
867 5207 3
867 5208 3
871 872 3
871 5227 3
871 5228 3
871 5229 3
871 5230 3
871 5231 3
871 5232 3
875 876 3
875 5251 3
875 5252 3
875 5253 3
875 5254 3
875 5255 3
875 5256 3
879 880 3
879 5275 3
879 5276 3
879 5277 3
879 5278 3
879 5279 3
879 5280 3
883 884 3
883 5299 3
883 5300 3
883 5301 3
883 5302 3
883 5303 3
883 5304 3
887 888 3
887 5323 3
887 5324 3
887 5325 3
887 5326 3
887 5327 3
887 5328 3
891 892 3
891 5347 3
891 5348 3
891 5349 3
891 5350 3
891 5351 3
891 5352 3
895 896 3
895 5371 3
895 5372 3
895 5373 3
895 5374 3
895 5375 3
895 5376 3
899 900 3
899 5395 3
899 5396 3
899 5397 3
899 5398 3
899 5399 3
899 5400 3
903 904 3
903 5419 3
903 5420 3
903 5421 3
903 5422 3
903 5423 3
903 5424 3
907 908 3
907 5443 3
907 5444 3
907 5445 3
907 5446 3
907 5447 3
907 5448 3
911 912 3
911 5467 3
911 5468 3
911 5469 3
911 5470 3
911 5471 3
911 5472 3
915 916 3
915 5491 3
915 5492 3
915 5493 3
915 5494 3
915 5495 3
915 5496 3
919 920 3
919 5515 3
919 5516 3
919 5517 3
919 5518 3
919 5519 3
919 5520 3
923 924 3
923 5539 3
923 5540 3
923 5541 3
923 5542 3
923 5543 3
923 5544 3
927 928 3
927 5563 3
927 5564 3
927 5565 3
927 5566 3
927 5567 3
927 5568 3
931 932 3
931 5587 3
931 5588 3
931 5589 3
931 5590 3
931 5591 3
931 5592 3
935 936 3
935 5611 3
935 5612 3
935 5613 3
935 5614 3
935 5615 3
935 5616 3
939 940 3
939 5635 3
939 5636 3
939 5637 3
939 5638 3
939 5639 3
939 5640 3
943 944 3
943 5659 3
943 5660 3
943 5661 3
943 5662 3
943 5663 3
943 5664 3
947 948 3
947 5683 3
947 5684 3
947 5685 3
947 5686 3
947 5687 3
947 5688 3
951 952 3
951 5707 3
951 5708 3
951 5709 3
951 5710 3
951 5711 3
951 5712 3
955 956 3
955 5731 3
955 5732 3
955 5733 3
955 5734 3
955 5735 3
955 5736 3
959 960 3
959 5755 3
959 5756 3
959 5757 3
959 5758 3
959 5759 3
959 5760 3
963 964 3
963 5779 3
963 5780 3
963 5781 3
963 5782 3
963 5783 3
963 5784 3
967 968 3
967 5803 3
967 5804 3
967 5805 3
967 5806 3
967 5807 3
967 5808 3
971 972 3
971 5827 3
971 5828 3
971 5829 3
971 5830 3
971 5831 3
971 5832 3
975 976 3
975 5851 3
975 5852 3
975 5853 3
975 5854 3
975 5855 3
975 5856 3
979 980 3
979 5875 3
979 5876 3
979 5877 3
979 5878 3
979 5879 3
979 5880 3
983 984 3
983 5899 3
983 5900 3
983 5901 3
983 5902 3
983 5903 3
983 5904 3
987 988 3
987 5923 3
987 5924 3
987 5925 3
987 5926 3
987 5927 3
987 5928 3
991 992 3
991 5947 3
991 5948 3
991 5949 3
991 5950 3
991 5951 3
991 5952 3
995 996 3
995 5971 3
995 5972 3
995 5973 3
995 5974 3
995 5975 3
995 5976 3
999 1000 3
999 5995 3
999 5996 3
999 5997 3
999 5998 3
999 5999 3
999 6000 3
1003 1004 3
1003 6019 3
1003 6020 3
1003 6021 3
1003 6022 3
1003 6023 3
1003 6024 3
1007 1008 3
1007 6043 3
1007 6044 3
1007 6045 3
1007 6046 3
1007 6047 3
1007 6048 3
1011 1012 3
1011 6067 3
1011 6068 3
1011 6069 3
1011 6070 3
1011 6071 3
1011 6072 3
1015 1016 3
1015 6091 3
1015 6092 3
1015 6093 3
1015 6094 3
1015 6095 3
1015 6096 3
1019 1020 3
1019 6115 3
1019 6116 3
1019 6117 3
1019 6118 3
1019 6119 3
1019 6120 3
1023 1024 3
1023 6139 3
1023 6140 3
1023 6141 3
1023 6142 3
1023 6143 3
1023 6144 3
1027 1028 3
1027 6163 3
1027 6164 3
1027 6165 3
1027 6166 3
1027 6167 3
1027 6168 3
1031 1032 3
1031 6187 3
1031 6188 3
1031 6189 3
1031 6190 3
1031 6191 3
1031 6192 3
1035 1036 3
1035 6211 3
1035 6212 3
1035 6213 3
1035 6214 3
1035 6215 3
1035 6216 3
1039 1040 3
1039 6235 3
1039 6236 3
1039 6237 3
1039 6238 3
1039 6239 3
1039 6240 3
1043 1044 3
1043 6259 3
1043 6260 3
1043 6261 3
1043 6262 3
1043 6263 3
1043 6264 3
1047 1048 3
1047 6283 3
1047 6284 3
1047 6285 3
1047 6286 3
1047 6287 3
1047 6288 3
1051 1052 3
1051 6307 3
1051 6308 3
1051 6309 3
1051 6310 3
1051 6311 3
1051 6312 3
1055 1056 3
1055 6331 3
1055 6332 3
1055 6333 3
1055 6334 3
1055 6335 3
1055 6336 3
1059 1060 3
1059 6355 3
1059 6356 3
1059 6357 3
1059 6358 3
1059 6359 3
1059 6360 3
1063 1064 3
1063 6379 3
1063 6380 3
1063 6381 3
1063 6382 3
1063 6383 3
1063 6384 3
1067 1068 3
1067 6403 3
1067 6404 3
1067 6405 3
1067 6406 3
1067 6407 3
1067 6408 3
1071 1072 3
1071 6427 3
1071 6428 3
1071 6429 3
1071 6430 3
1071 6431 3
1071 6432 3
1075 1076 3
1075 6451 3
1075 6452 3
1075 6453 3
1075 6454 3
1075 6455 3
1075 6456 3
1079 1080 3
1079 6475 3
1079 6476 3
1079 6477 3
1079 6478 3
1079 6479 3
1079 6480 3
1083 1084 3
1083 6499 3
1083 6500 3
1083 6501 3
1083 6502 3
1083 6503 3
1083 6504 3
1087 1088 3
1087 6523 3
1087 6524 3
1087 6525 3
1087 6526 3
1087 6527 3
1087 6528 3
1091 1092 3
1091 6547 3
1091 6548 3
1091 6549 3
1091 6550 3
1091 6551 3
1091 6552 3
1095 1096 3
1095 6571 3
1095 6572 3
1095 6573 3
1095 6574 3
1095 6575 3
1095 6576 3
1099 1100 3
1099 6595 3
1099 6596 3
1099 6597 3
1099 6598 3
1099 6599 3
1099 6600 3
1103 1104 3
1103 6619 3
1103 6620 3
1103 6621 3
1103 6622 3
1103 6623 3
1103 6624 3
1107 1108 3
1107 6643 3
1107 6644 3
1107 6645 3
1107 6646 3
1107 6647 3
1107 6648 3
1111 1112 3
1111 6667 3
1111 6668 3
1111 6669 3
1111 6670 3
1111 6671 3
1111 6672 3
1115 1116 3
1115 6691 3
1115 6692 3
1115 6693 3
1115 6694 3
1115 6695 3
1115 6696 3
1119 1120 3
1119 6715 3
1119 6716 3
1119 6717 3
1119 6718 3
1119 6719 3
1119 6720 3
1123 1124 3
1123 6739 3
1123 6740 3
1123 6741 3
1123 6742 3
1123 6743 3
1123 6744 3
1127 1128 3
1127 6763 3
1127 6764 3
1127 6765 3
1127 6766 3
1127 6767 3
1127 6768 3
1131 1132 3
1131 6787 3
1131 6788 3
1131 6789 3
1131 6790 3
1131 6791 3
1131 6792 3
1135 1136 3
1135 6811 3
1135 6812 3
1135 6813 3
1135 6814 3
1135 6815 3
1135 6816 3
1139 1140 3
1139 6835 3
1139 6836 3
1139 6837 3
1139 6838 3
1139 6839 3
1139 6840 3
1143 1144 3
1143 6859 3
1143 6860 3
1143 6861 3
1143 6862 3
1143 6863 3
1143 6864 3
1147 1148 3
1147 6883 3
1147 6884 3
1147 6885 3
1147 6886 3
1147 6887 3
1147 6888 3
1151 1152 3
1151 6907 3
1151 6908 3
1151 6909 3
1151 6910 3
1151 6911 3
1151 6912 3
1155 1156 3
1155 6931 3
1155 6932 3
1155 6933 3
1155 6934 3
1155 6935 3
1155 6936 3
1159 1160 3
1159 6955 3
1159 6956 3
1159 6957 3
1159 6958 3
1159 6959 3
1159 6960 3
1163 1164 3
1163 6979 3
1163 6980 3
1163 6981 3
1163 6982 3
1163 6983 3
1163 6984 3
1167 1168 3
1167 7003 3
1167 7004 3
1167 7005 3
1167 7006 3
1167 7007 3
1167 7008 3
1171 1172 3
1171 7027 3
1171 7028 3
1171 7029 3
1171 7030 3
1171 7031 3
1171 7032 3
1175 1176 3
1175 7051 3
1175 7052 3
1175 7053 3
1175 7054 3
1175 7055 3
1175 7056 3
1179 1180 3
1179 7075 3
1179 7076 3
1179 7077 3
1179 7078 3
1179 7079 3
1179 7080 3
1183 1184 3
1183 7099 3
1183 7100 3
1183 7101 3
1183 7102 3
1183 7103 3
1183 7104 3
1187 1188 3
1187 7123 3
1187 7124 3
1187 7125 3
1187 7126 3
1187 7127 3
1187 7128 3
1191 1192 3
1191 7147 3
1191 7148 3
1191 7149 3
1191 7150 3
1191 7151 3
1191 7152 3
1195 1196 3
1195 7171 3
1195 7172 3
1195 7173 3
1195 7174 3
1195 7175 3
1195 7176 3
1199 1200 3
1199 7195 3
1199 7196 3
1199 7197 3
1199 7198 3
1199 7199 3
1199 7200 3
1203 1204 3
1203 7219 3
1203 7220 3
1203 7221 3
1203 7222 3
1203 7223 3
1203 7224 3
1207 1208 3
1207 7243 3
1207 7244 3
1207 7245 3
1207 7246 3
1207 7247 3
1207 7248 3
1211 1212 3
1211 7267 3
1211 7268 3
1211 7269 3
1211 7270 3
1211 7271 3
1211 7272 3
1215 1216 3
1215 7291 3
1215 7292 3
1215 7293 3
1215 7294 3
1215 7295 3
1215 7296 3
1219 1220 3
1219 7315 3
1219 7316 3
1219 7317 3
1219 7318 3
1219 7319 3
1219 7320 3
1223 1224 3
1223 7339 3
1223 7340 3
1223 7341 3
1223 7342 3
1223 7343 3
1223 7344 3
1227 1228 3
1227 7363 3
1227 7364 3
1227 7365 3
1227 7366 3
1227 7367 3
1227 7368 3
1231 1232 3
1231 7387 3
1231 7388 3
1231 7389 3
1231 7390 3
1231 7391 3
1231 7392 3
1235 1236 3
1235 7411 3
1235 7412 3
1235 7413 3
1235 7414 3
1235 7415 3
1235 7416 3
1239 1240 3
1239 7435 3
1239 7436 3
1239 7437 3
1239 7438 3
1239 7439 3
1239 7440 3
1243 1244 3
1243 7459 3
1243 7460 3
1243 7461 3
1243 7462 3
1243 7463 3
1243 7464 3
1247 1248 3
1247 7483 3
1247 7484 3
1247 7485 3
1247 7486 3
1247 7487 3
1247 7488 3
1251 1252 3
1251 7507 3
1251 7508 3
1251 7509 3
1251 7510 3
1251 7511 3
1251 7512 3
1255 1256 3
1255 7531 3
1255 7532 3
1255 7533 3
1255 7534 3
1255 7535 3
1255 7536 3
1259 1260 3
1259 7555 3
1259 7556 3
1259 7557 3
1259 7558 3
1259 7559 3
1259 7560 3
1263 1264 3
1263 7579 3
1263 7580 3
1263 7581 3
1263 7582 3
1263 7583 3
1263 7584 3
1267 1268 3
1267 7603 3
1267 7604 3
1267 7605 3
1267 7606 3
1267 7607 3
1267 7608 3
1271 1272 3
1271 7627 3
1271 7628 3
1271 7629 3
1271 7630 3
1271 7631 3
1271 7632 3
1275 1276 3
1275 7651 3
1275 7652 3
1275 7653 3
1275 7654 3
1275 7655 3
1275 7656 3
1279 1280 3
1279 7675 3
1279 7676 3
1279 7677 3
1279 7678 3
1279 7679 3
1279 7680 3
1283 1284 3
1283 7699 3
1283 7700 3
1283 7701 3
1283 7702 3
1283 7703 3
1283 7704 3
1287 1288 3
1287 7723 3
1287 7724 3
1287 7725 3
1287 7726 3
1287 7727 3
1287 7728 3
1291 1292 3
1291 7747 3
1291 7748 3
1291 7749 3
1291 7750 3
1291 7751 3
1291 7752 3
1295 1296 3
1295 7771 3
1295 7772 3
1295 7773 3
1295 7774 3
1295 7775 3
1295 7776 3
1299 1300 3
1299 7795 3
1299 7796 3
1299 7797 3
1299 7798 3
1299 7799 3
1299 7800 3
1303 1304 3
1303 7819 3
1303 7820 3
1303 7821 3
1303 7822 3
1303 7823 3
1303 7824 3
1307 1308 3
1307 7843 3
1307 7844 3
1307 7845 3
1307 7846 3
1307 7847 3
1307 7848 3
1311 1312 3
1311 7867 3
1311 7868 3
1311 7869 3
1311 7870 3
1311 7871 3
1311 7872 3
1315 1316 3
1315 7891 3
1315 7892 3
1315 7893 3
1315 7894 3
1315 7895 3
1315 7896 3
1319 1320 3
1319 7915 3
1319 7916 3
1319 7917 3
1319 7918 3
1319 7919 3
1319 7920 3
1323 1324 3
1323 7939 3
1323 7940 3
1323 7941 3
1323 7942 3
1323 7943 3
1323 7944 3
1327 1328 3
1327 7963 3
1327 7964 3
1327 7965 3
1327 7966 3
1327 7967 3
1327 7968 3
1331 1332 3
1331 7987 3
1331 7988 3
1331 7989 3
1331 7990 3
1331 7991 3
1331 7992 3
1335 1336 3
1335 8011 3
1335 8012 3
1335 8013 3
1335 8014 3
1335 8015 3
1335 8016 3
1339 1340 3
1339 8035 3
1339 8036 3
1339 8037 3
1339 8038 3
1339 8039 3
1339 8040 3
1343 1344 3
1343 8059 3
1343 8060 3
1343 8061 3
1343 8062 3
1343 8063 3
1343 8064 3
1347 1348 3
1347 8083 3
1347 8084 3
1347 8085 3
1347 8086 3
1347 8087 3
1347 8088 3
1351 1352 3
1351 8107 3
1351 8108 3
1351 8109 3
1351 8110 3
1351 8111 3
1351 8112 3
1355 1356 3
1355 8131 3
1355 8132 3
1355 8133 3
1355 8134 3
1355 8135 3
1355 8136 3
1359 1360 3
1359 8155 3
1359 8156 3
1359 8157 3
1359 8158 3
1359 8159 3
1359 8160 3
1363 1364 3
1363 8179 3
1363 8180 3
1363 8181 3
1363 8182 3
1363 8183 3
1363 8184 3
1367 1368 3
1367 8203 3
1367 8204 3
1367 8205 3
1367 8206 3
1367 8207 3
1367 8208 3
1371 1372 3
1371 8227 3
1371 8228 3
1371 8229 3
1371 8230 3
1371 8231 3
1371 8232 3
1375 1376 3
1375 8251 3
1375 8252 3
1375 8253 3
1375 8254 3
1375 8255 3
1375 8256 3
1379 1380 3
1379 8275 3
1379 8276 3
1379 8277 3
1379 8278 3
1379 8279 3
1379 8280 3
1383 1384 3
1383 8299 3
1383 8300 3
1383 8301 3
1383 8302 3
1383 8303 3
1383 8304 3
1387 1388 3
1387 8323 3
1387 8324 3
1387 8325 3
1387 8326 3
1387 8327 3
1387 8328 3
1391 1392 3
1391 8347 3
1391 8348 3
1391 8349 3
1391 8350 3
1391 8351 3
1391 8352 3
1395 1396 3
1395 8371 3
1395 8372 3
1395 8373 3
1395 8374 3
1395 8375 3
1395 8376 3
1399 1400 3
1399 8395 3
1399 8396 3
1399 8397 3
1399 8398 3
1399 8399 3
1399 8400 3
1403 1404 3
1403 8419 3
1403 8420 3
1403 8421 3
1403 8422 3
1403 8423 3
1403 8424 3
1407 1408 3
1407 8443 3
1407 8444 3
1407 8445 3
1407 8446 3
1407 8447 3
1407 8448 3
1411 1412 3
1411 8467 3
1411 8468 3
1411 8469 3
1411 8470 3
1411 8471 3
1411 8472 3
1415 1416 3
1415 8491 3
1415 8492 3
1415 8493 3
1415 8494 3
1415 8495 3
1415 8496 3
1419 1420 3
1419 8515 3
1419 8516 3
1419 8517 3
1419 8518 3
1419 8519 3
1419 8520 3
1423 1424 3
1423 8539 3
1423 8540 3
1423 8541 3
1423 8542 3
1423 8543 3
1423 8544 3
1427 1428 3
1427 8563 3
1427 8564 3
1427 8565 3
1427 8566 3
1427 8567 3
1427 8568 3
1431 1432 3
1431 8587 3
1431 8588 3
1431 8589 3
1431 8590 3
1431 8591 3
1431 8592 3
1435 1436 3
1435 8611 3
1435 8612 3
1435 8613 3
1435 8614 3
1435 8615 3
1435 8616 3
1439 1440 3
1439 8635 3
1439 8636 3
1439 8637 3
1439 8638 3
1439 8639 3
1439 8640 3
1443 1444 3
1443 8659 3
1443 8660 3
1443 8661 3
1443 8662 3
1443 8663 3
1443 8664 3
1447 1448 3
1447 8683 3
1447 8684 3
1447 8685 3
1447 8686 3
1447 8687 3
1447 8688 3
1451 1452 3
1451 8707 3
1451 8708 3
1451 8709 3
1451 8710 3
1451 8711 3
1451 8712 3
1455 1456 3
1455 8731 3
1455 8732 3
1455 8733 3
1455 8734 3
1455 8735 3
1455 8736 3
1459 1460 3
1459 8755 3
1459 8756 3
1459 8757 3
1459 8758 3
1459 8759 3
1459 8760 3
1463 1464 3
1463 8779 3
1463 8780 3
1463 8781 3
1463 8782 3
1463 8783 3
1463 8784 3
1467 1468 3
1467 8803 3
1467 8804 3
1467 8805 3
1467 8806 3
1467 8807 3
1467 8808 3
1471 1472 3
1471 8827 3
1471 8828 3
1471 8829 3
1471 8830 3
1471 8831 3
1471 8832 3
1475 1476 3
1475 8851 3
1475 8852 3
1475 8853 3
1475 8854 3
1475 8855 3
1475 8856 3
1479 1480 3
1479 8875 3
1479 8876 3
1479 8877 3
1479 8878 3
1479 8879 3
1479 8880 3
1483 1484 3
1483 8899 3
1483 8900 3
1483 8901 3
1483 8902 3
1483 8903 3
1483 8904 3
1487 1488 3
1487 8923 3
1487 8924 3
1487 8925 3
1487 8926 3
1487 8927 3
1487 8928 3
1491 1492 3
1491 8947 3
1491 8948 3
1491 8949 3
1491 8950 3
1491 8951 3
1491 8952 3
1495 1496 3
1495 8971 3
1495 8972 3
1495 8973 3
1495 8974 3
1495 8975 3
1495 8976 3
1499 1500 3
1499 8995 3
1499 8996 3
1499 8997 3
1499 8998 3
1499 8999 3
1499 9000 3
1503 1504 3
1503 9019 3
1503 9020 3
1503 9021 3
1503 9022 3
1503 9023 3
1503 9024 3
1507 1508 3
1507 9043 3
1507 9044 3
1507 9045 3
1507 9046 3
1507 9047 3
1507 9048 3
1511 1512 3
1511 9067 3
1511 9068 3
1511 9069 3
1511 9070 3
1511 9071 3
1511 9072 3
1515 1516 3
1515 9091 3
1515 9092 3
1515 9093 3
1515 9094 3
1515 9095 3
1515 9096 3
1519 1520 3
1519 9115 3
1519 9116 3
1519 9117 3
1519 9118 3
1519 9119 3
1519 9120 3
1523 1524 3
1523 9139 3
1523 9140 3
1523 9141 3
1523 9142 3
1523 9143 3
1523 9144 3
1527 1528 3
1527 9163 3
1527 9164 3
1527 9165 3
1527 9166 3
1527 9167 3
1527 9168 3
1531 1532 3
1531 9187 3
1531 9188 3
1531 9189 3
1531 9190 3
1531 9191 3
1531 9192 3
1535 1536 3
1535 9211 3
1535 9212 3
1535 9213 3
1535 9214 3
1535 9215 3
1535 9216 3
1539 1540 3
1539 9235 3
1539 9236 3
1539 9237 3
1539 9238 3
1539 9239 3
1539 9240 3
1543 1544 3
1543 9259 3
1543 9260 3
1543 9261 3
1543 9262 3
1543 9263 3
1543 9264 3
1547 1548 3
1547 9283 3
1547 9284 3
1547 9285 3
1547 9286 3
1547 9287 3
1547 9288 3
1551 1552 3
1551 9307 3
1551 9308 3
1551 9309 3
1551 9310 3
1551 9311 3
1551 9312 3
1555 1556 3
1559 1560 3
1563 1564 3
1567 1568 3
1571 1572 3
1575 1576 3
1579 1580 3
1583 1584 3
1587 1588 3
1591 1592 3
1595 1596 3
1599 1600 3
1603 1604 3
1607 1608 3
1611 1612 3
1615 1616 3
1619 1620 3
1623 1624 3
1627 1628 3
1631 1632 3
1635 1636 3
1639 1640 3
1643 1644 3
1647 1648 3
1651 1652 3
1655 1656 3
1659 1660 3
1663 1664 3
1667 1668 3
1671 1672 3
1675 1676 3
1679 1680 3
1683 1684 3
1687 1688 3
1691 1692 3
1695 1696 3
1699 1700 3
1703 1704 3
1707 1708 3
1711 1712 3
1715 1716 3
1719 1720 3
1723 1724 3
1727 1728 3
1731 1732 3
1735 1736 3
1739 1740 3
1743 1744 3
1747 1748 3
1751 1752 3
1755 1756 3
1759 1760 3
1763 1764 3
1767 1768 3
1771 1772 3
1775 1776 3
1779 1780 3
1783 1784 3
1787 1788 3
1791 1792 3
1795 1796 3
1799 1800 3
1803 1804 3
1807 1808 3
1811 1812 3
1815 1816 3
1819 1820 3
1823 1824 3
1827 1828 3
1831 1832 3
1835 1836 3
1839 1840 3
1843 1844 3
1847 1848 3
1851 1852 3
1855 1856 3
1859 1860 3
1863 1864 3
1867 1868 3
1871 1872 3
1875 1876 3
1879 1880 3
1883 1884 3
1887 1888 3
1891 1892 3
1895 1896 3
1899 1900 3
1903 1904 3
1907 1908 3
1911 1912 3
1915 1916 3
1919 1920 3
1923 1924 3
1927 1928 3
1931 1932 3
1935 1936 3
1939 1940 3
1943 1944 3
1947 1948 3
1951 1952 3
1955 1956 3
1959 1960 3
1963 1964 3
1967 1968 3
1971 1972 3
1975 1976 3
1979 1980 3
1983 1984 3
1987 1988 3
1991 1992 3
1995 1996 3
1999 2000 3
2003 2004 3
2007 2008 3
2011 2012 3
2015 2016 3
2019 2020 3
2023 2024 3
2027 2028 3
2031 2032 3
2035 2036 3
2039 2040 3
2043 2044 3
2047 2048 3
2051 2052 3
2055 2056 3
2059 2060 3
2063 2064 3
2067 2068 3
2071 2072 3
2075 2076 3
2079 2080 3
2083 2084 3
2087 2088 3
2091 2092 3
2095 2096 3
2099 2100 3
2103 2104 3
2107 2108 3
2111 2112 3
2115 2116 3
2119 2120 3
2123 2124 3
2127 2128 3
2131 2132 3
2135 2136 3
2139 2140 3
2143 2144 3
2147 2148 3
2151 2152 3
2155 2156 3
2159 2160 3
2163 2164 3
2167 2168 3
2171 2172 3
2175 2176 3
2179 2180 3
2183 2184 3
2187 2188 3
2191 2192 3
2195 2196 3
2199 2200 3
2203 2204 3
2207 2208 3
2211 2212 3
2215 2216 3
2219 2220 3
2223 2224 3
2227 2228 3
2231 2232 3
2235 2236 3
2239 2240 3
2243 2244 3
2247 2248 3
2251 2252 3
2255 2256 3
2259 2260 3
2263 2264 3
2267 2268 3
2271 2272 3
2275 2276 3
2279 2280 3
2283 2284 3
2287 2288 3
2291 2292 3
2295 2296 3
2299 2300 3
2303 2304 3
2307 2308 3
2311 2312 3
2315 2316 3
2319 2320 3
2323 2324 3
2327 2328 3
2331 2332 3
2335 2336 3
2339 2340 3
2343 2344 3
2347 2348 3
2351 2352 3
2355 2356 3
2359 2360 3
2363 2364 3
2367 2368 3
2371 2372 3
2375 2376 3
2379 2380 3
2383 2384 3
2387 2388 3
2391 2392 3
2395 2396 3
2399 2400 3
2403 2404 3
2407 2408 3
2411 2412 3
2415 2416 3
2419 2420 3
2423 2424 3
2427 2428 3
2431 2432 3
2435 2436 3
2439 2440 3
2443 2444 3
2447 2448 3
2451 2452 3
2455 2456 3
2459 2460 3
2463 2464 3
2467 2468 3
2471 2472 3
2475 2476 3
2479 2480 3
2483 2484 3
2487 2488 3
2491 2492 3
2495 2496 3
2499 2500 3
2503 2504 3
2507 2508 3
2511 2512 3
2515 2516 3
2519 2520 3
2523 2524 3
2527 2528 3
2531 2532 3
2535 2536 3
2539 2540 3
2543 2544 3
2547 2548 3
2551 2552 3
2555 2556 3
2559 2560 3
2563 2564 3
2567 2568 3
2571 2572 3
2575 2576 3
2579 2580 3
2583 2584 3
2587 2588 3
2591 2592 3
2595 2596 3
2599 2600 3
2603 2604 3
2607 2608 3
2611 2612 3
2615 2616 3
2619 2620 3
2623 2624 3
2627 2628 3
2631 2632 3
2635 2636 3
2639 2640 3
2643 2644 3
2647 2648 3
2651 2652 3
2655 2656 3
2659 2660 3
2663 2664 3
2667 2668 3
2671 2672 3
2675 2676 3
2679 2680 3
2683 2684 3
2687 2688 3
2691 2692 3
2695 2696 3
2699 2700 3
2703 2704 3
2707 2708 3
2711 2712 3
2715 2716 3
2719 2720 3
2723 2724 3
2727 2728 3
2731 2732 3
2735 2736 3
2739 2740 3
2743 2744 3
2747 2748 3
2751 2752 3
2755 2756 3
2759 2760 3
2763 2764 3
2767 2768 3
2771 2772 3
2775 2776 3
2779 2780 3
2783 2784 3
2787 2788 3
2791 2792 3
2795 2796 3
2799 2800 3
2803 2804 3
2807 2808 3
2811 2812 3
2815 2816 3
2819 2820 3
2823 2824 3
2827 2828 3
2831 2832 3
2835 2836 3
2839 2840 3
2843 2844 3
2847 2848 3
2851 2852 3
2855 2856 3
2859 2860 3
2863 2864 3
2867 2868 3
2871 2872 3
2875 2876 3
2879 2880 3
2883 2884 3
2887 2888 3
2891 2892 3
2895 2896 3
2899 2900 3
2903 2904 3
2907 2908 3
2911 2912 3
2915 2916 3
2919 2920 3
2923 2924 3
2927 2928 3
2931 2932 3
2935 2936 3
2939 2940 3
2943 2944 3
2947 2948 3
2951 2952 3
2955 2956 3
2959 2960 3
2963 2964 3
2967 2968 3
2971 2972 3
2975 2976 3
2979 2980 3
2983 2984 3
2987 2988 3
2991 2992 3
2995 2996 3
2999 3000 3
3003 3004 3
3007 3008 3
3011 3012 3
3015 3016 3
3019 3020 3
3023 3024 3
3027 3028 3
3031 3032 3
3035 3036 3
3039 3040 3
3043 3044 3
3047 3048 3
3051 3052 3
3055 3056 3
3059 3060 3
3063 3064 3
3067 3068 3
3071 3072 3
3075 3076 3
3079 3080 3
3083 3084 3
3087 3088 3
3091 3092 3
3095 3096 3
3099 3100 3
3103 3104 3
3107 3108 3
3111 3112 3
3115 3116 3
3119 3120 3
3123 3124 3
3127 3128 3
3131 3132 3
3135 3136 3
3139 3140 3
3143 3144 3
3147 3148 3
3151 3152 3
3155 3156 3
3159 3160 3
3163 3164 3
3167 3168 3
3171 3172 3
3175 3176 3
3179 3180 3
3183 3184 3
3187 3188 3
3191 3192 3
3195 3196 3
3199 3200 3
3203 3204 3
3207 3208 3
3211 3212 3
3215 3216 3
3219 3220 3
3223 3224 3
3227 3228 3
3231 3232 3
3235 3236 3
3239 3240 3
3243 3244 3
3247 3248 3
3251 3252 3
3255 3256 3
3259 3260 3
3263 3264 3
3267 3268 3
3271 3272 3
3275 3276 3
3279 3280 3
3283 3284 3
3287 3288 3
3291 3292 3
3295 3296 3
3299 3300 3
3303 3304 3
3307 3308 3
3311 3312 3
3315 3316 3
3319 3320 3
3323 3324 3
3327 3328 3
3331 3332 3
3335 3336 3
3339 3340 3
3343 3344 3
3347 3348 3
3351 3352 3
3355 3356 3
3359 3360 3
3363 3364 3
3367 3368 3
3371 3372 3
3375 3376 3
3379 3380 3
3383 3384 3
3387 3388 3
3391 3392 3
3395 3396 3
3399 3400 3
3403 3404 3
3407 3408 3
3411 3412 3
3415 3416 3
3419 3420 3
3423 3424 3
3427 3428 3
3431 3432 3
3435 3436 3
3439 3440 3
3443 3444 3
3447 3448 3
3451 3452 3
3455 3456 3
3459 3460 3
3463 3464 3
3467 3468 3
3471 3472 3
3475 3476 3
3479 3480 3
3483 3484 3
3487 3488 3
3491 3492 3
3495 3496 3
3499 3500 3
3503 3504 3
3507 3508 3
3511 3512 3
3515 3516 3
3519 3520 3
3523 3524 3
3527 3528 3
3531 3532 3
3535 3536 3
3539 3540 3
3543 3544 3
3547 3548 3
3551 3552 3
3555 3556 3
3559 3560 3
3563 3564 3
3567 3568 3
3571 3572 3
3575 3576 3
3579 3580 3
3583 3584 3
3587 3588 3
3591 3592 3
3595 3596 3
3599 3600 3
3603 3604 3
3607 3608 3
3611 3612 3
3615 3616 3
3619 3620 3
3623 3624 3
3627 3628 3
3631 3632 3
3635 3636 3
3639 3640 3
3643 3644 3
3647 3648 3
3651 3652 3
3655 3656 3
3659 3660 3
3663 3664 3
3667 3668 3
3671 3672 3
3675 3676 3
3679 3680 3
3683 3684 3
3687 3688 3
3691 3692 3
3695 3696 3
3699 3700 3
3703 3704 3
3707 3708 3
3711 3712 3
3715 3716 3
3719 3720 3
3723 3724 3
3727 3728 3
3731 3732 3
3735 3736 3
3739 3740 3
3743 3744 3
3747 3748 3
3751 3752 3
3755 3756 3
3759 3760 3
3763 3764 3
3767 3768 3
3771 3772 3
3775 3776 3
3779 3780 3
3783 3784 3
3787 3788 3
3791 3792 3
3795 3796 3
3799 3800 3
3803 3804 3
3807 3808 3
3811 3812 3
3815 3816 3
3819 3820 3
3823 3824 3
3827 3828 3
3831 3832 3
3835 3836 3
3839 3840 3
3843 3844 3
3847 3848 3
3851 3852 3
3855 3856 3
3859 3860 3
3863 3864 3
3867 3868 3
3871 3872 3
3875 3876 3
3879 3880 3
3883 3884 3
3887 3888 3
3891 3892 3
3895 3896 3
3899 3900 3
3903 3904 3
3907 3908 3
3911 3912 3
3915 3916 3
3919 3920 3
3923 3924 3
3927 3928 3
3931 3932 3
3935 3936 3
3939 3940 3
3943 3944 3
3947 3948 3
3951 3952 3
3955 3956 3
3959 3960 3
3963 3964 3
3967 3968 3
3971 3972 3
3975 3976 3
3979 3980 3
3983 3984 3
3987 3988 3
3991 3992 3
3995 3996 3
3999 4000 3
4003 4004 3
4007 4008 3
4011 4012 3
4015 4016 3
4019 4020 3
4023 4024 3
4027 4028 3
4031 4032 3
4035 4036 3
4039 4040 3
4043 4044 3
4047 4048 3
4051 4052 3
4055 4056 3
4059 4060 3
4063 4064 3
4067 4068 3
4071 4072 3
4075 4076 3
4079 4080 3
4083 4084 3
4087 4088 3
4091 4092 3
4095 4096 3
4099 4100 3
4103 4104 3
4107 4108 3
4111 4112 3
4115 4116 3
4119 4120 3
4123 4124 3
4127 4128 3
4131 4132 3
4135 4136 3
4139 4140 3
4143 4144 3
4147 4148 3
4151 4152 3
4155 4156 3
4159 4160 3
4163 4164 3
4167 4168 3
4171 4172 3
4175 4176 3
4179 4180 3
4183 4184 3
4187 4188 3
4191 4192 3
4195 4196 3
4199 4200 3
4203 4204 3
4207 4208 3
4211 4212 3
4215 4216 3
4219 4220 3
4223 4224 3
4227 4228 3
4231 4232 3
4235 4236 3
4239 4240 3
4243 4244 3
4247 4248 3
4251 4252 3
4255 4256 3
4259 4260 3
4263 4264 3
4267 4268 3
4271 4272 3
4275 4276 3
4279 4280 3
4283 4284 3
4287 4288 3
4291 4292 3
4295 4296 3
4299 4300 3
4303 4304 3
4307 4308 3
4311 4312 3
4315 4316 3
4319 4320 3
4323 4324 3
4327 4328 3
4331 4332 3
4335 4336 3
4339 4340 3
4343 4344 3
4347 4348 3
4351 4352 3
4355 4356 3
4359 4360 3
4363 4364 3
4367 4368 3
4371 4372 3
4375 4376 3
4379 4380 3
4383 4384 3
4387 4388 3
4391 4392 3
4395 4396 3
4399 4400 3
4403 4404 3
4407 4408 3
4411 4412 3
4415 4416 3
4419 4420 3
4423 4424 3
4427 4428 3
4431 4432 3
4435 4436 3
4439 4440 3
4443 4444 3
4447 4448 3
4451 4452 3
4455 4456 3
4459 4460 3
4463 4464 3
4467 4468 3
4471 4472 3
4475 4476 3
4479 4480 3
4483 4484 3
4487 4488 3
4491 4492 3
4495 4496 3
4499 4500 3
4503 4504 3
4507 4508 3
4511 4512 3
4515 4516 3
4519 4520 3
4523 4524 3
4527 4528 3
4531 4532 3
4535 4536 3
4539 4540 3
4543 4544 3
4547 4548 3
4551 4552 3
4555 4556 3
4559 4560 3
4563 4564 3
4567 4568 3
4571 4572 3
4575 4576 3
4579 4580 3
4583 4584 3
4587 4588 3
4591 4592 3
4595 4596 3
4599 4600 3
4603 4604 3
4607 4608 3
4611 4612 3
4615 4616 3
4619 4620 3
4623 4624 3
4627 4628 3
4631 4632 3
4635 4636 3
4639 4640 3
4643 4644 3
4647 4648 3
4651 4652 3
4655 4656 3
4659 4660 3
4663 4664 3
4667 4668 3
4671 4672 3
4675 4676 3
4679 4680 3
4683 4684 3
4687 4688 3
4691 4692 3
4695 4696 3
4699 4700 3
4703 4704 3
4707 4708 3
4711 4712 3
4715 4716 3
4719 4720 3
4723 4724 3
4727 4728 3
4731 4732 3
4735 4736 3
4739 4740 3
4743 4744 3
4747 4748 3
4751 4752 3
4755 4756 3
4759 4760 3
4763 4764 3
4767 4768 3
4771 4772 3
4775 4776 3
4779 4780 3
4783 4784 3
4787 4788 3
4791 4792 3
4795 4796 3
4799 4800 3
4803 4804 3
4807 4808 3
4811 4812 3
4815 4816 3
4819 4820 3
4823 4824 3
4827 4828 3
4831 4832 3
4835 4836 3
4839 4840 3
4843 4844 3
4847 4848 3
4851 4852 3
4855 4856 3
4859 4860 3
4863 4864 3
4867 4868 3
4871 4872 3
4875 4876 3
4879 4880 3
4883 4884 3
4887 4888 3
4891 4892 3
4895 4896 3
4899 4900 3
4903 4904 3
4907 4908 3
4911 4912 3
4915 4916 3
4919 4920 3
4923 4924 3
4927 4928 3
4931 4932 3
4935 4936 3
4939 4940 3
4943 4944 3
4947 4948 3
4951 4952 3
4955 4956 3
4959 4960 3
4963 4964 3
4967 4968 3
4971 4972 3
4975 4976 3
4979 4980 3
4983 4984 3
4987 4988 3
4991 4992 3
4995 4996 3
4999 5000 3
5003 5004 3
5007 5008 3
5011 5012 3
5015 5016 3
5019 5020 3
5023 5024 3
5027 5028 3
5031 5032 3
5035 5036 3
5039 5040 3
5043 5044 3
5047 5048 3
5051 5052 3
5055 5056 3
5059 5060 3
5063 5064 3
5067 5068 3
5071 5072 3
5075 5076 3
5079 5080 3
5083 5084 3
5087 5088 3
5091 5092 3
5095 5096 3
5099 5100 3
5103 5104 3
5107 5108 3
5111 5112 3
5115 5116 3
5119 5120 3
5123 5124 3
5127 5128 3
5131 5132 3
5135 5136 3
5139 5140 3
5143 5144 3
5147 5148 3
5151 5152 3
5155 5156 3
5159 5160 3
5163 5164 3
5167 5168 3
5171 5172 3
5175 5176 3
5179 5180 3
5183 5184 3
5187 5188 3
5191 5192 3
5195 5196 3
5199 5200 3
5203 5204 3
5207 5208 3
5211 5212 3
5215 5216 3
5219 5220 3
5223 5224 3
5227 5228 3
5231 5232 3
5235 5236 3
5239 5240 3
5243 5244 3
5247 5248 3
5251 5252 3
5255 5256 3
5259 5260 3
5263 5264 3
5267 5268 3
5271 5272 3
5275 5276 3
5279 5280 3
5283 5284 3
5287 5288 3
5291 5292 3
5295 5296 3
5299 5300 3
5303 5304 3
5307 5308 3
5311 5312 3
5315 5316 3
5319 5320 3
5323 5324 3
5327 5328 3
5331 5332 3
5335 5336 3
5339 5340 3
5343 5344 3
5347 5348 3
5351 5352 3
5355 5356 3
5359 5360 3
5363 5364 3
5367 5368 3
5371 5372 3
5375 5376 3
5379 5380 3
5383 5384 3
5387 5388 3
5391 5392 3
5395 5396 3
5399 5400 3
5403 5404 3
5407 5408 3
5411 5412 3
5415 5416 3
5419 5420 3
5423 5424 3
5427 5428 3
5431 5432 3
5435 5436 3
5439 5440 3
5443 5444 3
5447 5448 3
5451 5452 3
5455 5456 3
5459 5460 3
5463 5464 3
5467 5468 3
5471 5472 3
5475 5476 3
5479 5480 3
5483 5484 3
5487 5488 3
5491 5492 3
5495 5496 3
5499 5500 3
5503 5504 3
5507 5508 3
5511 5512 3
5515 5516 3
5519 5520 3
5523 5524 3
5527 5528 3
5531 5532 3
5535 5536 3
5539 5540 3
5543 5544 3
5547 5548 3
5551 5552 3
5555 5556 3
5559 5560 3
5563 5564 3
5567 5568 3
5571 5572 3
5575 5576 3
5579 5580 3
5583 5584 3
5587 5588 3
5591 5592 3
5595 5596 3
5599 5600 3
5603 5604 3
5607 5608 3
5611 5612 3
5615 5616 3
5619 5620 3
5623 5624 3
5627 5628 3
5631 5632 3
5635 5636 3
5639 5640 3
5643 5644 3
5647 5648 3
5651 5652 3
5655 5656 3
5659 5660 3
5663 5664 3
5667 5668 3
5671 5672 3
5675 5676 3
5679 5680 3
5683 5684 3
5687 5688 3
5691 5692 3
5695 5696 3
5699 5700 3
5703 5704 3
5707 5708 3
5711 5712 3
5715 5716 3
5719 5720 3
5723 5724 3
5727 5728 3
5731 5732 3
5735 5736 3
5739 5740 3
5743 5744 3
5747 5748 3
5751 5752 3
5755 5756 3
5759 5760 3
5763 5764 3
5767 5768 3
5771 5772 3
5775 5776 3
5779 5780 3
5783 5784 3
5787 5788 3
5791 5792 3
5795 5796 3
5799 5800 3
5803 5804 3
5807 5808 3
5811 5812 3
5815 5816 3
5819 5820 3
5823 5824 3
5827 5828 3
5831 5832 3
5835 5836 3
5839 5840 3
5843 5844 3
5847 5848 3
5851 5852 3
5855 5856 3
5859 5860 3
5863 5864 3
5867 5868 3
5871 5872 3
5875 5876 3
5879 5880 3
5883 5884 3
5887 5888 3
5891 5892 3
5895 5896 3
5899 5900 3
5903 5904 3
5907 5908 3
5911 5912 3
5915 5916 3
5919 5920 3
5923 5924 3
5927 5928 3
5931 5932 3
5935 5936 3
5939 5940 3
5943 5944 3
5947 5948 3
5951 5952 3
5955 5956 3
5959 5960 3
5963 5964 3
5967 5968 3
5971 5972 3
5975 5976 3
5979 5980 3
5983 5984 3
5987 5988 3
5991 5992 3
5995 5996 3
5999 6000 3
6003 6004 3
6007 6008 3
6011 6012 3
6015 6016 3
6019 6020 3
6023 6024 3
6027 6028 3
6031 6032 3
6035 6036 3
6039 6040 3
6043 6044 3
6047 6048 3
6051 6052 3
6055 6056 3
6059 6060 3
6063 6064 3
6067 6068 3
6071 6072 3
6075 6076 3
6079 6080 3
6083 6084 3
6087 6088 3
6091 6092 3
6095 6096 3
6099 6100 3
6103 6104 3
6107 6108 3
6111 6112 3
6115 6116 3
6119 6120 3
6123 6124 3
6127 6128 3
6131 6132 3
6135 6136 3
6139 6140 3
6143 6144 3
6147 6148 3
6151 6152 3
6155 6156 3
6159 6160 3
6163 6164 3
6167 6168 3
6171 6172 3
6175 6176 3
6179 6180 3
6183 6184 3
6187 6188 3
6191 6192 3
6195 6196 3
6199 6200 3
6203 6204 3
6207 6208 3
6211 6212 3
6215 6216 3
6219 6220 3
6223 6224 3
6227 6228 3
6231 6232 3
6235 6236 3
6239 6240 3
6243 6244 3
6247 6248 3
6251 6252 3
6255 6256 3
6259 6260 3
6263 6264 3
6267 6268 3
6271 6272 3
6275 6276 3
6279 6280 3
6283 6284 3
6287 6288 3
6291 6292 3
6295 6296 3
6299 6300 3
6303 6304 3
6307 6308 3
6311 6312 3
6315 6316 3
6319 6320 3
6323 6324 3
6327 6328 3
6331 6332 3
6335 6336 3
6339 6340 3
6343 6344 3
6347 6348 3
6351 6352 3
6355 6356 3
6359 6360 3
6363 6364 3
6367 6368 3
6371 6372 3
6375 6376 3
6379 6380 3
6383 6384 3
6387 6388 3
6391 6392 3
6395 6396 3
6399 6400 3
6403 6404 3
6407 6408 3
6411 6412 3
6415 6416 3
6419 6420 3
6423 6424 3
6427 6428 3
6431 6432 3
6435 6436 3
6439 6440 3
6443 6444 3
6447 6448 3
6451 6452 3
6455 6456 3
6459 6460 3
6463 6464 3
6467 6468 3
6471 6472 3
6475 6476 3
6479 6480 3
6483 6484 3
6487 6488 3
6491 6492 3
6495 6496 3
6499 6500 3
6503 6504 3
6507 6508 3
6511 6512 3
6515 6516 3
6519 6520 3
6523 6524 3
6527 6528 3
6531 6532 3
6535 6536 3
6539 6540 3
6543 6544 3
6547 6548 3
6551 6552 3
6555 6556 3
6559 6560 3
6563 6564 3
6567 6568 3
6571 6572 3
6575 6576 3
6579 6580 3
6583 6584 3
6587 6588 3
6591 6592 3
6595 6596 3
6599 6600 3
6603 6604 3
6607 6608 3
6611 6612 3
6615 6616 3
6619 6620 3
6623 6624 3
6627 6628 3
6631 6632 3
6635 6636 3
6639 6640 3
6643 6644 3
6647 6648 3
6651 6652 3
6655 6656 3
6659 6660 3
6663 6664 3
6667 6668 3
6671 6672 3
6675 6676 3
6679 6680 3
6683 6684 3
6687 6688 3
6691 6692 3
6695 6696 3
6699 6700 3
6703 6704 3
6707 6708 3
6711 6712 3
6715 6716 3
6719 6720 3
6723 6724 3
6727 6728 3
6731 6732 3
6735 6736 3
6739 6740 3
6743 6744 3
6747 6748 3
6751 6752 3
6755 6756 3
6759 6760 3
6763 6764 3
6767 6768 3
6771 6772 3
6775 6776 3
6779 6780 3
6783 6784 3
6787 6788 3
6791 6792 3
6795 6796 3
6799 6800 3
6803 6804 3
6807 6808 3
6811 6812 3
6815 6816 3
6819 6820 3
6823 6824 3
6827 6828 3
6831 6832 3
6835 6836 3
6839 6840 3
6843 6844 3
6847 6848 3
6851 6852 3
6855 6856 3
6859 6860 3
6863 6864 3
6867 6868 3
6871 6872 3
6875 6876 3
6879 6880 3
6883 6884 3
6887 6888 3
6891 6892 3
6895 6896 3
6899 6900 3
6903 6904 3
6907 6908 3
6911 6912 3
6915 6916 3
6919 6920 3
6923 6924 3
6927 6928 3
6931 6932 3
6935 6936 3
6939 6940 3
6943 6944 3
6947 6948 3
6951 6952 3
6955 6956 3
6959 6960 3
6963 6964 3
6967 6968 3
6971 6972 3
6975 6976 3
6979 6980 3
6983 6984 3
6987 6988 3
6991 6992 3
6995 6996 3
6999 7000 3
7003 7004 3
7007 7008 3
7011 7012 3
7015 7016 3
7019 7020 3
7023 7024 3
7027 7028 3
7031 7032 3
7035 7036 3
7039 7040 3
7043 7044 3
7047 7048 3
7051 7052 3
7055 7056 3
7059 7060 3
7063 7064 3
7067 7068 3
7071 7072 3
7075 7076 3
7079 7080 3
7083 7084 3
7087 7088 3
7091 7092 3
7095 7096 3
7099 7100 3
7103 7104 3
7107 7108 3
7111 7112 3
7115 7116 3
7119 7120 3
7123 7124 3
7127 7128 3
7131 7132 3
7135 7136 3
7139 7140 3
7143 7144 3
7147 7148 3
7151 7152 3
7155 7156 3
7159 7160 3
7163 7164 3
7167 7168 3
7171 7172 3
7175 7176 3
7179 7180 3
7183 7184 3
7187 7188 3
7191 7192 3
7195 7196 3
7199 7200 3
7203 7204 3
7207 7208 3
7211 7212 3
7215 7216 3
7219 7220 3
7223 7224 3
7227 7228 3
7231 7232 3
7235 7236 3
7239 7240 3
7243 7244 3
7247 7248 3
7251 7252 3
7255 7256 3
7259 7260 3
7263 7264 3
7267 7268 3
7271 7272 3
7275 7276 3
7279 7280 3
7283 7284 3
7287 7288 3
7291 7292 3
7295 7296 3
7299 7300 3
7303 7304 3
7307 7308 3
7311 7312 3
7315 7316 3
7319 7320 3
7323 7324 3
7327 7328 3
7331 7332 3
7335 7336 3
7339 7340 3
7343 7344 3
7347 7348 3
7351 7352 3
7355 7356 3
7359 7360 3
7363 7364 3
7367 7368 3
7371 7372 3
7375 7376 3
7379 7380 3
7383 7384 3
7387 7388 3
7391 7392 3
7395 7396 3
7399 7400 3
7403 7404 3
7407 7408 3
7411 7412 3
7415 7416 3
7419 7420 3
7423 7424 3
7427 7428 3
7431 7432 3
7435 7436 3
7439 7440 3
7443 7444 3
7447 7448 3
7451 7452 3
7455 7456 3
7459 7460 3
7463 7464 3
7467 7468 3
7471 7472 3
7475 7476 3
7479 7480 3
7483 7484 3
7487 7488 3
7491 7492 3
7495 7496 3
7499 7500 3
7503 7504 3
7507 7508 3
7511 7512 3
7515 7516 3
7519 7520 3
7523 7524 3
7527 7528 3
7531 7532 3
7535 7536 3
7539 7540 3
7543 7544 3
7547 7548 3
7551 7552 3
7555 7556 3
7559 7560 3
7563 7564 3
7567 7568 3
7571 7572 3
7575 7576 3
7579 7580 3
7583 7584 3
7587 7588 3
7591 7592 3
7595 7596 3
7599 7600 3
7603 7604 3
7607 7608 3
7611 7612 3
7615 7616 3
7619 7620 3
7623 7624 3
7627 7628 3
7631 7632 3
7635 7636 3
7639 7640 3
7643 7644 3
7647 7648 3
7651 7652 3
7655 7656 3
7659 7660 3
7663 7664 3
7667 7668 3
7671 7672 3
7675 7676 3
7679 7680 3
7683 7684 3
7687 7688 3
7691 7692 3
7695 7696 3
7699 7700 3
7703 7704 3
7707 7708 3
7711 7712 3
7715 7716 3
7719 7720 3
7723 7724 3
7727 7728 3
7731 7732 3
7735 7736 3
7739 7740 3
7743 7744 3
7747 7748 3
7751 7752 3
7755 7756 3
7759 7760 3
7763 7764 3
7767 7768 3
7771 7772 3
7775 7776 3
7779 7780 3
7783 7784 3
7787 7788 3
7791 7792 3
7795 7796 3
7799 7800 3
7803 7804 3
7807 7808 3
7811 7812 3
7815 7816 3
7819 7820 3
7823 7824 3
7827 7828 3
7831 7832 3
7835 7836 3
7839 7840 3
7843 7844 3
7847 7848 3
7851 7852 3
7855 7856 3
7859 7860 3
7863 7864 3
7867 7868 3
7871 7872 3
7875 7876 3
7879 7880 3
7883 7884 3
7887 7888 3
7891 7892 3
7895 7896 3
7899 7900 3
7903 7904 3
7907 7908 3
7911 7912 3
7915 7916 3
7919 7920 3
7923 7924 3
7927 7928 3
7931 7932 3
7935 7936 3
7939 7940 3
7943 7944 3
7947 7948 3
7951 7952 3
7955 7956 3
7959 7960 3
7963 7964 3
7967 7968 3
7971 7972 3
7975 7976 3
7979 7980 3
7983 7984 3
7987 7988 3
7991 7992 3
7995 7996 3
7999 8000 3
8003 8004 3
8007 8008 3
8011 8012 3
8015 8016 3
8019 8020 3
8023 8024 3
8027 8028 3
8031 8032 3
8035 8036 3
8039 8040 3
8043 8044 3
8047 8048 3
8051 8052 3
8055 8056 3
8059 8060 3
8063 8064 3
8067 8068 3
8071 8072 3
8075 8076 3
8079 8080 3
8083 8084 3
8087 8088 3
8091 8092 3
8095 8096 3
8099 8100 3
8103 8104 3
8107 8108 3
8111 8112 3
8115 8116 3
8119 8120 3
8123 8124 3
8127 8128 3
8131 8132 3
8135 8136 3
8139 8140 3
8143 8144 3
8147 8148 3
8151 8152 3
8155 8156 3
8159 8160 3
8163 8164 3
8167 8168 3
8171 8172 3
8175 8176 3
8179 8180 3
8183 8184 3
8187 8188 3
8191 8192 3
8195 8196 3
8199 8200 3
8203 8204 3
8207 8208 3
8211 8212 3
8215 8216 3
8219 8220 3
8223 8224 3
8227 8228 3
8231 8232 3
8235 8236 3
8239 8240 3
8243 8244 3
8247 8248 3
8251 8252 3
8255 8256 3
8259 8260 3
8263 8264 3
8267 8268 3
8271 8272 3
8275 8276 3
8279 8280 3
8283 8284 3
8287 8288 3
8291 8292 3
8295 8296 3
8299 8300 3
8303 8304 3
8307 8308 3
8311 8312 3
8315 8316 3
8319 8320 3
8323 8324 3
8327 8328 3
8331 8332 3
8335 8336 3
8339 8340 3
8343 8344 3
8347 8348 3
8351 8352 3
8355 8356 3
8359 8360 3
8363 8364 3
8367 8368 3
8371 8372 3
8375 8376 3
8379 8380 3
8383 8384 3
8387 8388 3
8391 8392 3
8395 8396 3
8399 8400 3
8403 8404 3
8407 8408 3
8411 8412 3
8415 8416 3
8419 8420 3
8423 8424 3
8427 8428 3
8431 8432 3
8435 8436 3
8439 8440 3
8443 8444 3
8447 8448 3
8451 8452 3
8455 8456 3
8459 8460 3
8463 8464 3
8467 8468 3
8471 8472 3
8475 8476 3
8479 8480 3
8483 8484 3
8487 8488 3
8491 8492 3
8495 8496 3
8499 8500 3
8503 8504 3
8507 8508 3
8511 8512 3
8515 8516 3
8519 8520 3
8523 8524 3
8527 8528 3
8531 8532 3
8535 8536 3
8539 8540 3
8543 8544 3
8547 8548 3
8551 8552 3
8555 8556 3
8559 8560 3
8563 8564 3
8567 8568 3
8571 8572 3
8575 8576 3
8579 8580 3
8583 8584 3
8587 8588 3
8591 8592 3
8595 8596 3
8599 8600 3
8603 8604 3
8607 8608 3
8611 8612 3
8615 8616 3
8619 8620 3
8623 8624 3
8627 8628 3
8631 8632 3
8635 8636 3
8639 8640 3
8643 8644 3
8647 8648 3
8651 8652 3
8655 8656 3
8659 8660 3
8663 8664 3
8667 8668 3
8671 8672 3
8675 8676 3
8679 8680 3
8683 8684 3
8687 8688 3
8691 8692 3
8695 8696 3
8699 8700 3
8703 8704 3
8707 8708 3
8711 8712 3
8715 8716 3
8719 8720 3
8723 8724 3
8727 8728 3
8731 8732 3
8735 8736 3
8739 8740 3
8743 8744 3
8747 8748 3
8751 8752 3
8755 8756 3
8759 8760 3
8763 8764 3
8767 8768 3
8771 8772 3
8775 8776 3
8779 8780 3
8783 8784 3
8787 8788 3
8791 8792 3
8795 8796 3
8799 8800 3
8803 8804 3
8807 8808 3
8811 8812 3
8815 8816 3
8819 8820 3
8823 8824 3
8827 8828 3
8831 8832 3
8835 8836 3
8839 8840 3
8843 8844 3
8847 8848 3
8851 8852 3
8855 8856 3
8859 8860 3
8863 8864 3
8867 8868 3
8871 8872 3
8875 8876 3
8879 8880 3
8883 8884 3
8887 8888 3
8891 8892 3
8895 8896 3
8899 8900 3
8903 8904 3
8907 8908 3
8911 8912 3
8915 8916 3
8919 8920 3
8923 8924 3
8927 8928 3
8931 8932 3
8935 8936 3
8939 8940 3
8943 8944 3
8947 8948 3
8951 8952 3
8955 8956 3
8959 8960 3
8963 8964 3
8967 8968 3
8971 8972 3
8975 8976 3
8979 8980 3
8983 8984 3
8987 8988 3
8991 8992 3
8995 8996 3
8999 9000 3
9003 9004 3
9007 9008 3
9011 9012 3
9015 9016 3
9019 9020 3
9023 9024 3
9027 9028 3
9031 9032 3
9035 9036 3
9039 9040 3
9043 9044 3
9047 9048 3
9051 9052 3
9055 9056 3
9059 9060 3
9063 9064 3
9067 9068 3
9071 9072 3
9075 9076 3
9079 9080 3
9083 9084 3
9087 9088 3
9091 9092 3
9095 9096 3
9099 9100 3
9103 9104 3
9107 9108 3
9111 9112 3
9115 9116 3
9119 9120 3
9123 9124 3
9127 9128 3
9131 9132 3
9135 9136 3
9139 9140 3
9143 9144 3
9147 9148 3
9151 9152 3
9155 9156 3
9159 9160 3
9163 9164 3
9167 9168 3
9171 9172 3
9175 9176 3
9179 9180 3
9183 9184 3
9187 9188 3
9191 9192 3
9195 9196 3
9199 9200 3
9203 9204 3
9207 9208 3
9211 9212 3
9215 9216 3
9219 9220 3
9223 9224 3
9227 9228 3
9231 9232 3
9235 9236 3
9239 9240 3
9243 9244 3
9247 9248 3
9251 9252 3
9255 9256 3
9259 9260 3
9263 9264 3
9267 9268 3
9271 9272 3
9275 9276 3
9279 9280 3
9283 9284 3
9287 9288 3
9291 9292 3
9295 9296 3
9299 9300 3
9303 9304 3
9307 9308 3
9311 9312 3
9315 9316 3
9319 9320 3
9323 9324 3
9327 9328 3
