2333
4666
0 1 3
0 2 3
0 3 3
0 4 3
0 5 3
0 6 3
4 5 3
4 25 3
4 26 3
4 27 3
4 28 3
4 29 3
4 30 3
8 9 3
8 49 3
8 50 3
8 51 3
8 52 3
8 53 3
8 54 3
12 7 3
12 73 3
12 74 3
12 75 3
12 76 3
12 77 3
12 78 3
16 17 3
16 97 3
16 98 3
16 99 3
16 100 3
16 101 3
16 102 3
20 21 3
20 121 3
20 122 3
20 123 3
20 124 3
20 125 3
20 126 3
24 19 3
24 145 3
24 146 3
24 147 3
24 148 3
24 149 3
24 150 3
28 29 3
28 169 3
28 170 3
28 171 3
28 172 3
28 173 3
28 174 3
32 33 3
32 193 3
32 194 3
32 195 3
32 196 3
32 197 3
32 198 3
36 31 3
36 217 3
36 218 3
36 219 3
36 220 3
36 221 3
36 222 3
40 41 3
40 241 3
40 242 3
40 243 3
40 244 3
40 245 3
40 246 3
44 45 3
44 265 3
44 266 3
44 267 3
44 268 3
44 269 3
44 270 3
48 43 3
48 289 3
48 290 3
48 291 3
48 292 3
48 293 3
48 294 3
52 53 3
52 313 3
52 314 3
52 315 3
52 316 3
52 317 3
52 318 3
56 57 3
56 337 3
56 338 3
56 339 3
56 340 3
56 341 3
56 342 3
60 55 3
60 361 3
60 362 3
60 363 3
60 364 3
60 365 3
60 366 3
64 65 3
64 385 3
64 386 3
64 387 3
64 388 3
64 389 3
64 390 3
68 69 3
68 409 3
68 410 3
68 411 3
68 412 3
68 413 3
68 414 3
72 67 3
72 433 3
72 434 3
72 435 3
72 436 3
72 437 3
72 438 3
76 77 3
76 457 3
76 458 3
76 459 3
76 460 3
76 461 3
76 462 3
80 81 3
80 481 3
80 482 3
80 483 3
80 484 3
80 485 3
80 486 3
84 79 3
84 505 3
84 506 3
84 507 3
84 508 3
84 509 3
84 510 3
88 89 3
88 529 3
88 530 3
88 531 3
88 532 3
88 533 3
88 534 3
92 93 3
92 553 3
92 554 3
92 555 3
92 556 3
92 557 3
92 558 3
96 91 3
96 577 3
96 578 3
96 579 3
96 580 3
96 581 3
96 582 3
100 101 3
100 601 3
100 602 3
100 603 3
100 604 3
100 605 3
100 606 3
104 105 3
104 625 3
104 626 3
104 627 3
104 628 3
104 629 3
104 630 3
108 103 3
108 649 3
108 650 3
108 651 3
108 652 3
108 653 3
108 654 3
112 113 3
112 673 3
112 674 3
112 675 3
112 676 3
112 677 3
112 678 3
116 117 3
116 697 3
116 698 3
116 699 3
116 700 3
116 701 3
116 702 3
120 115 3
120 721 3
120 722 3
120 723 3
120 724 3
120 725 3
120 726 3
124 125 3
124 745 3
124 746 3
124 747 3
124 748 3
124 749 3
124 750 3
128 129 3
128 769 3
128 770 3
128 771 3
128 772 3
128 773 3
128 774 3
132 127 3
132 793 3
132 794 3
132 795 3
132 796 3
132 797 3
132 798 3
136 137 3
136 817 3
136 818 3
136 819 3
136 820 3
136 821 3
136 822 3
140 141 3
140 841 3
140 842 3
140 843 3
140 844 3
140 845 3
140 846 3
144 139 3
144 865 3
144 866 3
144 867 3
144 868 3
144 869 3
144 870 3
148 149 3
148 889 3
148 890 3
148 891 3
148 892 3
148 893 3
148 894 3
152 153 3
152 913 3
152 914 3
152 915 3
152 916 3
152 917 3
152 918 3
156 151 3
156 937 3
156 938 3
156 939 3
156 940 3
156 941 3
156 942 3
160 161 3
160 961 3
160 962 3
160 963 3
160 964 3
160 965 3
160 966 3
164 165 3
164 985 3
164 986 3
164 987 3
164 988 3
164 989 3
164 990 3
168 163 3
168 1009 3
168 1010 3
168 1011 3
168 1012 3
168 1013 3
168 1014 3
172 173 3
172 1033 3
172 1034 3
172 1035 3
172 1036 3
172 1037 3
172 1038 3
176 177 3
176 1057 3
176 1058 3
176 1059 3
176 1060 3
176 1061 3
176 1062 3
180 175 3
180 1081 3
180 1082 3
180 1083 3
180 1084 3
180 1085 3
180 1086 3
184 185 3
184 1105 3
184 1106 3
184 1107 3
184 1108 3
184 1109 3
184 1110 3
188 189 3
188 1129 3
188 1130 3
188 1131 3
188 1132 3
188 1133 3
188 1134 3
192 187 3
192 1153 3
192 1154 3
192 1155 3
192 1156 3
192 1157 3
192 1158 3
196 197 3
196 1177 3
196 1178 3
196 1179 3
196 1180 3
196 1181 3
196 1182 3
200 201 3
200 1201 3
200 1202 3
200 1203 3
200 1204 3
200 1205 3
200 1206 3
204 199 3
204 1225 3
204 1226 3
204 1227 3
204 1228 3
204 1229 3
204 1230 3
208 209 3
208 1249 3
208 1250 3
208 1251 3
208 1252 3
208 1253 3
208 1254 3
212 213 3
212 1273 3
212 1274 3
212 1275 3
212 1276 3
212 1277 3
212 1278 3
216 211 3
216 1297 3
216 1298 3
216 1299 3
216 1300 3
216 1301 3
216 1302 3
220 221 3
220 1321 3
220 1322 3
220 1323 3
220 1324 3
220 1325 3
220 1326 3
224 225 3
224 1345 3
224 1346 3
224 1347 3
224 1348 3
224 1349 3
224 1350 3
228 223 3
228 1369 3
228 1370 3
228 1371 3
228 1372 3
228 1373 3
228 1374 3
232 233 3
232 1393 3
232 1394 3
232 1395 3
232 1396 3
232 1397 3
232 1398 3
236 237 3
236 1417 3
236 1418 3
236 1419 3
236 1420 3
236 1421 3
236 1422 3
240 235 3
240 1441 3
240 1442 3
240 1443 3
240 1444 3
240 1445 3
240 1446 3
244 245 3
244 1465 3
244 1466 3
244 1467 3
244 1468 3
244 1469 3
244 1470 3
248 249 3
248 1489 3
248 1490 3
248 1491 3
248 1492 3
248 1493 3
248 1494 3
252 247 3
252 1513 3
252 1514 3
252 1515 3
252 1516 3
252 1517 3
252 1518 3
256 257 3
256 1537 3
256 1538 3
256 1539 3
256 1540 3
256 1541 3
256 1542 3
260 261 3
260 1561 3
260 1562 3
260 1563 3
260 1564 3
260 1565 3
260 1566 3
264 259 3
264 1585 3
264 1586 3
264 1587 3
264 1588 3
264 1589 3
264 1590 3
268 269 3
268 1609 3
268 1610 3
268 1611 3
268 1612 3
268 1613 3
268 1614 3
272 273 3
272 1633 3
272 1634 3
272 1635 3
272 1636 3
272 1637 3
272 1638 3
276 271 3
276 1657 3
276 1658 3
276 1659 3
276 1660 3
276 1661 3
276 1662 3
280 281 3
280 1681 3
280 1682 3
280 1683 3
280 1684 3
280 1685 3
280 1686 3
284 285 3
284 1705 3
284 1706 3
284 1707 3
284 1708 3
284 1709 3
284 1710 3
288 283 3
288 1729 3
288 1730 3
288 1731 3
288 1732 3
288 1733 3
288 1734 3
292 293 3
292 1753 3
292 1754 3
292 1755 3
292 1756 3
292 1757 3
292 1758 3
296 297 3
296 1777 3
296 1778 3
296 1779 3
296 1780 3
296 1781 3
296 1782 3
300 295 3
300 1801 3
300 1802 3
300 1803 3
300 1804 3
300 1805 3
300 1806 3
304 305 3
304 1825 3
304 1826 3
304 1827 3
304 1828 3
304 1829 3
304 1830 3
308 309 3
308 1849 3
308 1850 3
308 1851 3
308 1852 3
308 1853 3
308 1854 3
312 307 3
312 1873 3
312 1874 3
312 1875 3
312 1876 3
312 1877 3
312 1878 3
316 317 3
316 1897 3
316 1898 3
316 1899 3
316 1900 3
316 1901 3
316 1902 3
320 321 3
320 1921 3
320 1922 3
320 1923 3
320 1924 3
320 1925 3
320 1926 3
324 319 3
324 1945 3
324 1946 3
324 1947 3
324 1948 3
324 1949 3
324 1950 3
328 329 3
328 1969 3
328 1970 3
328 1971 3
328 1972 3
328 1973 3
328 1974 3
332 333 3
332 1993 3
332 1994 3
332 1995 3
332 1996 3
332 1997 3
332 1998 3
336 331 3
336 2017 3
336 2018 3
336 2019 3
336 2020 3
336 2021 3
336 2022 3
340 341 3
340 2041 3
340 2042 3
340 2043 3
340 2044 3
340 2045 3
340 2046 3
344 345 3
344 2065 3
344 2066 3
344 2067 3
344 2068 3
344 2069 3
344 2070 3
348 343 3
348 2089 3
348 2090 3
348 2091 3
348 2092 3
348 2093 3
348 2094 3
352 353 3
352 2113 3
352 2114 3
352 2115 3
352 2116 3
352 2117 3
352 2118 3
356 357 3
356 2137 3
356 2138 3
356 2139 3
356 2140 3
356 2141 3
356 2142 3
360 355 3
360 2161 3
360 2162 3
360 2163 3
360 2164 3
360 2165 3
360 2166 3
364 365 3
364 2185 3
364 2186 3
364 2187 3
364 2188 3
364 2189 3
364 2190 3
368 369 3
368 2209 3
368 2210 3
368 2211 3
368 2212 3
368 2213 3
368 2214 3
372 367 3
372 2233 3
372 2234 3
372 2235 3
372 2236 3
372 2237 3
372 2238 3
376 377 3
376 2257 3
376 2258 3
376 2259 3
376 2260 3
376 2261 3
376 2262 3
380 381 3
380 2281 3
380 2282 3
380 2283 3
380 2284 3
380 2285 3
380 2286 3
384 379 3
384 2305 3
384 2306 3
384 2307 3
384 2308 3
384 2309 3
384 2310 3
388 389 3
388 2329 3
388 2330 3
388 2331 3
388 2332 3
388 2333 3
388 2334 3
392 393 3
392 2353 3
392 2354 3
392 2355 3
392 2356 3
392 2357 3
392 2358 3
396 391 3
396 2377 3
396 2378 3
396 2379 3
396 2380 3
396 2381 3
396 2382 3
400 401 3
400 2401 3
400 2402 3
400 2403 3
400 2404 3
400 2405 3
400 2406 3
404 405 3
404 2425 3
404 2426 3
404 2427 3
404 2428 3
404 2429 3
404 2430 3
408 403 3
408 2449 3
408 2450 3
408 2451 3
408 2452 3
408 2453 3
408 2454 3
412 413 3
412 2473 3
412 2474 3
412 2475 3
412 2476 3
412 2477 3
412 2478 3
416 417 3
416 2497 3
416 2498 3
416 2499 3
416 2500 3
416 2501 3
416 2502 3
420 415 3
420 2521 3
420 2522 3
420 2523 3
420 2524 3
420 2525 3
420 2526 3
424 425 3
424 2545 3
424 2546 3
424 2547 3
424 2548 3
424 2549 3
424 2550 3
428 429 3
428 2569 3
428 2570 3
428 2571 3
428 2572 3
428 2573 3
428 2574 3
432 427 3
432 2593 3
432 2594 3
432 2595 3
432 2596 3
432 2597 3
432 2598 3
436 437 3
436 2617 3
436 2618 3
436 2619 3
436 2620 3
436 2621 3
436 2622 3
440 441 3
440 2641 3
440 2642 3
440 2643 3
440 2644 3
440 2645 3
440 2646 3
444 439 3
444 2665 3
444 2666 3
444 2667 3
444 2668 3
444 2669 3
444 2670 3
448 449 3
448 2689 3
448 2690 3
448 2691 3
448 2692 3
448 2693 3
448 2694 3
452 453 3
452 2713 3
452 2714 3
452 2715 3
452 2716 3
452 2717 3
452 2718 3
456 451 3
456 2737 3
456 2738 3
456 2739 3
456 2740 3
456 2741 3
456 2742 3
460 461 3
460 2761 3
460 2762 3
460 2763 3
460 2764 3
460 2765 3
460 2766 3
464 465 3
464 2785 3
464 2786 3
464 2787 3
464 2788 3
464 2789 3
464 2790 3
468 463 3
468 2809 3
468 2810 3
468 2811 3
468 2812 3
468 2813 3
468 2814 3
472 473 3
472 2833 3
472 2834 3
472 2835 3
472 2836 3
472 2837 3
472 2838 3
476 477 3
476 2857 3
476 2858 3
476 2859 3
476 2860 3
476 2861 3
476 2862 3
480 475 3
480 2881 3
480 2882 3
480 2883 3
480 2884 3
480 2885 3
480 2886 3
484 485 3
484 2905 3
484 2906 3
484 2907 3
484 2908 3
484 2909 3
484 2910 3
488 489 3
488 2929 3
488 2930 3
488 2931 3
488 2932 3
488 2933 3
488 2934 3
492 487 3
492 2953 3
492 2954 3
492 2955 3
492 2956 3
492 2957 3
492 2958 3
496 497 3
496 2977 3
496 2978 3
496 2979 3
496 2980 3
496 2981 3
496 2982 3
500 501 3
500 3001 3
500 3002 3
500 3003 3
500 3004 3
500 3005 3
500 3006 3
504 499 3
504 3025 3
504 3026 3
504 3027 3
504 3028 3
504 3029 3
504 3030 3
508 509 3
508 3049 3
508 3050 3
508 3051 3
508 3052 3
508 3053 3
508 3054 3
512 513 3
512 3073 3
512 3074 3
512 3075 3
512 3076 3
512 3077 3
512 3078 3
516 511 3
516 3097 3
516 3098 3
516 3099 3
516 3100 3
516 3101 3
516 3102 3
520 521 3
520 3121 3
520 3122 3
520 3123 3
520 3124 3
520 3125 3
520 3126 3
524 525 3
524 3145 3
524 3146 3
524 3147 3
524 3148 3
524 3149 3
524 3150 3
528 523 3
528 3169 3
528 3170 3
528 3171 3
528 3172 3
528 3173 3
528 3174 3
532 533 3
532 3193 3
532 3194 3
532 3195 3
532 3196 3
532 3197 3
532 3198 3
536 537 3
536 3217 3
536 3218 3
536 3219 3
536 3220 3
536 3221 3
536 3222 3
540 535 3
540 3241 3
540 3242 3
540 3243 3
540 3244 3
540 3245 3
540 3246 3
544 545 3
544 3265 3
544 3266 3
544 3267 3
544 3268 3
544 3269 3
544 3270 3
548 549 3
548 3289 3
548 3290 3
548 3291 3
548 3292 3
548 3293 3
548 3294 3
552 547 3
552 3313 3
552 3314 3
552 3315 3
552 3316 3
552 3317 3
552 3318 3
556 557 3
556 3337 3
556 3338 3
556 3339 3
556 3340 3
556 3341 3
556 3342 3
560 561 3
560 3361 3
560 3362 3
560 3363 3
560 3364 3
560 3365 3
560 3366 3
564 559 3
564 3385 3
564 3386 3
564 3387 3
564 3388 3
564 3389 3
564 3390 3
568 569 3
568 3409 3
568 3410 3
568 3411 3
568 3412 3
568 3413 3
568 3414 3
572 573 3
572 3433 3
572 3434 3
572 3435 3
572 3436 3
572 3437 3
572 3438 3
576 571 3
576 3457 3
576 3458 3
576 3459 3
576 3460 3
576 3461 3
576 3462 3
580 581 3
580 3481 3
580 3482 3
580 3483 3
580 3484 3
580 3485 3
580 3486 3
584 585 3
584 3505 3
584 3506 3
584 3507 3
584 3508 3
584 3509 3
584 3510 3
588 583 3
588 3529 3
588 3530 3
588 3531 3
588 3532 3
588 3533 3
588 3534 3
592 593 3
592 3553 3
592 3554 3
592 3555 3
592 3556 3
592 3557 3
592 3558 3
596 597 3
596 3577 3
596 3578 3
596 3579 3
596 3580 3
596 3581 3
596 3582 3
600 595 3
600 3601 3
600 3602 3
600 3603 3
600 3604 3
600 3605 3
600 3606 3
604 605 3
604 3625 3
604 3626 3
604 3627 3
604 3628 3
604 3629 3
604 3630 3
608 609 3
608 3649 3
608 3650 3
608 3651 3
608 3652 3
608 3653 3
608 3654 3
612 607 3
612 3673 3
612 3674 3
612 3675 3
612 3676 3
612 3677 3
612 3678 3
616 617 3
616 3697 3
616 3698 3
616 3699 3
616 3700 3
616 3701 3
616 3702 3
620 621 3
620 3721 3
620 3722 3
620 3723 3
620 3724 3
620 3725 3
620 3726 3
624 619 3
624 3745 3
624 3746 3
624 3747 3
624 3748 3
624 3749 3
624 3750 3
628 629 3
628 3769 3
628 3770 3
628 3771 3
628 3772 3
628 3773 3
628 3774 3
632 633 3
632 3793 3
632 3794 3
632 3795 3
632 3796 3
632 3797 3
632 3798 3
636 631 3
636 3817 3
636 3818 3
636 3819 3
636 3820 3
636 3821 3
636 3822 3
640 641 3
640 3841 3
640 3842 3
640 3843 3
640 3844 3
640 3845 3
640 3846 3
644 645 3
644 3865 3
644 3866 3
644 3867 3
644 3868 3
644 3869 3
644 3870 3
648 643 3
648 3889 3
648 3890 3
648 3891 3
648 3892 3
648 3893 3
648 3894 3
652 653 3
652 3913 3
652 3914 3
652 3915 3
652 3916 3
652 3917 3
652 3918 3
656 657 3
656 3937 3
656 3938 3
656 3939 3
656 3940 3
656 3941 3
656 3942 3
660 655 3
660 3961 3
660 3962 3
660 3963 3
660 3964 3
660 3965 3
660 3966 3
664 665 3
664 3985 3
664 3986 3
664 3987 3
664 3988 3
664 3989 3
664 3990 3
668 669 3
668 4009 3
668 4010 3
668 4011 3
668 4012 3
668 4013 3
668 4014 3
672 667 3
672 4033 3
672 4034 3
672 4035 3
672 4036 3
672 4037 3
672 4038 3
676 677 3
676 4057 3
676 4058 3
676 4059 3
676 4060 3
676 4061 3
676 4062 3
680 681 3
680 4081 3
680 4082 3
680 4083 3
680 4084 3
680 4085 3
680 4086 3
684 679 3
684 4105 3
684 4106 3
684 4107 3
684 4108 3
684 4109 3
684 4110 3
688 689 3
688 4129 3
688 4130 3
688 4131 3
688 4132 3
688 4133 3
688 4134 3
692 693 3
692 4153 3
692 4154 3
692 4155 3
692 4156 3
692 4157 3
692 4158 3
696 691 3
696 4177 3
696 4178 3
696 4179 3
696 4180 3
696 4181 3
696 4182 3
700 701 3
700 4201 3
700 4202 3
700 4203 3
700 4204 3
700 4205 3
700 4206 3
704 705 3
704 4225 3
704 4226 3
704 4227 3
704 4228 3
704 4229 3
704 4230 3
708 703 3
708 4249 3
708 4250 3
708 4251 3
708 4252 3
708 4253 3
708 4254 3
712 713 3
712 4273 3
712 4274 3
712 4275 3
712 4276 3
712 4277 3
712 4278 3
716 717 3
716 4297 3
716 4298 3
716 4299 3
716 4300 3
716 4301 3
716 4302 3
720 715 3
720 4321 3
720 4322 3
720 4323 3
720 4324 3
720 4325 3
720 4326 3
724 725 3
724 4345 3
724 4346 3
724 4347 3
724 4348 3
724 4349 3
724 4350 3
728 729 3
728 4369 3
728 4370 3
728 4371 3
728 4372 3
728 4373 3
728 4374 3
732 727 3
732 4393 3
732 4394 3
732 4395 3
732 4396 3
732 4397 3
732 4398 3
736 737 3
736 4417 3
736 4418 3
736 4419 3
736 4420 3
736 4421 3
736 4422 3
740 741 3
740 4441 3
740 4442 3
740 4443 3
740 4444 3
740 4445 3
740 4446 3
744 739 3
744 4465 3
744 4466 3
744 4467 3
744 4468 3
744 4469 3
744 4470 3
748 749 3
748 4489 3
748 4490 3
748 4491 3
748 4492 3
748 4493 3
748 4494 3
752 753 3
752 4513 3
752 4514 3
752 4515 3
752 4516 3
752 4517 3
752 4518 3
756 751 3
756 4537 3
756 4538 3
756 4539 3
756 4540 3
756 4541 3
756 4542 3
760 761 3
760 4561 3
760 4562 3
760 4563 3
760 4564 3
760 4565 3
760 4566 3
764 765 3
764 4585 3
764 4586 3
764 4587 3
764 4588 3
764 4589 3
764 4590 3
768 763 3
768 4609 3
768 4610 3
768 4611 3
768 4612 3
768 4613 3
768 4614 3
772 773 3
772 4633 3
772 4634 3
772 4635 3
772 4636 3
772 4637 3
772 4638 3
776 777 3
776 4657 3
776 4658 3
776 4659 3
776 4660 3
776 4661 3
776 4662 3
780 775 3
780 4681 3
780 4682 3
780 4683 3
780 4684 3
780 4685 3
780 4686 3
784 785 3
784 4705 3
784 4706 3
784 4707 3
784 4708 3
784 4709 3
784 4710 3
788 789 3
788 4729 3
788 4730 3
788 4731 3
788 4732 3
788 4733 3
788 4734 3
792 787 3
792 4753 3
792 4754 3
792 4755 3
792 4756 3
792 4757 3
792 4758 3
796 797 3
796 4777 3
796 4778 3
796 4779 3
796 4780 3
796 4781 3
796 4782 3
800 801 3
800 4801 3
800 4802 3
800 4803 3
800 4804 3
800 4805 3
800 4806 3
804 799 3
804 4825 3
804 4826 3
804 4827 3
804 4828 3
804 4829 3
804 4830 3
808 809 3
808 4849 3
808 4850 3
808 4851 3
808 4852 3
808 4853 3
808 4854 3
812 813 3
812 4873 3
812 4874 3
812 4875 3
812 4876 3
812 4877 3
812 4878 3
816 811 3
816 4897 3
816 4898 3
816 4899 3
816 4900 3
816 4901 3
816 4902 3
820 821 3
820 4921 3
820 4922 3
820 4923 3
820 4924 3
820 4925 3
820 4926 3
824 825 3
824 4945 3
824 4946 3
824 4947 3
824 4948 3
824 4949 3
824 4950 3
828 823 3
828 4969 3
828 4970 3
828 4971 3
828 4972 3
828 4973 3
828 4974 3
832 833 3
832 4993 3
832 4994 3
832 4995 3
832 4996 3
832 4997 3
832 4998 3
836 837 3
836 5017 3
836 5018 3
836 5019 3
836 5020 3
836 5021 3
836 5022 3
840 835 3
840 5041 3
840 5042 3
840 5043 3
840 5044 3
840 5045 3
840 5046 3
844 845 3
844 5065 3
844 5066 3
844 5067 3
844 5068 3
844 5069 3
844 5070 3
848 849 3
848 5089 3
848 5090 3
848 5091 3
848 5092 3
848 5093 3
848 5094 3
852 847 3
852 5113 3
852 5114 3
852 5115 3
852 5116 3
852 5117 3
852 5118 3
856 857 3
856 5137 3
856 5138 3
856 5139 3
856 5140 3
856 5141 3
856 5142 3
860 861 3
860 5161 3
860 5162 3
860 5163 3
860 5164 3
860 5165 3
860 5166 3
864 859 3
864 5185 3
864 5186 3
864 5187 3
864 5188 3
864 5189 3
864 5190 3
868 869 3
868 5209 3
868 5210 3
868 5211 3
868 5212 3
868 5213 3
868 5214 3
872 873 3
872 5233 3
872 5234 3
872 5235 3
872 5236 3
872 5237 3
872 5238 3
876 871 3
876 5257 3
876 5258 3
876 5259 3
876 5260 3
876 5261 3
876 5262 3
880 881 3
880 5281 3
880 5282 3
880 5283 3
880 5284 3
880 5285 3
880 5286 3
884 885 3
884 5305 3
884 5306 3
884 5307 3
884 5308 3
884 5309 3
884 5310 3
888 883 3
888 5329 3
888 5330 3
888 5331 3
888 5332 3
888 5333 3
888 5334 3
892 893 3
892 5353 3
892 5354 3
892 5355 3
892 5356 3
892 5357 3
892 5358 3
896 897 3
896 5377 3
896 5378 3
896 5379 3
896 5380 3
896 5381 3
896 5382 3
900 895 3
900 5401 3
900 5402 3
900 5403 3
900 5404 3
900 5405 3
900 5406 3
904 905 3
904 5425 3
904 5426 3
904 5427 3
904 5428 3
904 5429 3
904 5430 3
908 909 3
908 5449 3
908 5450 3
908 5451 3
908 5452 3
908 5453 3
908 5454 3
912 907 3
912 5473 3
912 5474 3
912 5475 3
912 5476 3
912 5477 3
912 5478 3
916 917 3
916 5497 3
916 5498 3
916 5499 3
916 5500 3
916 5501 3
916 5502 3
920 921 3
920 5521 3
920 5522 3
920 5523 3
920 5524 3
920 5525 3
920 5526 3
924 919 3
924 5545 3
924 5546 3
924 5547 3
924 5548 3
924 5549 3
924 5550 3
928 929 3
928 5569 3
928 5570 3
928 5571 3
928 5572 3
928 5573 3
928 5574 3
932 933 3
932 5593 3
932 5594 3
932 5595 3
932 5596 3
932 5597 3
932 5598 3
936 931 3
936 5617 3
936 5618 3
936 5619 3
936 5620 3
936 5621 3
936 5622 3
940 941 3
940 5641 3
940 5642 3
940 5643 3
940 5644 3
940 5645 3
940 5646 3
944 945 3
944 5665 3
944 5666 3
944 5667 3
944 5668 3
944 5669 3
944 5670 3
948 943 3
948 5689 3
948 5690 3
948 5691 3
948 5692 3
948 5693 3
948 5694 3
952 953 3
952 5713 3
952 5714 3
952 5715 3
952 5716 3
952 5717 3
952 5718 3
956 957 3
956 5737 3
956 5738 3
956 5739 3
956 5740 3
956 5741 3
956 5742 3
960 955 3
960 5761 3
960 5762 3
960 5763 3
960 5764 3
960 5765 3
960 5766 3
964 965 3
964 5785 3
964 5786 3
964 5787 3
964 5788 3
964 5789 3
964 5790 3
968 969 3
968 5809 3
968 5810 3
968 5811 3
968 5812 3
968 5813 3
968 5814 3
972 967 3
972 5833 3
972 5834 3
972 5835 3
972 5836 3
972 5837 3
972 5838 3
976 977 3
976 5857 3
976 5858 3
976 5859 3
976 5860 3
976 5861 3
976 5862 3
980 981 3
980 5881 3
980 5882 3
980 5883 3
980 5884 3
980 5885 3
980 5886 3
984 979 3
984 5905 3
984 5906 3
984 5907 3
984 5908 3
984 5909 3
984 5910 3
988 989 3
988 5929 3
988 5930 3
988 5931 3
988 5932 3
988 5933 3
988 5934 3
992 993 3
992 5953 3
992 5954 3
992 5955 3
992 5956 3
992 5957 3
992 5958 3
996 991 3
996 5977 3
996 5978 3
996 5979 3
996 5980 3
996 5981 3
996 5982 3
1000 1001 3
1000 6001 3
1000 6002 3
1000 6003 3
1000 6004 3
1000 6005 3
1000 6006 3
1004 1005 3
1004 6025 3
1004 6026 3
1004 6027 3
1004 6028 3
1004 6029 3
1004 6030 3
1008 1003 3
1008 6049 3
1008 6050 3
1008 6051 3
1008 6052 3
1008 6053 3
1008 6054 3
1012 1013 3
1012 6073 3
1012 6074 3
1012 6075 3
1012 6076 3
1012 6077 3
1012 6078 3
1016 1017 3
1016 6097 3
1016 6098 3
1016 6099 3
1016 6100 3
1016 6101 3
1016 6102 3
1020 1015 3
1020 6121 3
1020 6122 3
1020 6123 3
1020 6124 3
1020 6125 3
1020 6126 3
1024 1025 3
1024 6145 3
1024 6146 3
1024 6147 3
1024 6148 3
1024 6149 3
1024 6150 3
1028 1029 3
1028 6169 3
1028 6170 3
1028 6171 3
1028 6172 3
1028 6173 3
1028 6174 3
1032 1027 3
1032 6193 3
1032 6194 3
1032 6195 3
1032 6196 3
1032 6197 3
1032 6198 3
1036 1037 3
1036 6217 3
1036 6218 3
1036 6219 3
1036 6220 3
1036 6221 3
1036 6222 3
1040 1041 3
1040 6241 3
1040 6242 3
1040 6243 3
1040 6244 3
1040 6245 3
1040 6246 3
1044 1039 3
1044 6265 3
1044 6266 3
1044 6267 3
1044 6268 3
1044 6269 3
1044 6270 3
1048 1049 3
1048 6289 3
1048 6290 3
1048 6291 3
1048 6292 3
1048 6293 3
1048 6294 3
1052 1053 3
1052 6313 3
1052 6314 3
1052 6315 3
1052 6316 3
1052 6317 3
1052 6318 3
1056 1051 3
1056 6337 3
1056 6338 3
1056 6339 3
1056 6340 3
1056 6341 3
1056 6342 3
1060 1061 3
1060 6361 3
1060 6362 3
1060 6363 3
1060 6364 3
1060 6365 3
1060 6366 3
1064 1065 3
1064 6385 3
1064 6386 3
1064 6387 3
1064 6388 3
1064 6389 3
1064 6390 3
1068 1063 3
1068 6409 3
1068 6410 3
1068 6411 3
1068 6412 3
1068 6413 3
1068 6414 3
1072 1073 3
1072 6433 3
1072 6434 3
1072 6435 3
1072 6436 3
1072 6437 3
1072 6438 3
1076 1077 3
1076 6457 3
1076 6458 3
1076 6459 3
1076 6460 3
1076 6461 3
1076 6462 3
1080 1075 3
1080 6481 3
1080 6482 3
1080 6483 3
1080 6484 3
1080 6485 3
1080 6486 3
1084 1085 3
1084 6505 3
1084 6506 3
1084 6507 3
1084 6508 3
1084 6509 3
1084 6510 3
1088 1089 3
1088 6529 3
1088 6530 3
1088 6531 3
1088 6532 3
1088 6533 3
1088 6534 3
1092 1087 3
1092 6553 3
1092 6554 3
1092 6555 3
1092 6556 3
1092 6557 3
1092 6558 3
1096 1097 3
1096 6577 3
1096 6578 3
1096 6579 3
1096 6580 3
1096 6581 3
1096 6582 3
1100 1101 3
1100 6601 3
1100 6602 3
1100 6603 3
1100 6604 3
1100 6605 3
1100 6606 3
1104 1099 3
1104 6625 3
1104 6626 3
1104 6627 3
1104 6628 3
1104 6629 3
1104 6630 3
1108 1109 3
1108 6649 3
1108 6650 3
1108 6651 3
1108 6652 3
1108 6653 3
1108 6654 3
1112 1113 3
1112 6673 3
1112 6674 3
1112 6675 3
1112 6676 3
1112 6677 3
1112 6678 3
1116 1111 3
1116 6697 3
1116 6698 3
1116 6699 3
1116 6700 3
1116 6701 3
1116 6702 3
1120 1121 3
1120 6721 3
1120 6722 3
1120 6723 3
1120 6724 3
1120 6725 3
1120 6726 3
1124 1125 3
1124 6745 3
1124 6746 3
1124 6747 3
1124 6748 3
1124 6749 3
1124 6750 3
1128 1123 3
1128 6769 3
1128 6770 3
1128 6771 3
1128 6772 3
1128 6773 3
1128 6774 3
1132 1133 3
1132 6793 3
1132 6794 3
1132 6795 3
1132 6796 3
1132 6797 3
1132 6798 3
1136 1137 3
1136 6817 3
1136 6818 3
1136 6819 3
1136 6820 3
1136 6821 3
1136 6822 3
1140 1135 3
1140 6841 3
1140 6842 3
1140 6843 3
1140 6844 3
1140 6845 3
1140 6846 3
1144 1145 3
1144 6865 3
1144 6866 3
1144 6867 3
1144 6868 3
1144 6869 3
1144 6870 3
1148 1149 3
1148 6889 3
1148 6890 3
1148 6891 3
1148 6892 3
1148 6893 3
1148 6894 3
1152 1147 3
1152 6913 3
1152 6914 3
1152 6915 3
1152 6916 3
1152 6917 3
1152 6918 3
1156 1157 3
1156 6937 3
1156 6938 3
1156 6939 3
1156 6940 3
1156 6941 3
1156 6942 3
1160 1161 3
1160 6961 3
1160 6962 3
1160 6963 3
1160 6964 3
1160 6965 3
1160 6966 3
1164 1159 3
1164 6985 3
1164 6986 3
1164 6987 3
1164 6988 3
1164 6989 3
1164 6990 3
1168 1169 3
1168 7009 3
1168 7010 3
1168 7011 3
1168 7012 3
1168 7013 3
1168 7014 3
1172 1173 3
1172 7033 3
1172 7034 3
1172 7035 3
1172 7036 3
1172 7037 3
1172 7038 3
1176 1171 3
1176 7057 3
1176 7058 3
1176 7059 3
1176 7060 3
1176 7061 3
1176 7062 3
1180 1181 3
1180 7081 3
1180 7082 3
1180 7083 3
1180 7084 3
1180 7085 3
1180 7086 3
1184 1185 3
1184 7105 3
1184 7106 3
1184 7107 3
1184 7108 3
1184 7109 3
1184 7110 3
1188 1183 3
1188 7129 3
1188 7130 3
1188 7131 3
1188 7132 3
1188 7133 3
1188 7134 3
1192 1193 3
1192 7153 3
1192 7154 3
1192 7155 3
1192 7156 3
1192 7157 3
1192 7158 3
1196 1197 3
1196 7177 3
1196 7178 3
1196 7179 3
1196 7180 3
1196 7181 3
1196 7182 3
1200 1195 3
1200 7201 3
1200 7202 3
1200 7203 3
1200 7204 3
1200 7205 3
1200 7206 3
1204 1205 3
1204 7225 3
1204 7226 3
1204 7227 3
1204 7228 3
1204 7229 3
1204 7230 3
1208 1209 3
1208 7249 3
1208 7250 3
1208 7251 3
1208 7252 3
1208 7253 3
1208 7254 3
1212 1207 3
1212 7273 3
1212 7274 3
1212 7275 3
1212 7276 3
1212 7277 3
1212 7278 3
1216 1217 3
1216 7297 3
1216 7298 3
1216 7299 3
1216 7300 3
1216 7301 3
1216 7302 3
1220 1221 3
1220 7321 3
1220 7322 3
1220 7323 3
1220 7324 3
1220 7325 3
1220 7326 3
1224 1219 3
1224 7345 3
1224 7346 3
1224 7347 3
1224 7348 3
1224 7349 3
1224 7350 3
1228 1229 3
1228 7369 3
1228 7370 3
1228 7371 3
1228 7372 3
1228 7373 3
1228 7374 3
1232 1233 3
1232 7393 3
1232 7394 3
1232 7395 3
1232 7396 3
1232 7397 3
1232 7398 3
1236 1231 3
1236 7417 3
1236 7418 3
1236 7419 3
1236 7420 3
1236 7421 3
1236 7422 3
1240 1241 3
1240 7441 3
1240 7442 3
1240 7443 3
1240 7444 3
1240 7445 3
1240 7446 3
1244 1245 3
1244 7465 3
1244 7466 3
1244 7467 3
1244 7468 3
1244 7469 3
1244 7470 3
1248 1243 3
1248 7489 3
1248 7490 3
1248 7491 3
1248 7492 3
1248 7493 3
1248 7494 3
1252 1253 3
1252 7513 3
1252 7514 3
1252 7515 3
1252 7516 3
1252 7517 3
1252 7518 3
1256 1257 3
1256 7537 3
1256 7538 3
1256 7539 3
1256 7540 3
1256 7541 3
1256 7542 3
1260 1255 3
1260 7561 3
1260 7562 3
1260 7563 3
1260 7564 3
1260 7565 3
1260 7566 3
1264 1265 3
1264 7585 3
1264 7586 3
1264 7587 3
1264 7588 3
1264 7589 3
1264 7590 3
1268 1269 3
1268 7609 3
1268 7610 3
1268 7611 3
1268 7612 3
1268 7613 3
1268 7614 3
1272 1267 3
1272 7633 3
1272 7634 3
1272 7635 3
1272 7636 3
1272 7637 3
1272 7638 3
1276 1277 3
1276 7657 3
1276 7658 3
1276 7659 3
1276 7660 3
1276 7661 3
1276 7662 3
1280 1281 3
1280 7681 3
1280 7682 3
1280 7683 3
1280 7684 3
1280 7685 3
1280 7686 3
1284 1279 3
1284 7705 3
1284 7706 3
1284 7707 3
1284 7708 3
1284 7709 3
1284 7710 3
1288 1289 3
1288 7729 3
1288 7730 3
1288 7731 3
1288 7732 3
1288 7733 3
1288 7734 3
1292 1293 3
1292 7753 3
1292 7754 3
1292 7755 3
1292 7756 3
1292 7757 3
1292 7758 3
1296 1291 3
1296 7777 3
1296 7778 3
1296 7779 3
1296 7780 3
1296 7781 3
1296 7782 3
1300 1301 3
1300 7801 3
1300 7802 3
1300 7803 3
1300 7804 3
1300 7805 3
1300 7806 3
1304 1305 3
1304 7825 3
1304 7826 3
1304 7827 3
1304 7828 3
1304 7829 3
1304 7830 3
1308 1303 3
1308 7849 3
1308 7850 3
1308 7851 3
1308 7852 3
1308 7853 3
1308 7854 3
1312 1313 3
1312 7873 3
1312 7874 3
1312 7875 3
1312 7876 3
1312 7877 3
1312 7878 3
1316 1317 3
1316 7897 3
1316 7898 3
1316 7899 3
1316 7900 3
1316 7901 3
1316 7902 3
1320 1315 3
1320 7921 3
1320 7922 3
1320 7923 3
1320 7924 3
1320 7925 3
1320 7926 3
1324 1325 3
1324 7945 3
1324 7946 3
1324 7947 3
1324 7948 3
1324 7949 3
1324 7950 3
1328 1329 3
1328 7969 3
1328 7970 3
1328 7971 3
1328 7972 3
1328 7973 3
1328 7974 3
1332 1327 3
1332 7993 3
1332 7994 3
1332 7995 3
1332 7996 3
1332 7997 3
1332 7998 3
1336 1337 3
1336 8017 3
1336 8018 3
1336 8019 3
1336 8020 3
1336 8021 3
1336 8022 3
1340 1341 3
1340 8041 3
1340 8042 3
1340 8043 3
1340 8044 3
1340 8045 3
1340 8046 3
1344 1339 3
1344 8065 3
1344 8066 3
1344 8067 3
1344 8068 3
1344 8069 3
1344 8070 3
1348 1349 3
1348 8089 3
1348 8090 3
1348 8091 3
1348 8092 3
1348 8093 3
1348 8094 3
1352 1353 3
1352 8113 3
1352 8114 3
1352 8115 3
1352 8116 3
1352 8117 3
1352 8118 3
1356 1351 3
1356 8137 3
1356 8138 3
1356 8139 3
1356 8140 3
1356 8141 3
1356 8142 3
1360 1361 3
1360 8161 3
1360 8162 3
1360 8163 3
1360 8164 3
1360 8165 3
1360 8166 3
1364 1365 3
1364 8185 3
1364 8186 3
1364 8187 3
1364 8188 3
1364 8189 3
1364 8190 3
1368 1363 3
1368 8209 3
1368 8210 3
1368 8211 3
1368 8212 3
1368 8213 3
1368 8214 3
1372 1373 3
1372 8233 3
1372 8234 3
1372 8235 3
1372 8236 3
1372 8237 3
1372 8238 3
1376 1377 3
1376 8257 3
1376 8258 3
1376 8259 3
1376 8260 3
1376 8261 3
1376 8262 3
1380 1375 3
1380 8281 3
1380 8282 3
1380 8283 3
1380 8284 3
1380 8285 3
1380 8286 3
1384 1385 3
1384 8305 3
1384 8306 3
1384 8307 3
1384 8308 3
1384 8309 3
1384 8310 3
1388 1389 3
1388 8329 3
1388 8330 3
1388 8331 3
1388 8332 3
1388 8333 3
1388 8334 3
1392 1387 3
1392 8353 3
1392 8354 3
1392 8355 3
1392 8356 3
1392 8357 3
1392 8358 3
1396 1397 3
1396 8377 3
1396 8378 3
1396 8379 3
1396 8380 3
1396 8381 3
1396 8382 3
1400 1401 3
1400 8401 3
1400 8402 3
1400 8403 3
1400 8404 3
1400 8405 3
1400 8406 3
1404 1399 3
1404 8425 3
1404 8426 3
1404 8427 3
1404 8428 3
1404 8429 3
1404 8430 3
1408 1409 3
1408 8449 3
1408 8450 3
1408 8451 3
1408 8452 3
1408 8453 3
1408 8454 3
1412 1413 3
1412 8473 3
1412 8474 3
1412 8475 3
1412 8476 3
1412 8477 3
1412 8478 3
1416 1411 3
1416 8497 3
1416 8498 3
1416 8499 3
1416 8500 3
1416 8501 3
1416 8502 3
1420 1421 3
1420 8521 3
1420 8522 3
1420 8523 3
1420 8524 3
1420 8525 3
1420 8526 3
1424 1425 3
1424 8545 3
1424 8546 3
1424 8547 3
1424 8548 3
1424 8549 3
1424 8550 3
1428 1423 3
1428 8569 3
1428 8570 3
1428 8571 3
1428 8572 3
1428 8573 3
1428 8574 3
1432 1433 3
1432 8593 3
1432 8594 3
1432 8595 3
1432 8596 3
1432 8597 3
1432 8598 3
1436 1437 3
1436 8617 3
1436 8618 3
1436 8619 3
1436 8620 3
1436 8621 3
1436 8622 3
1440 1435 3
1440 8641 3
1440 8642 3
1440 8643 3
1440 8644 3
1440 8645 3
1440 8646 3
1444 1445 3
1444 8665 3
1444 8666 3
1444 8667 3
1444 8668 3
1444 8669 3
1444 8670 3
1448 1449 3
1448 8689 3
1448 8690 3
1448 8691 3
1448 8692 3
1448 8693 3
1448 8694 3
1452 1447 3
1452 8713 3
1452 8714 3
1452 8715 3
1452 8716 3
1452 8717 3
1452 8718 3
1456 1457 3
1456 8737 3
1456 8738 3
1456 8739 3
1456 8740 3
1456 8741 3
1456 8742 3
1460 1461 3
1460 8761 3
1460 8762 3
1460 8763 3
1460 8764 3
1460 8765 3
1460 8766 3
1464 1459 3
1464 8785 3
1464 8786 3
1464 8787 3
1464 8788 3
1464 8789 3
1464 8790 3
1468 1469 3
1468 8809 3
1468 8810 3
1468 8811 3
1468 8812 3
1468 8813 3
1468 8814 3
1472 1473 3
1472 8833 3
1472 8834 3
1472 8835 3
1472 8836 3
1472 8837 3
1472 8838 3
1476 1471 3
1476 8857 3
1476 8858 3
1476 8859 3
1476 8860 3
1476 8861 3
1476 8862 3
1480 1481 3
1480 8881 3
1480 8882 3
1480 8883 3
1480 8884 3
1480 8885 3
1480 8886 3
1484 1485 3
1484 8905 3
1484 8906 3
1484 8907 3
1484 8908 3
1484 8909 3
1484 8910 3
1488 1483 3
1488 8929 3
1488 8930 3
1488 8931 3
1488 8932 3
1488 8933 3
1488 8934 3
1492 1493 3
1492 8953 3
1492 8954 3
1492 8955 3
1492 8956 3
1492 8957 3
1492 8958 3
1496 1497 3
1496 8977 3
1496 8978 3
1496 8979 3
1496 8980 3
1496 8981 3
1496 8982 3
1500 1495 3
1500 9001 3
1500 9002 3
1500 9003 3
1500 9004 3
1500 9005 3
1500 9006 3
1504 1505 3
1504 9025 3
1504 9026 3
1504 9027 3
1504 9028 3
1504 9029 3
1504 9030 3
1508 1509 3
1508 9049 3
1508 9050 3
1508 9051 3
1508 9052 3
1508 9053 3
1508 9054 3
1512 1507 3
1512 9073 3
1512 9074 3
1512 9075 3
1512 9076 3
1512 9077 3
1512 9078 3
1516 1517 3
1516 9097 3
1516 9098 3
1516 9099 3
1516 9100 3
1516 9101 3
1516 9102 3
1520 1521 3
1520 9121 3
1520 9122 3
1520 9123 3
1520 9124 3
1520 9125 3
1520 9126 3
1524 1519 3
1524 9145 3
1524 9146 3
1524 9147 3
1524 9148 3
1524 9149 3
1524 9150 3
1528 1529 3
1528 9169 3
1528 9170 3
1528 9171 3
1528 9172 3
1528 9173 3
1528 9174 3
1532 1533 3
1532 9193 3
1532 9194 3
1532 9195 3
1532 9196 3
1532 9197 3
1532 9198 3
1536 1531 3
1536 9217 3
1536 9218 3
1536 9219 3
1536 9220 3
1536 9221 3
1536 9222 3
1540 1541 3
1540 9241 3
1540 9242 3
1540 9243 3
1540 9244 3
1540 9245 3
1540 9246 3
1544 1545 3
1544 9265 3
1544 9266 3
1544 9267 3
1544 9268 3
1544 9269 3
1544 9270 3
1548 1543 3
1548 9289 3
1548 9290 3
1548 9291 3
1548 9292 3
1548 9293 3
1548 9294 3
1552 1553 3
1552 9313 3
1552 9314 3
1552 9315 3
1552 9316 3
1552 9317 3
1552 9318 3
1556 1557 3
1560 1555 3
1564 1565 3
1568 1569 3
1572 1567 3
1576 1577 3
1580 1581 3
1584 1579 3
1588 1589 3
1592 1593 3
1596 1591 3
1600 1601 3
1604 1605 3
1608 1603 3
1612 1613 3
1616 1617 3
1620 1615 3
1624 1625 3
1628 1629 3
1632 1627 3
1636 1637 3
1640 1641 3
1644 1639 3
1648 1649 3
1652 1653 3
1656 1651 3
1660 1661 3
1664 1665 3
1668 1663 3
1672 1673 3
1676 1677 3
1680 1675 3
1684 1685 3
1688 1689 3
1692 1687 3
1696 1697 3
1700 1701 3
1704 1699 3
1708 1709 3
1712 1713 3
1716 1711 3
1720 1721 3
1724 1725 3
1728 1723 3
1732 1733 3
1736 1737 3
1740 1735 3
1744 1745 3
1748 1749 3
1752 1747 3
1756 1757 3
1760 1761 3
1764 1759 3
1768 1769 3
1772 1773 3
1776 1771 3
1780 1781 3
1784 1785 3
1788 1783 3
1792 1793 3
1796 1797 3
1800 1795 3
1804 1805 3
1808 1809 3
1812 1807 3
1816 1817 3
1820 1821 3
1824 1819 3
1828 1829 3
1832 1833 3
1836 1831 3
1840 1841 3
1844 1845 3
1848 1843 3
1852 1853 3
1856 1857 3
1860 1855 3
1864 1865 3
1868 1869 3
1872 1867 3
1876 1877 3
1880 1881 3
1884 1879 3
1888 1889 3
1892 1893 3
1896 1891 3
1900 1901 3
1904 1905 3
1908 1903 3
1912 1913 3
1916 1917 3
1920 1915 3
1924 1925 3
1928 1929 3
1932 1927 3
1936 1937 3
1940 1941 3
1944 1939 3
1948 1949 3
1952 1953 3
1956 1951 3
1960 1961 3
1964 1965 3
1968 1963 3
1972 1973 3
1976 1977 3
1980 1975 3
1984 1985 3
1988 1989 3
1992 1987 3
1996 1997 3
2000 2001 3
2004 1999 3
2008 2009 3
2012 2013 3
2016 2011 3
2020 2021 3
2024 2025 3
2028 2023 3
2032 2033 3
2036 2037 3
2040 2035 3
2044 2045 3
2048 2049 3
2052 2047 3
2056 2057 3
2060 2061 3
2064 2059 3
2068 2069 3
2072 2073 3
2076 2071 3
2080 2081 3
2084 2085 3
2088 2083 3
2092 2093 3
2096 2097 3
2100 2095 3
2104 2105 3
2108 2109 3
2112 2107 3
2116 2117 3
2120 2121 3
2124 2119 3
2128 2129 3
2132 2133 3
2136 2131 3
2140 2141 3
2144 2145 3
2148 2143 3
2152 2153 3
2156 2157 3
2160 2155 3
2164 2165 3
2168 2169 3
2172 2167 3
2176 2177 3
2180 2181 3
2184 2179 3
2188 2189 3
2192 2193 3
2196 2191 3
2200 2201 3
2204 2205 3
2208 2203 3
2212 2213 3
2216 2217 3
2220 2215 3
2224 2225 3
2228 2229 3
2232 2227 3
2236 2237 3
2240 2241 3
2244 2239 3
2248 2249 3
2252 2253 3
2256 2251 3
2260 2261 3
2264 2265 3
2268 2263 3
2272 2273 3
2276 2277 3
2280 2275 3
2284 2285 3
2288 2289 3
2292 2287 3
2296 2297 3
2300 2301 3
2304 2299 3
2308 2309 3
2312 2313 3
2316 2311 3
2320 2321 3
2324 2325 3
2328 2323 3
2332 2333 3
2336 2337 3
2340 2335 3
2344 2345 3
2348 2349 3
2352 2347 3
2356 2357 3
2360 2361 3
2364 2359 3
2368 2369 3
2372 2373 3
2376 2371 3
2380 2381 3
2384 2385 3
2388 2383 3
2392 2393 3
2396 2397 3
2400 2395 3
2404 2405 3
2408 2409 3
2412 2407 3
2416 2417 3
2420 2421 3
2424 2419 3
2428 2429 3
2432 2433 3
2436 2431 3
2440 2441 3
2444 2445 3
2448 2443 3
2452 2453 3
2456 2457 3
2460 2455 3
2464 2465 3
2468 2469 3
2472 2467 3
2476 2477 3
2480 2481 3
2484 2479 3
2488 2489 3
2492 2493 3
2496 2491 3
2500 2501 3
2504 2505 3
2508 2503 3
2512 2513 3
2516 2517 3
2520 2515 3
2524 2525 3
2528 2529 3
2532 2527 3
2536 2537 3
2540 2541 3
2544 2539 3
2548 2549 3
2552 2553 3
2556 2551 3
2560 2561 3
2564 2565 3
2568 2563 3
2572 2573 3
2576 2577 3
2580 2575 3
2584 2585 3
2588 2589 3
2592 2587 3
2596 2597 3
2600 2601 3
2604 2599 3
2608 2609 3
2612 2613 3
2616 2611 3
2620 2621 3
2624 2625 3
2628 2623 3
2632 2633 3
2636 2637 3
2640 2635 3
2644 2645 3
2648 2649 3
2652 2647 3
2656 2657 3
2660 2661 3
2664 2659 3
2668 2669 3
2672 2673 3
2676 2671 3
2680 2681 3
2684 2685 3
2688 2683 3
2692 2693 3
2696 2697 3
2700 2695 3
2704 2705 3
2708 2709 3
2712 2707 3
2716 2717 3
2720 2721 3
2724 2719 3
2728 2729 3
2732 2733 3
2736 2731 3
2740 2741 3
2744 2745 3
2748 2743 3
2752 2753 3
2756 2757 3
2760 2755 3
2764 2765 3
2768 2769 3
2772 2767 3
2776 2777 3
2780 2781 3
2784 2779 3
2788 2789 3
2792 2793 3
2796 2791 3
2800 2801 3
2804 2805 3
2808 2803 3
2812 2813 3
2816 2817 3
2820 2815 3
2824 2825 3
2828 2829 3
2832 2827 3
2836 2837 3
2840 2841 3
2844 2839 3
2848 2849 3
2852 2853 3
2856 2851 3
2860 2861 3
2864 2865 3
2868 2863 3
2872 2873 3
2876 2877 3
2880 2875 3
2884 2885 3
2888 2889 3
2892 2887 3
2896 2897 3
2900 2901 3
2904 2899 3
2908 2909 3
2912 2913 3
2916 2911 3
2920 2921 3
2924 2925 3
2928 2923 3
2932 2933 3
2936 2937 3
2940 2935 3
2944 2945 3
2948 2949 3
2952 2947 3
2956 2957 3
2960 2961 3
2964 2959 3
2968 2969 3
2972 2973 3
2976 2971 3
2980 2981 3
2984 2985 3
2988 2983 3
2992 2993 3
2996 2997 3
3000 2995 3
3004 3005 3
3008 3009 3
3012 3007 3
3016 3017 3
3020 3021 3
3024 3019 3
3028 3029 3
3032 3033 3
3036 3031 3
3040 3041 3
3044 3045 3
3048 3043 3
3052 3053 3
3056 3057 3
3060 3055 3
3064 3065 3
3068 3069 3
3072 3067 3
3076 3077 3
3080 3081 3
3084 3079 3
3088 3089 3
3092 3093 3
3096 3091 3
3100 3101 3
3104 3105 3
3108 3103 3
3112 3113 3
3116 3117 3
3120 3115 3
3124 3125 3
3128 3129 3
3132 3127 3
3136 3137 3
3140 3141 3
3144 3139 3
3148 3149 3
3152 3153 3
3156 3151 3
3160 3161 3
3164 3165 3
3168 3163 3
3172 3173 3
3176 3177 3
3180 3175 3
3184 3185 3
3188 3189 3
3192 3187 3
3196 3197 3
3200 3201 3
3204 3199 3
3208 3209 3
3212 3213 3
3216 3211 3
3220 3221 3
3224 3225 3
3228 3223 3
3232 3233 3
3236 3237 3
3240 3235 3
3244 3245 3
3248 3249 3
3252 3247 3
3256 3257 3
3260 3261 3
3264 3259 3
3268 3269 3
3272 3273 3
3276 3271 3
3280 3281 3
3284 3285 3
3288 3283 3
3292 3293 3
3296 3297 3
3300 3295 3
3304 3305 3
3308 3309 3
3312 3307 3
3316 3317 3
3320 3321 3
3324 3319 3
3328 3329 3
3332 3333 3
3336 3331 3
3340 3341 3
3344 3345 3
3348 3343 3
3352 3353 3
3356 3357 3
3360 3355 3
3364 3365 3
3368 3369 3
3372 3367 3
3376 3377 3
3380 3381 3
3384 3379 3
3388 3389 3
3392 3393 3
3396 3391 3
3400 3401 3
3404 3405 3
3408 3403 3
3412 3413 3
3416 3417 3
3420 3415 3
3424 3425 3
3428 3429 3
3432 3427 3
3436 3437 3
3440 3441 3
3444 3439 3
3448 3449 3
3452 3453 3
3456 3451 3
3460 3461 3
3464 3465 3
3468 3463 3
3472 3473 3
3476 3477 3
3480 3475 3
3484 3485 3
3488 3489 3
3492 3487 3
3496 3497 3
3500 3501 3
3504 3499 3
3508 3509 3
3512 3513 3
3516 3511 3
3520 3521 3
3524 3525 3
3528 3523 3
3532 3533 3
3536 3537 3
3540 3535 3
3544 3545 3
3548 3549 3
3552 3547 3
3556 3557 3
3560 3561 3
3564 3559 3
3568 3569 3
3572 3573 3
3576 3571 3
3580 3581 3
3584 3585 3
3588 3583 3
3592 3593 3
3596 3597 3
3600 3595 3
3604 3605 3
3608 3609 3
3612 3607 3
3616 3617 3
3620 3621 3
3624 3619 3
3628 3629 3
3632 3633 3
3636 3631 3
3640 3641 3
3644 3645 3
3648 3643 3
3652 3653 3
3656 3657 3
3660 3655 3
3664 3665 3
3668 3669 3
3672 3667 3
3676 3677 3
3680 3681 3
3684 3679 3
3688 3689 3
3692 3693 3
3696 3691 3
3700 3701 3
3704 3705 3
3708 3703 3
3712 3713 3
3716 3717 3
3720 3715 3
3724 3725 3
3728 3729 3
3732 3727 3
3736 3737 3
3740 3741 3
3744 3739 3
3748 3749 3
3752 3753 3
3756 3751 3
3760 3761 3
3764 3765 3
3768 3763 3
3772 3773 3
3776 3777 3
3780 3775 3
3784 3785 3
3788 3789 3
3792 3787 3
3796 3797 3
3800 3801 3
3804 3799 3
3808 3809 3
3812 3813 3
3816 3811 3
3820 3821 3
3824 3825 3
3828 3823 3
3832 3833 3
3836 3837 3
3840 3835 3
3844 3845 3
3848 3849 3
3852 3847 3
3856 3857 3
3860 3861 3
3864 3859 3
3868 3869 3
3872 3873 3
3876 3871 3
3880 3881 3
3884 3885 3
3888 3883 3
3892 3893 3
3896 3897 3
3900 3895 3
3904 3905 3
3908 3909 3
3912 3907 3
3916 3917 3
3920 3921 3
3924 3919 3
3928 3929 3
3932 3933 3
3936 3931 3
3940 3941 3
3944 3945 3
3948 3943 3
3952 3953 3
3956 3957 3
3960 3955 3
3964 3965 3
3968 3969 3
3972 3967 3
3976 3977 3
3980 3981 3
3984 3979 3
3988 3989 3
3992 3993 3
3996 3991 3
4000 4001 3
4004 4005 3
4008 4003 3
4012 4013 3
4016 4017 3
4020 4015 3
4024 4025 3
4028 4029 3
4032 4027 3
4036 4037 3
4040 4041 3
4044 4039 3
4048 4049 3
4052 4053 3
4056 4051 3
4060 4061 3
4064 4065 3
4068 4063 3
4072 4073 3
4076 4077 3
4080 4075 3
4084 4085 3
4088 4089 3
4092 4087 3
4096 4097 3
4100 4101 3
4104 4099 3
4108 4109 3
4112 4113 3
4116 4111 3
4120 4121 3
4124 4125 3
4128 4123 3
4132 4133 3
4136 4137 3
4140 4135 3
4144 4145 3
4148 4149 3
4152 4147 3
4156 4157 3
4160 4161 3
4164 4159 3
4168 4169 3
4172 4173 3
4176 4171 3
4180 4181 3
4184 4185 3
4188 4183 3
4192 4193 3
4196 4197 3
4200 4195 3
4204 4205 3
4208 4209 3
4212 4207 3
4216 4217 3
4220 4221 3
4224 4219 3
4228 4229 3
4232 4233 3
4236 4231 3
4240 4241 3
4244 4245 3
4248 4243 3
4252 4253 3
4256 4257 3
4260 4255 3
4264 4265 3
4268 4269 3
4272 4267 3
4276 4277 3
4280 4281 3
4284 4279 3
4288 4289 3
4292 4293 3
4296 4291 3
4300 4301 3
4304 4305 3
4308 4303 3
4312 4313 3
4316 4317 3
4320 4315 3
4324 4325 3
4328 4329 3
4332 4327 3
4336 4337 3
4340 4341 3
4344 4339 3
4348 4349 3
4352 4353 3
4356 4351 3
4360 4361 3
4364 4365 3
4368 4363 3
4372 4373 3
4376 4377 3
4380 4375 3
4384 4385 3
4388 4389 3
4392 4387 3
4396 4397 3
4400 4401 3
4404 4399 3
4408 4409 3
4412 4413 3
4416 4411 3
4420 4421 3
4424 4425 3
4428 4423 3
4432 4433 3
4436 4437 3
4440 4435 3
4444 4445 3
4448 4449 3
4452 4447 3
4456 4457 3
4460 4461 3
4464 4459 3
4468 4469 3
4472 4473 3
4476 4471 3
4480 4481 3
4484 4485 3
4488 4483 3
4492 4493 3
4496 4497 3
4500 4495 3
4504 4505 3
4508 4509 3
4512 4507 3
4516 4517 3
4520 4521 3
4524 4519 3
4528 4529 3
4532 4533 3
4536 4531 3
4540 4541 3
4544 4545 3
4548 4543 3
4552 4553 3
4556 4557 3
4560 4555 3
4564 4565 3
4568 4569 3
4572 4567 3
4576 4577 3
4580 4581 3
4584 4579 3
4588 4589 3
4592 4593 3
4596 4591 3
4600 4601 3
4604 4605 3
4608 4603 3
4612 4613 3
4616 4617 3
4620 4615 3
4624 4625 3
4628 4629 3
4632 4627 3
4636 4637 3
4640 4641 3
4644 4639 3
4648 4649 3
4652 4653 3
4656 4651 3
4660 4661 3
4664 4665 3
4668 4663 3
4672 4673 3
4676 4677 3
4680 4675 3
4684 4685 3
4688 4689 3
4692 4687 3
4696 4697 3
4700 4701 3
4704 4699 3
4708 4709 3
4712 4713 3
4716 4711 3
4720 4721 3
4724 4725 3
4728 4723 3
4732 4733 3
4736 4737 3
4740 4735 3
4744 4745 3
4748 4749 3
4752 4747 3
4756 4757 3
4760 4761 3
4764 4759 3
4768 4769 3
4772 4773 3
4776 4771 3
4780 4781 3
4784 4785 3
4788 4783 3
4792 4793 3
4796 4797 3
4800 4795 3
4804 4805 3
4808 4809 3
4812 4807 3
4816 4817 3
4820 4821 3
4824 4819 3
4828 4829 3
4832 4833 3
4836 4831 3
4840 4841 3
4844 4845 3
4848 4843 3
4852 4853 3
4856 4857 3
4860 4855 3
4864 4865 3
4868 4869 3
4872 4867 3
4876 4877 3
4880 4881 3
4884 4879 3
4888 4889 3
4892 4893 3
4896 4891 3
4900 4901 3
4904 4905 3
4908 4903 3
4912 4913 3
4916 4917 3
4920 4915 3
4924 4925 3
4928 4929 3
4932 4927 3
4936 4937 3
4940 4941 3
4944 4939 3
4948 4949 3
4952 4953 3
4956 4951 3
4960 4961 3
4964 4965 3
4968 4963 3
4972 4973 3
4976 4977 3
4980 4975 3
4984 4985 3
4988 4989 3
4992 4987 3
4996 4997 3
5000 5001 3
5004 4999 3
5008 5009 3
5012 5013 3
5016 5011 3
5020 5021 3
5024 5025 3
5028 5023 3
5032 5033 3
5036 5037 3
5040 5035 3
5044 5045 3
5048 5049 3
5052 5047 3
5056 5057 3
5060 5061 3
5064 5059 3
5068 5069 3
5072 5073 3
5076 5071 3
5080 5081 3
5084 5085 3
5088 5083 3
5092 5093 3
5096 5097 3
5100 5095 3
5104 5105 3
5108 5109 3
5112 5107 3
5116 5117 3
5120 5121 3
5124 5119 3
5128 5129 3
5132 5133 3
5136 5131 3
5140 5141 3
5144 5145 3
5148 5143 3
5152 5153 3
5156 5157 3
5160 5155 3
5164 5165 3
5168 5169 3
5172 5167 3
5176 5177 3
5180 5181 3
5184 5179 3
5188 5189 3
5192 5193 3
5196 5191 3
5200 5201 3
5204 5205 3
5208 5203 3
5212 5213 3
5216 5217 3
5220 5215 3
5224 5225 3
5228 5229 3
5232 5227 3
5236 5237 3
5240 5241 3
5244 5239 3
5248 5249 3
5252 5253 3
5256 5251 3
5260 5261 3
5264 5265 3
5268 5263 3
5272 5273 3
5276 5277 3
5280 5275 3
5284 5285 3
5288 5289 3
5292 5287 3
5296 5297 3
5300 5301 3
5304 5299 3
5308 5309 3
5312 5313 3
5316 5311 3
5320 5321 3
5324 5325 3
5328 5323 3
5332 5333 3
5336 5337 3
5340 5335 3
5344 5345 3
5348 5349 3
5352 5347 3
5356 5357 3
5360 5361 3
5364 5359 3
5368 5369 3
5372 5373 3
5376 5371 3
5380 5381 3
5384 5385 3
5388 5383 3
5392 5393 3
5396 5397 3
5400 5395 3
5404 5405 3
5408 5409 3
5412 5407 3
5416 5417 3
5420 5421 3
5424 5419 3
5428 5429 3
5432 5433 3
5436 5431 3
5440 5441 3
5444 5445 3
5448 5443 3
5452 5453 3
5456 5457 3
5460 5455 3
5464 5465 3
5468 5469 3
5472 5467 3
5476 5477 3
5480 5481 3
5484 5479 3
5488 5489 3
5492 5493 3
5496 5491 3
5500 5501 3
5504 5505 3
5508 5503 3
5512 5513 3
5516 5517 3
5520 5515 3
5524 5525 3
5528 5529 3
5532 5527 3
5536 5537 3
5540 5541 3
5544 5539 3
5548 5549 3
5552 5553 3
5556 5551 3
5560 5561 3
5564 5565 3
5568 5563 3
5572 5573 3
5576 5577 3
5580 5575 3
5584 5585 3
5588 5589 3
5592 5587 3
5596 5597 3
5600 5601 3
5604 5599 3
5608 5609 3
5612 5613 3
5616 5611 3
5620 5621 3
5624 5625 3
5628 5623 3
5632 5633 3
5636 5637 3
5640 5635 3
5644 5645 3
5648 5649 3
5652 5647 3
5656 5657 3
5660 5661 3
5664 5659 3
5668 5669 3
5672 5673 3
5676 5671 3
5680 5681 3
5684 5685 3
5688 5683 3
5692 5693 3
5696 5697 3
5700 5695 3
5704 5705 3
5708 5709 3
5712 5707 3
5716 5717 3
5720 5721 3
5724 5719 3
5728 5729 3
5732 5733 3
5736 5731 3
5740 5741 3
5744 5745 3
5748 5743 3
5752 5753 3
5756 5757 3
5760 5755 3
5764 5765 3
5768 5769 3
5772 5767 3
5776 5777 3
5780 5781 3
5784 5779 3
5788 5789 3
5792 5793 3
5796 5791 3
5800 5801 3
5804 5805 3
5808 5803 3
5812 5813 3
5816 5817 3
5820 5815 3
5824 5825 3
5828 5829 3
5832 5827 3
5836 5837 3
5840 5841 3
5844 5839 3
5848 5849 3
5852 5853 3
5856 5851 3
5860 5861 3
5864 5865 3
5868 5863 3
5872 5873 3
5876 5877 3
5880 5875 3
5884 5885 3
5888 5889 3
5892 5887 3
5896 5897 3
5900 5901 3
5904 5899 3
5908 5909 3
5912 5913 3
5916 5911 3
5920 5921 3
5924 5925 3
5928 5923 3
5932 5933 3
5936 5937 3
5940 5935 3
5944 5945 3
5948 5949 3
5952 5947 3
5956 5957 3
5960 5961 3
5964 5959 3
5968 5969 3
5972 5973 3
5976 5971 3
5980 5981 3
5984 5985 3
5988 5983 3
5992 5993 3
5996 5997 3
6000 5995 3
6004 6005 3
6008 6009 3
6012 6007 3
6016 6017 3
6020 6021 3
6024 6019 3
6028 6029 3
6032 6033 3
6036 6031 3
6040 6041 3
6044 6045 3
6048 6043 3
6052 6053 3
6056 6057 3
6060 6055 3
6064 6065 3
6068 6069 3
6072 6067 3
6076 6077 3
6080 6081 3
6084 6079 3
6088 6089 3
6092 6093 3
6096 6091 3
6100 6101 3
6104 6105 3
6108 6103 3
6112 6113 3
6116 6117 3
6120 6115 3
6124 6125 3
6128 6129 3
6132 6127 3
6136 6137 3
6140 6141 3
6144 6139 3
6148 6149 3
6152 6153 3
6156 6151 3
6160 6161 3
6164 6165 3
6168 6163 3
6172 6173 3
6176 6177 3
6180 6175 3
6184 6185 3
6188 6189 3
6192 6187 3
6196 6197 3
6200 6201 3
6204 6199 3
6208 6209 3
6212 6213 3
6216 6211 3
6220 6221 3
6224 6225 3
6228 6223 3
6232 6233 3
6236 6237 3
6240 6235 3
6244 6245 3
6248 6249 3
6252 6247 3
6256 6257 3
6260 6261 3
6264 6259 3
6268 6269 3
6272 6273 3
6276 6271 3
6280 6281 3
6284 6285 3
6288 6283 3
6292 6293 3
6296 6297 3
6300 6295 3
6304 6305 3
6308 6309 3
6312 6307 3
6316 6317 3
6320 6321 3
6324 6319 3
6328 6329 3
6332 6333 3
6336 6331 3
6340 6341 3
6344 6345 3
6348 6343 3
6352 6353 3
6356 6357 3
6360 6355 3
6364 6365 3
6368 6369 3
6372 6367 3
6376 6377 3
6380 6381 3
6384 6379 3
6388 6389 3
6392 6393 3
6396 6391 3
6400 6401 3
6404 6405 3
6408 6403 3
6412 6413 3
6416 6417 3
6420 6415 3
6424 6425 3
6428 6429 3
6432 6427 3
6436 6437 3
6440 6441 3
6444 6439 3
6448 6449 3
6452 6453 3
6456 6451 3
6460 6461 3
6464 6465 3
6468 6463 3
6472 6473 3
6476 6477 3
6480 6475 3
6484 6485 3
6488 6489 3
6492 6487 3
6496 6497 3
6500 6501 3
6504 6499 3
6508 6509 3
6512 6513 3
6516 6511 3
6520 6521 3
6524 6525 3
6528 6523 3
6532 6533 3
6536 6537 3
6540 6535 3
6544 6545 3
6548 6549 3
6552 6547 3
6556 6557 3
6560 6561 3
6564 6559 3
6568 6569 3
6572 6573 3
6576 6571 3
6580 6581 3
6584 6585 3
6588 6583 3
6592 6593 3
6596 6597 3
6600 6595 3
6604 6605 3
6608 6609 3
6612 6607 3
6616 6617 3
6620 6621 3
6624 6619 3
6628 6629 3
6632 6633 3
6636 6631 3
6640 6641 3
6644 6645 3
6648 6643 3
6652 6653 3
6656 6657 3
6660 6655 3
6664 6665 3
6668 6669 3
6672 6667 3
6676 6677 3
6680 6681 3
6684 6679 3
6688 6689 3
6692 6693 3
6696 6691 3
6700 6701 3
6704 6705 3
6708 6703 3
6712 6713 3
6716 6717 3
6720 6715 3
6724 6725 3
6728 6729 3
6732 6727 3
6736 6737 3
6740 6741 3
6744 6739 3
6748 6749 3
6752 6753 3
6756 6751 3
6760 6761 3
6764 6765 3
6768 6763 3
6772 6773 3
6776 6777 3
6780 6775 3
6784 6785 3
6788 6789 3
6792 6787 3
6796 6797 3
6800 6801 3
6804 6799 3
6808 6809 3
6812 6813 3
6816 6811 3
6820 6821 3
6824 6825 3
6828 6823 3
6832 6833 3
6836 6837 3
6840 6835 3
6844 6845 3
6848 6849 3
6852 6847 3
6856 6857 3
6860 6861 3
6864 6859 3
6868 6869 3
6872 6873 3
6876 6871 3
6880 6881 3
6884 6885 3
6888 6883 3
6892 6893 3
6896 6897 3
6900 6895 3
6904 6905 3
6908 6909 3
6912 6907 3
6916 6917 3
6920 6921 3
6924 6919 3
6928 6929 3
6932 6933 3
6936 6931 3
6940 6941 3
6944 6945 3
6948 6943 3
6952 6953 3
6956 6957 3
6960 6955 3
6964 6965 3
6968 6969 3
6972 6967 3
6976 6977 3
6980 6981 3
6984 6979 3
6988 6989 3
6992 6993 3
6996 6991 3
7000 7001 3
7004 7005 3
7008 7003 3
7012 7013 3
7016 7017 3
7020 7015 3
7024 7025 3
7028 7029 3
7032 7027 3
7036 7037 3
7040 7041 3
7044 7039 3
7048 7049 3
7052 7053 3
7056 7051 3
7060 7061 3
7064 7065 3
7068 7063 3
7072 7073 3
7076 7077 3
7080 7075 3
7084 7085 3
7088 7089 3
7092 7087 3
7096 7097 3
7100 7101 3
7104 7099 3
7108 7109 3
7112 7113 3
7116 7111 3
7120 7121 3
7124 7125 3
7128 7123 3
7132 7133 3
7136 7137 3
7140 7135 3
7144 7145 3
7148 7149 3
7152 7147 3
7156 7157 3
7160 7161 3
7164 7159 3
7168 7169 3
7172 7173 3
7176 7171 3
7180 7181 3
7184 7185 3
7188 7183 3
7192 7193 3
7196 7197 3
7200 7195 3
7204 7205 3
7208 7209 3
7212 7207 3
7216 7217 3
7220 7221 3
7224 7219 3
7228 7229 3
7232 7233 3
7236 7231 3
7240 7241 3
7244 7245 3
7248 7243 3
7252 7253 3
7256 7257 3
7260 7255 3
7264 7265 3
7268 7269 3
7272 7267 3
7276 7277 3
7280 7281 3
7284 7279 3
7288 7289 3
7292 7293 3
7296 7291 3
7300 7301 3
7304 7305 3
7308 7303 3
7312 7313 3
7316 7317 3
7320 7315 3
7324 7325 3
7328 7329 3
7332 7327 3
7336 7337 3
7340 7341 3
7344 7339 3
7348 7349 3
7352 7353 3
7356 7351 3
7360 7361 3
7364 7365 3
7368 7363 3
7372 7373 3
7376 7377 3
7380 7375 3
7384 7385 3
7388 7389 3
7392 7387 3
7396 7397 3
7400 7401 3
7404 7399 3
7408 7409 3
7412 7413 3
7416 7411 3
7420 7421 3
7424 7425 3
7428 7423 3
7432 7433 3
7436 7437 3
7440 7435 3
7444 7445 3
7448 7449 3
7452 7447 3
7456 7457 3
7460 7461 3
7464 7459 3
7468 7469 3
7472 7473 3
7476 7471 3
7480 7481 3
7484 7485 3
7488 7483 3
7492 7493 3
7496 7497 3
7500 7495 3
7504 7505 3
7508 7509 3
7512 7507 3
7516 7517 3
7520 7521 3
7524 7519 3
7528 7529 3
7532 7533 3
7536 7531 3
7540 7541 3
7544 7545 3
7548 7543 3
7552 7553 3
7556 7557 3
7560 7555 3
7564 7565 3
7568 7569 3
7572 7567 3
7576 7577 3
7580 7581 3
7584 7579 3
7588 7589 3
7592 7593 3
7596 7591 3
7600 7601 3
7604 7605 3
7608 7603 3
7612 7613 3
7616 7617 3
7620 7615 3
7624 7625 3
7628 7629 3
7632 7627 3
7636 7637 3
7640 7641 3
7644 7639 3
7648 7649 3
7652 7653 3
7656 7651 3
7660 7661 3
7664 7665 3
7668 7663 3
7672 7673 3
7676 7677 3
7680 7675 3
7684 7685 3
7688 7689 3
7692 7687 3
7696 7697 3
7700 7701 3
7704 7699 3
7708 7709 3
7712 7713 3
7716 7711 3
7720 7721 3
7724 7725 3
7728 7723 3
7732 7733 3
7736 7737 3
7740 7735 3
7744 7745 3
7748 7749 3
7752 7747 3
7756 7757 3
7760 7761 3
7764 7759 3
7768 7769 3
7772 7773 3
7776 7771 3
7780 7781 3
7784 7785 3
7788 7783 3
7792 7793 3
7796 7797 3
7800 7795 3
7804 7805 3
7808 7809 3
7812 7807 3
7816 7817 3
7820 7821 3
7824 7819 3
7828 7829 3
7832 7833 3
7836 7831 3
7840 7841 3
7844 7845 3
7848 7843 3
7852 7853 3
7856 7857 3
7860 7855 3
7864 7865 3
7868 7869 3
7872 7867 3
7876 7877 3
7880 7881 3
7884 7879 3
7888 7889 3
7892 7893 3
7896 7891 3
7900 7901 3
7904 7905 3
7908 7903 3
7912 7913 3
7916 7917 3
7920 7915 3
7924 7925 3
7928 7929 3
7932 7927 3
7936 7937 3
7940 7941 3
7944 7939 3
7948 7949 3
7952 7953 3
7956 7951 3
7960 7961 3
7964 7965 3
7968 7963 3
7972 7973 3
7976 7977 3
7980 7975 3
7984 7985 3
7988 7989 3
7992 7987 3
7996 7997 3
8000 8001 3
8004 7999 3
8008 8009 3
8012 8013 3
8016 8011 3
8020 8021 3
8024 8025 3
8028 8023 3
8032 8033 3
8036 8037 3
8040 8035 3
8044 8045 3
8048 8049 3
8052 8047 3
8056 8057 3
8060 8061 3
8064 8059 3
8068 8069 3
8072 8073 3
8076 8071 3
8080 8081 3
8084 8085 3
8088 8083 3
8092 8093 3
8096 8097 3
8100 8095 3
8104 8105 3
8108 8109 3
8112 8107 3
8116 8117 3
8120 8121 3
8124 8119 3
8128 8129 3
8132 8133 3
8136 8131 3
8140 8141 3
8144 8145 3
8148 8143 3
8152 8153 3
8156 8157 3
8160 8155 3
8164 8165 3
8168 8169 3
8172 8167 3
8176 8177 3
8180 8181 3
8184 8179 3
8188 8189 3
8192 8193 3
8196 8191 3
8200 8201 3
8204 8205 3
8208 8203 3
8212 8213 3
8216 8217 3
8220 8215 3
8224 8225 3
8228 8229 3
8232 8227 3
8236 8237 3
8240 8241 3
8244 8239 3
8248 8249 3
8252 8253 3
8256 8251 3
8260 8261 3
8264 8265 3
8268 8263 3
8272 8273 3
8276 8277 3
8280 8275 3
8284 8285 3
8288 8289 3
8292 8287 3
8296 8297 3
8300 8301 3
8304 8299 3
8308 8309 3
8312 8313 3
8316 8311 3
8320 8321 3
8324 8325 3
8328 8323 3
8332 8333 3
8336 8337 3
8340 8335 3
8344 8345 3
8348 8349 3
8352 8347 3
8356 8357 3
8360 8361 3
8364 8359 3
8368 8369 3
8372 8373 3
8376 8371 3
8380 8381 3
8384 8385 3
8388 8383 3
8392 8393 3
8396 8397 3
8400 8395 3
8404 8405 3
8408 8409 3
8412 8407 3
8416 8417 3
8420 8421 3
8424 8419 3
8428 8429 3
8432 8433 3
8436 8431 3
8440 8441 3
8444 8445 3
8448 8443 3
8452 8453 3
8456 8457 3
8460 8455 3
8464 8465 3
8468 8469 3
8472 8467 3
8476 8477 3
8480 8481 3
8484 8479 3
8488 8489 3
8492 8493 3
8496 8491 3
8500 8501 3
8504 8505 3
8508 8503 3
8512 8513 3
8516 8517 3
8520 8515 3
8524 8525 3
8528 8529 3
8532 8527 3
8536 8537 3
8540 8541 3
8544 8539 3
8548 8549 3
8552 8553 3
8556 8551 3
8560 8561 3
8564 8565 3
8568 8563 3
8572 8573 3
8576 8577 3
8580 8575 3
8584 8585 3
8588 8589 3
8592 8587 3
8596 8597 3
8600 8601 3
8604 8599 3
8608 8609 3
8612 8613 3
8616 8611 3
8620 8621 3
8624 8625 3
8628 8623 3
8632 8633 3
8636 8637 3
8640 8635 3
8644 8645 3
8648 8649 3
8652 8647 3
8656 8657 3
8660 8661 3
8664 8659 3
8668 8669 3
8672 8673 3
8676 8671 3
8680 8681 3
8684 8685 3
8688 8683 3
8692 8693 3
8696 8697 3
8700 8695 3
8704 8705 3
8708 8709 3
8712 8707 3
8716 8717 3
8720 8721 3
8724 8719 3
8728 8729 3
8732 8733 3
8736 8731 3
8740 8741 3
8744 8745 3
8748 8743 3
8752 8753 3
8756 8757 3
8760 8755 3
8764 8765 3
8768 8769 3
8772 8767 3
8776 8777 3
8780 8781 3
8784 8779 3
8788 8789 3
8792 8793 3
8796 8791 3
8800 8801 3
8804 8805 3
8808 8803 3
8812 8813 3
8816 8817 3
8820 8815 3
8824 8825 3
8828 8829 3
8832 8827 3
8836 8837 3
8840 8841 3
8844 8839 3
8848 8849 3
8852 8853 3
8856 8851 3
8860 8861 3
8864 8865 3
8868 8863 3
8872 8873 3
8876 8877 3
8880 8875 3
8884 8885 3
8888 8889 3
8892 8887 3
8896 8897 3
8900 8901 3
8904 8899 3
8908 8909 3
8912 8913 3
8916 8911 3
8920 8921 3
8924 8925 3
8928 8923 3
8932 8933 3
8936 8937 3
8940 8935 3
8944 8945 3
8948 8949 3
8952 8947 3
8956 8957 3
8960 8961 3
8964 8959 3
8968 8969 3
8972 8973 3
8976 8971 3
8980 8981 3
8984 8985 3
8988 8983 3
8992 8993 3
8996 8997 3
9000 8995 3
9004 9005 3
9008 9009 3
9012 9007 3
9016 9017 3
9020 9021 3
9024 9019 3
9028 9029 3
9032 9033 3
9036 9031 3
9040 9041 3
9044 9045 3
9048 9043 3
9052 9053 3
9056 9057 3
9060 9055 3
9064 9065 3
9068 9069 3
9072 9067 3
9076 9077 3
9080 9081 3
9084 9079 3
9088 9089 3
9092 9093 3
9096 9091 3
9100 9101 3
9104 9105 3
9108 9103 3
9112 9113 3
9116 9117 3
9120 9115 3
9124 9125 3
9128 9129 3
9132 9127 3
9136 9137 3
9140 9141 3
9144 9139 3
9148 9149 3
9152 9153 3
9156 9151 3
9160 9161 3
9164 9165 3
9168 9163 3
9172 9173 3
9176 9177 3
9180 9175 3
9184 9185 3
9188 9189 3
9192 9187 3
9196 9197 3
9200 9201 3
9204 9199 3
9208 9209 3
9212 9213 3
9216 9211 3
9220 9221 3
9224 9225 3
9228 9223 3
9232 9233 3
9236 9237 3
9240 9235 3
9244 9245 3
9248 9249 3
9252 9247 3
9256 9257 3
9260 9261 3
9264 9259 3
9268 9269 3
9272 9273 3
9276 9271 3
9280 9281 3
9284 9285 3
9288 9283 3
9292 9293 3
9296 9297 3
9300 9295 3
9304 9305 3
9308 9309 3
9312 9307 3
9316 9317 3
9320 9321 3
9324 9319 3
9328 9329 3
