2333
4667
1 2 3
1 7 3
1 8 3
1 9 3
1 10 3
1 11 3
1 12 3
5 6 3
5 31 3
5 32 3
5 33 3
5 34 3
5 35 3
5 36 3
9 10 3
9 55 3
9 56 3
9 57 3
9 58 3
9 59 3
9 60 3
13 14 3
13 79 3
13 80 3
13 81 3
13 82 3
13 83 3
13 84 3
17 18 3
17 103 3
17 104 3
17 105 3
17 106 3
17 107 3
17 108 3
21 22 3
21 127 3
21 128 3
21 129 3
21 130 3
21 131 3
21 132 3
25 26 3
25 151 3
25 152 3
25 153 3
25 154 3
25 155 3
25 156 3
29 30 3
29 175 3
29 176 3
29 177 3
29 178 3
29 179 3
29 180 3
33 34 3
33 199 3
33 200 3
33 201 3
33 202 3
33 203 3
33 204 3
37 38 3
37 223 3
37 224 3
37 225 3
37 226 3
37 227 3
37 228 3
41 42 3
41 247 3
41 248 3
41 249 3
41 250 3
41 251 3
41 252 3
45 46 3
45 271 3
45 272 3
45 273 3
45 274 3
45 275 3
45 276 3
49 50 3
49 295 3
49 296 3
49 297 3
49 298 3
49 299 3
49 300 3
53 54 3
53 319 3
53 320 3
53 321 3
53 322 3
53 323 3
53 324 3
57 58 3
57 343 3
57 344 3
57 345 3
57 346 3
57 347 3
57 348 3
61 62 3
61 367 3
61 368 3
61 369 3
61 370 3
61 371 3
61 372 3
65 66 3
65 391 3
65 392 3
65 393 3
65 394 3
65 395 3
65 396 3
69 70 3
69 415 3
69 416 3
69 417 3
69 418 3
69 419 3
69 420 3
73 74 3
73 439 3
73 440 3
73 441 3
73 442 3
73 443 3
73 444 3
77 78 3
77 463 3
77 464 3
77 465 3
77 466 3
77 467 3
77 468 3
81 82 3
81 487 3
81 488 3
81 489 3
81 490 3
81 491 3
81 492 3
85 86 3
85 511 3
85 512 3
85 513 3
85 514 3
85 515 3
85 516 3
89 90 3
89 535 3
89 536 3
89 537 3
89 538 3
89 539 3
89 540 3
93 94 3
93 559 3
93 560 3
93 561 3
93 562 3
93 563 3
93 564 3
97 98 3
97 583 3
97 584 3
97 585 3
97 586 3
97 587 3
97 588 3
101 102 3
101 607 3
101 608 3
101 609 3
101 610 3
101 611 3
101 612 3
105 106 3
105 631 3
105 632 3
105 633 3
105 634 3
105 635 3
105 636 3
109 110 3
109 655 3
109 656 3
109 657 3
109 658 3
109 659 3
109 660 3
113 114 3
113 679 3
113 680 3
113 681 3
113 682 3
113 683 3
113 684 3
117 118 3
117 703 3
117 704 3
117 705 3
117 706 3
117 707 3
117 708 3
121 122 3
121 727 3
121 728 3
121 729 3
121 730 3
121 731 3
121 732 3
125 126 3
125 751 3
125 752 3
125 753 3
125 754 3
125 755 3
125 756 3
129 130 3
129 775 3
129 776 3
129 777 3
129 778 3
129 779 3
129 780 3
133 134 3
133 799 3
133 800 3
133 801 3
133 802 3
133 803 3
133 804 3
137 138 3
137 823 3
137 824 3
137 825 3
137 826 3
137 827 3
137 828 3
141 142 3
141 847 3
141 848 3
141 849 3
141 850 3
141 851 3
141 852 3
145 146 3
145 871 3
145 872 3
145 873 3
145 874 3
145 875 3
145 876 3
149 150 3
149 895 3
149 896 3
149 897 3
149 898 3
149 899 3
149 900 3
153 154 3
153 919 3
153 920 3
153 921 3
153 922 3
153 923 3
153 924 3
157 158 3
157 943 3
157 944 3
157 945 3
157 946 3
157 947 3
157 948 3
161 162 3
161 967 3
161 968 3
161 969 3
161 970 3
161 971 3
161 972 3
165 166 3
165 991 3
165 992 3
165 993 3
165 994 3
165 995 3
165 996 3
169 170 3
169 1015 3
169 1016 3
169 1017 3
169 1018 3
169 1019 3
169 1020 3
173 174 3
173 1039 3
173 1040 3
173 1041 3
173 1042 3
173 1043 3
173 1044 3
177 178 3
177 1063 3
177 1064 3
177 1065 3
177 1066 3
177 1067 3
177 1068 3
181 182 3
181 1087 3
181 1088 3
181 1089 3
181 1090 3
181 1091 3
181 1092 3
185 186 3
185 1111 3
185 1112 3
185 1113 3
185 1114 3
185 1115 3
185 1116 3
189 190 3
189 1135 3
189 1136 3
189 1137 3
189 1138 3
189 1139 3
189 1140 3
193 194 3
193 1159 3
193 1160 3
193 1161 3
193 1162 3
193 1163 3
193 1164 3
197 198 3
197 1183 3
197 1184 3
197 1185 3
197 1186 3
197 1187 3
197 1188 3
201 202 3
201 1207 3
201 1208 3
201 1209 3
201 1210 3
201 1211 3
201 1212 3
205 206 3
205 1231 3
205 1232 3
205 1233 3
205 1234 3
205 1235 3
205 1236 3
209 210 3
209 1255 3
209 1256 3
209 1257 3
209 1258 3
209 1259 3
209 1260 3
213 214 3
213 1279 3
213 1280 3
213 1281 3
213 1282 3
213 1283 3
213 1284 3
217 218 3
217 1303 3
217 1304 3
217 1305 3
217 1306 3
217 1307 3
217 1308 3
221 222 3
221 1327 3
221 1328 3
221 1329 3
221 1330 3
221 1331 3
221 1332 3
225 226 3
225 1351 3
225 1352 3
225 1353 3
225 1354 3
225 1355 3
225 1356 3
229 230 3
229 1375 3
229 1376 3
229 1377 3
229 1378 3
229 1379 3
229 1380 3
233 234 3
233 1399 3
233 1400 3
233 1401 3
233 1402 3
233 1403 3
233 1404 3
237 238 3
237 1423 3
237 1424 3
237 1425 3
237 1426 3
237 1427 3
237 1428 3
241 242 3
241 1447 3
241 1448 3
241 1449 3
241 1450 3
241 1451 3
241 1452 3
245 246 3
245 1471 3
245 1472 3
245 1473 3
245 1474 3
245 1475 3
245 1476 3
249 250 3
249 1495 3
249 1496 3
249 1497 3
249 1498 3
249 1499 3
249 1500 3
253 254 3
253 1519 3
253 1520 3
253 1521 3
253 1522 3
253 1523 3
253 1524 3
257 258 3
257 1543 3
257 1544 3
257 1545 3
257 1546 3
257 1547 3
257 1548 3
261 262 3
261 1567 3
261 1568 3
261 1569 3
261 1570 3
261 1571 3
261 1572 3
265 266 3
265 1591 3
265 1592 3
265 1593 3
265 1594 3
265 1595 3
265 1596 3
269 270 3
269 1615 3
269 1616 3
269 1617 3
269 1618 3
269 1619 3
269 1620 3
273 274 3
273 1639 3
273 1640 3
273 1641 3
273 1642 3
273 1643 3
273 1644 3
277 278 3
277 1663 3
277 1664 3
277 1665 3
277 1666 3
277 1667 3
277 1668 3
281 282 3
281 1687 3
281 1688 3
281 1689 3
281 1690 3
281 1691 3
281 1692 3
285 286 3
285 1711 3
285 1712 3
285 1713 3
285 1714 3
285 1715 3
285 1716 3
289 290 3
289 1735 3
289 1736 3
289 1737 3
289 1738 3
289 1739 3
289 1740 3
293 294 3
293 1759 3
293 1760 3
293 1761 3
293 1762 3
293 1763 3
293 1764 3
297 298 3
297 1783 3
297 1784 3
297 1785 3
297 1786 3
297 1787 3
297 1788 3
301 302 3
301 1807 3
301 1808 3
301 1809 3
301 1810 3
301 1811 3
301 1812 3
305 306 3
305 1831 3
305 1832 3
305 1833 3
305 1834 3
305 1835 3
305 1836 3
309 310 3
309 1855 3
309 1856 3
309 1857 3
309 1858 3
309 1859 3
309 1860 3
313 314 3
313 1879 3
313 1880 3
313 1881 3
313 1882 3
313 1883 3
313 1884 3
317 318 3
317 1903 3
317 1904 3
317 1905 3
317 1906 3
317 1907 3
317 1908 3
321 322 3
321 1927 3
321 1928 3
321 1929 3
321 1930 3
321 1931 3
321 1932 3
325 326 3
325 1951 3
325 1952 3
325 1953 3
325 1954 3
325 1955 3
325 1956 3
329 330 3
329 1975 3
329 1976 3
329 1977 3
329 1978 3
329 1979 3
329 1980 3
333 334 3
333 1999 3
333 2000 3
333 2001 3
333 2002 3
333 2003 3
333 2004 3
337 338 3
337 2023 3
337 2024 3
337 2025 3
337 2026 3
337 2027 3
337 2028 3
341 342 3
341 2047 3
341 2048 3
341 2049 3
341 2050 3
341 2051 3
341 2052 3
345 346 3
345 2071 3
345 2072 3
345 2073 3
345 2074 3
345 2075 3
345 2076 3
349 350 3
349 2095 3
349 2096 3
349 2097 3
349 2098 3
349 2099 3
349 2100 3
353 354 3
353 2119 3
353 2120 3
353 2121 3
353 2122 3
353 2123 3
353 2124 3
357 358 3
357 2143 3
357 2144 3
357 2145 3
357 2146 3
357 2147 3
357 2148 3
361 362 3
361 2167 3
361 2168 3
361 2169 3
361 2170 3
361 2171 3
361 2172 3
365 366 3
365 2191 3
365 2192 3
365 2193 3
365 2194 3
365 2195 3
365 2196 3
369 370 3
369 2215 3
369 2216 3
369 2217 3
369 2218 3
369 2219 3
369 2220 3
373 374 3
373 2239 3
373 2240 3
373 2241 3
373 2242 3
373 2243 3
373 2244 3
377 378 3
377 2263 3
377 2264 3
377 2265 3
377 2266 3
377 2267 3
377 2268 3
381 382 3
381 2287 3
381 2288 3
381 2289 3
381 2290 3
381 2291 3
381 2292 3
385 386 3
385 2311 3
385 2312 3
385 2313 3
385 2314 3
385 2315 3
385 2316 3
389 390 3
389 2335 3
389 2336 3
389 2337 3
389 2338 3
389 2339 3
389 2340 3
393 394 3
393 2359 3
393 2360 3
393 2361 3
393 2362 3
393 2363 3
393 2364 3
397 398 3
397 2383 3
397 2384 3
397 2385 3
397 2386 3
397 2387 3
397 2388 3
401 402 3
401 2407 3
401 2408 3
401 2409 3
401 2410 3
401 2411 3
401 2412 3
405 406 3
405 2431 3
405 2432 3
405 2433 3
405 2434 3
405 2435 3
405 2436 3
409 410 3
409 2455 3
409 2456 3
409 2457 3
409 2458 3
409 2459 3
409 2460 3
413 414 3
413 2479 3
413 2480 3
413 2481 3
413 2482 3
413 2483 3
413 2484 3
417 418 3
417 2503 3
417 2504 3
417 2505 3
417 2506 3
417 2507 3
417 2508 3
421 422 3
421 2527 3
421 2528 3
421 2529 3
421 2530 3
421 2531 3
421 2532 3
425 426 3
425 2551 3
425 2552 3
425 2553 3
425 2554 3
425 2555 3
425 2556 3
429 430 3
429 2575 3
429 2576 3
429 2577 3
429 2578 3
429 2579 3
429 2580 3
433 434 3
433 2599 3
433 2600 3
433 2601 3
433 2602 3
433 2603 3
433 2604 3
437 438 3
437 2623 3
437 2624 3
437 2625 3
437 2626 3
437 2627 3
437 2628 3
441 442 3
441 2647 3
441 2648 3
441 2649 3
441 2650 3
441 2651 3
441 2652 3
445 446 3
445 2671 3
445 2672 3
445 2673 3
445 2674 3
445 2675 3
445 2676 3
449 450 3
449 2695 3
449 2696 3
449 2697 3
449 2698 3
449 2699 3
449 2700 3
453 454 3
453 2719 3
453 2720 3
453 2721 3
453 2722 3
453 2723 3
453 2724 3
457 458 3
457 2743 3
457 2744 3
457 2745 3
457 2746 3
457 2747 3
457 2748 3
461 462 3
461 2767 3
461 2768 3
461 2769 3
461 2770 3
461 2771 3
461 2772 3
465 466 3
465 2791 3
465 2792 3
465 2793 3
465 2794 3
465 2795 3
465 2796 3
469 470 3
469 2815 3
469 2816 3
469 2817 3
469 2818 3
469 2819 3
469 2820 3
473 474 3
473 2839 3
473 2840 3
473 2841 3
473 2842 3
473 2843 3
473 2844 3
477 478 3
477 2863 3
477 2864 3
477 2865 3
477 2866 3
477 2867 3
477 2868 3
481 482 3
481 2887 3
481 2888 3
481 2889 3
481 2890 3
481 2891 3
481 2892 3
485 486 3
485 2911 3
485 2912 3
485 2913 3
485 2914 3
485 2915 3
485 2916 3
489 490 3
489 2935 3
489 2936 3
489 2937 3
489 2938 3
489 2939 3
489 2940 3
493 494 3
493 2959 3
493 2960 3
493 2961 3
493 2962 3
493 2963 3
493 2964 3
497 498 3
497 2983 3
497 2984 3
497 2985 3
497 2986 3
497 2987 3
497 2988 3
501 502 3
501 3007 3
501 3008 3
501 3009 3
501 3010 3
501 3011 3
501 3012 3
505 506 3
505 3031 3
505 3032 3
505 3033 3
505 3034 3
505 3035 3
505 3036 3
509 510 3
509 3055 3
509 3056 3
509 3057 3
509 3058 3
509 3059 3
509 3060 3
513 514 3
513 3079 3
513 3080 3
513 3081 3
513 3082 3
513 3083 3
513 3084 3
517 518 3
517 3103 3
517 3104 3
517 3105 3
517 3106 3
517 3107 3
517 3108 3
521 522 3
521 3127 3
521 3128 3
521 3129 3
521 3130 3
521 3131 3
521 3132 3
525 526 3
525 3151 3
525 3152 3
525 3153 3
525 3154 3
525 3155 3
525 3156 3
529 530 3
529 3175 3
529 3176 3
529 3177 3
529 3178 3
529 3179 3
529 3180 3
533 534 3
533 3199 3
533 3200 3
533 3201 3
533 3202 3
533 3203 3
533 3204 3
537 538 3
537 3223 3
537 3224 3
537 3225 3
537 3226 3
537 3227 3
537 3228 3
541 542 3
541 3247 3
541 3248 3
541 3249 3
541 3250 3
541 3251 3
541 3252 3
545 546 3
545 3271 3
545 3272 3
545 3273 3
545 3274 3
545 3275 3
545 3276 3
549 550 3
549 3295 3
549 3296 3
549 3297 3
549 3298 3
549 3299 3
549 3300 3
553 554 3
553 3319 3
553 3320 3
553 3321 3
553 3322 3
553 3323 3
553 3324 3
557 558 3
557 3343 3
557 3344 3
557 3345 3
557 3346 3
557 3347 3
557 3348 3
561 562 3
561 3367 3
561 3368 3
561 3369 3
561 3370 3
561 3371 3
561 3372 3
565 566 3
565 3391 3
565 3392 3
565 3393 3
565 3394 3
565 3395 3
565 3396 3
569 570 3
569 3415 3
569 3416 3
569 3417 3
569 3418 3
569 3419 3
569 3420 3
573 574 3
573 3439 3
573 3440 3
573 3441 3
573 3442 3
573 3443 3
573 3444 3
577 578 3
577 3463 3
577 3464 3
577 3465 3
577 3466 3
577 3467 3
577 3468 3
581 582 3
581 3487 3
581 3488 3
581 3489 3
581 3490 3
581 3491 3
581 3492 3
585 586 3
585 3511 3
585 3512 3
585 3513 3
585 3514 3
585 3515 3
585 3516 3
589 590 3
589 3535 3
589 3536 3
589 3537 3
589 3538 3
589 3539 3
589 3540 3
593 594 3
593 3559 3
593 3560 3
593 3561 3
593 3562 3
593 3563 3
593 3564 3
597 598 3
597 3583 3
597 3584 3
597 3585 3
597 3586 3
597 3587 3
597 3588 3
601 602 3
601 3607 3
601 3608 3
601 3609 3
601 3610 3
601 3611 3
601 3612 3
605 606 3
605 3631 3
605 3632 3
605 3633 3
605 3634 3
605 3635 3
605 3636 3
609 610 3
609 3655 3
609 3656 3
609 3657 3
609 3658 3
609 3659 3
609 3660 3
613 614 3
613 3679 3
613 3680 3
613 3681 3
613 3682 3
613 3683 3
613 3684 3
617 618 3
617 3703 3
617 3704 3
617 3705 3
617 3706 3
617 3707 3
617 3708 3
621 622 3
621 3727 3
621 3728 3
621 3729 3
621 3730 3
621 3731 3
621 3732 3
625 626 3
625 3751 3
625 3752 3
625 3753 3
625 3754 3
625 3755 3
625 3756 3
629 630 3
629 3775 3
629 3776 3
629 3777 3
629 3778 3
629 3779 3
629 3780 3
633 634 3
633 3799 3
633 3800 3
633 3801 3
633 3802 3
633 3803 3
633 3804 3
637 638 3
637 3823 3
637 3824 3
637 3825 3
637 3826 3
637 3827 3
637 3828 3
641 642 3
641 3847 3
641 3848 3
641 3849 3
641 3850 3
641 3851 3
641 3852 3
645 646 3
645 3871 3
645 3872 3
645 3873 3
645 3874 3
645 3875 3
645 3876 3
649 650 3
649 3895 3
649 3896 3
649 3897 3
649 3898 3
649 3899 3
649 3900 3
653 654 3
653 3919 3
653 3920 3
653 3921 3
653 3922 3
653 3923 3
653 3924 3
657 658 3
657 3943 3
657 3944 3
657 3945 3
657 3946 3
657 3947 3
657 3948 3
661 662 3
661 3967 3
661 3968 3
661 3969 3
661 3970 3
661 3971 3
661 3972 3
665 666 3
665 3991 3
665 3992 3
665 3993 3
665 3994 3
665 3995 3
665 3996 3
669 670 3
669 4015 3
669 4016 3
669 4017 3
669 4018 3
669 4019 3
669 4020 3
673 674 3
673 4039 3
673 4040 3
673 4041 3
673 4042 3
673 4043 3
673 4044 3
677 678 3
677 4063 3
677 4064 3
677 4065 3
677 4066 3
677 4067 3
677 4068 3
681 682 3
681 4087 3
681 4088 3
681 4089 3
681 4090 3
681 4091 3
681 4092 3
685 686 3
685 4111 3
685 4112 3
685 4113 3
685 4114 3
685 4115 3
685 4116 3
689 690 3
689 4135 3
689 4136 3
689 4137 3
689 4138 3
689 4139 3
689 4140 3
693 694 3
693 4159 3
693 4160 3
693 4161 3
693 4162 3
693 4163 3
693 4164 3
697 698 3
697 4183 3
697 4184 3
697 4185 3
697 4186 3
697 4187 3
697 4188 3
701 702 3
701 4207 3
701 4208 3
701 4209 3
701 4210 3
701 4211 3
701 4212 3
705 706 3
705 4231 3
705 4232 3
705 4233 3
705 4234 3
705 4235 3
705 4236 3
709 710 3
709 4255 3
709 4256 3
709 4257 3
709 4258 3
709 4259 3
709 4260 3
713 714 3
713 4279 3
713 4280 3
713 4281 3
713 4282 3
713 4283 3
713 4284 3
717 718 3
717 4303 3
717 4304 3
717 4305 3
717 4306 3
717 4307 3
717 4308 3
721 722 3
721 4327 3
721 4328 3
721 4329 3
721 4330 3
721 4331 3
721 4332 3
725 726 3
725 4351 3
725 4352 3
725 4353 3
725 4354 3
725 4355 3
725 4356 3
729 730 3
729 4375 3
729 4376 3
729 4377 3
729 4378 3
729 4379 3
729 4380 3
733 734 3
733 4399 3
733 4400 3
733 4401 3
733 4402 3
733 4403 3
733 4404 3
737 738 3
737 4423 3
737 4424 3
737 4425 3
737 4426 3
737 4427 3
737 4428 3
741 742 3
741 4447 3
741 4448 3
741 4449 3
741 4450 3
741 4451 3
741 4452 3
745 746 3
745 4471 3
745 4472 3
745 4473 3
745 4474 3
745 4475 3
745 4476 3
749 750 3
749 4495 3
749 4496 3
749 4497 3
749 4498 3
749 4499 3
749 4500 3
753 754 3
753 4519 3
753 4520 3
753 4521 3
753 4522 3
753 4523 3
753 4524 3
757 758 3
757 4543 3
757 4544 3
757 4545 3
757 4546 3
757 4547 3
757 4548 3
761 762 3
761 4567 3
761 4568 3
761 4569 3
761 4570 3
761 4571 3
761 4572 3
765 766 3
765 4591 3
765 4592 3
765 4593 3
765 4594 3
765 4595 3
765 4596 3
769 770 3
769 4615 3
769 4616 3
769 4617 3
769 4618 3
769 4619 3
769 4620 3
773 774 3
773 4639 3
773 4640 3
773 4641 3
773 4642 3
773 4643 3
773 4644 3
777 778 3
777 4663 3
777 4664 3
777 4665 3
777 4666 3
777 4667 3
777 4668 3
781 782 3
781 4687 3
781 4688 3
781 4689 3
781 4690 3
781 4691 3
781 4692 3
785 786 3
785 4711 3
785 4712 3
785 4713 3
785 4714 3
785 4715 3
785 4716 3
789 790 3
789 4735 3
789 4736 3
789 4737 3
789 4738 3
789 4739 3
789 4740 3
793 794 3
793 4759 3
793 4760 3
793 4761 3
793 4762 3
793 4763 3
793 4764 3
797 798 3
797 4783 3
797 4784 3
797 4785 3
797 4786 3
797 4787 3
797 4788 3
801 802 3
801 4807 3
801 4808 3
801 4809 3
801 4810 3
801 4811 3
801 4812 3
805 806 3
805 4831 3
805 4832 3
805 4833 3
805 4834 3
805 4835 3
805 4836 3
809 810 3
809 4855 3
809 4856 3
809 4857 3
809 4858 3
809 4859 3
809 4860 3
813 814 3
813 4879 3
813 4880 3
813 4881 3
813 4882 3
813 4883 3
813 4884 3
817 818 3
817 4903 3
817 4904 3
817 4905 3
817 4906 3
817 4907 3
817 4908 3
821 822 3
821 4927 3
821 4928 3
821 4929 3
821 4930 3
821 4931 3
821 4932 3
825 826 3
825 4951 3
825 4952 3
825 4953 3
825 4954 3
825 4955 3
825 4956 3
829 830 3
829 4975 3
829 4976 3
829 4977 3
829 4978 3
829 4979 3
829 4980 3
833 834 3
833 4999 3
833 5000 3
833 5001 3
833 5002 3
833 5003 3
833 5004 3
837 838 3
837 5023 3
837 5024 3
837 5025 3
837 5026 3
837 5027 3
837 5028 3
841 842 3
841 5047 3
841 5048 3
841 5049 3
841 5050 3
841 5051 3
841 5052 3
845 846 3
845 5071 3
845 5072 3
845 5073 3
845 5074 3
845 5075 3
845 5076 3
849 850 3
849 5095 3
849 5096 3
849 5097 3
849 5098 3
849 5099 3
849 5100 3
853 854 3
853 5119 3
853 5120 3
853 5121 3
853 5122 3
853 5123 3
853 5124 3
857 858 3
857 5143 3
857 5144 3
857 5145 3
857 5146 3
857 5147 3
857 5148 3
861 862 3
861 5167 3
861 5168 3
861 5169 3
861 5170 3
861 5171 3
861 5172 3
865 866 3
865 5191 3
865 5192 3
865 5193 3
865 5194 3
865 5195 3
865 5196 3
869 870 3
869 5215 3
869 5216 3
869 5217 3
869 5218 3
869 5219 3
869 5220 3
873 874 3
873 5239 3
873 5240 3
873 5241 3
873 5242 3
873 5243 3
873 5244 3
877 878 3
877 5263 3
877 5264 3
877 5265 3
877 5266 3
877 5267 3
877 5268 3
881 882 3
881 5287 3
881 5288 3
881 5289 3
881 5290 3
881 5291 3
881 5292 3
885 886 3
885 5311 3
885 5312 3
885 5313 3
885 5314 3
885 5315 3
885 5316 3
889 890 3
889 5335 3
889 5336 3
889 5337 3
889 5338 3
889 5339 3
889 5340 3
893 894 3
893 5359 3
893 5360 3
893 5361 3
893 5362 3
893 5363 3
893 5364 3
897 898 3
897 5383 3
897 5384 3
897 5385 3
897 5386 3
897 5387 3
897 5388 3
901 902 3
901 5407 3
901 5408 3
901 5409 3
901 5410 3
901 5411 3
901 5412 3
905 906 3
905 5431 3
905 5432 3
905 5433 3
905 5434 3
905 5435 3
905 5436 3
909 910 3
909 5455 3
909 5456 3
909 5457 3
909 5458 3
909 5459 3
909 5460 3
913 914 3
913 5479 3
913 5480 3
913 5481 3
913 5482 3
913 5483 3
913 5484 3
917 918 3
917 5503 3
917 5504 3
917 5505 3
917 5506 3
917 5507 3
917 5508 3
921 922 3
921 5527 3
921 5528 3
921 5529 3
921 5530 3
921 5531 3
921 5532 3
925 926 3
925 5551 3
925 5552 3
925 5553 3
925 5554 3
925 5555 3
925 5556 3
929 930 3
929 5575 3
929 5576 3
929 5577 3
929 5578 3
929 5579 3
929 5580 3
933 934 3
933 5599 3
933 5600 3
933 5601 3
933 5602 3
933 5603 3
933 5604 3
937 938 3
937 5623 3
937 5624 3
937 5625 3
937 5626 3
937 5627 3
937 5628 3
941 942 3
941 5647 3
941 5648 3
941 5649 3
941 5650 3
941 5651 3
941 5652 3
945 946 3
945 5671 3
945 5672 3
945 5673 3
945 5674 3
945 5675 3
945 5676 3
949 950 3
949 5695 3
949 5696 3
949 5697 3
949 5698 3
949 5699 3
949 5700 3
953 954 3
953 5719 3
953 5720 3
953 5721 3
953 5722 3
953 5723 3
953 5724 3
957 958 3
957 5743 3
957 5744 3
957 5745 3
957 5746 3
957 5747 3
957 5748 3
961 962 3
961 5767 3
961 5768 3
961 5769 3
961 5770 3
961 5771 3
961 5772 3
965 966 3
965 5791 3
965 5792 3
965 5793 3
965 5794 3
965 5795 3
965 5796 3
969 970 3
969 5815 3
969 5816 3
969 5817 3
969 5818 3
969 5819 3
969 5820 3
973 974 3
973 5839 3
973 5840 3
973 5841 3
973 5842 3
973 5843 3
973 5844 3
977 978 3
977 5863 3
977 5864 3
977 5865 3
977 5866 3
977 5867 3
977 5868 3
981 982 3
981 5887 3
981 5888 3
981 5889 3
981 5890 3
981 5891 3
981 5892 3
985 986 3
985 5911 3
985 5912 3
985 5913 3
985 5914 3
985 5915 3
985 5916 3
989 990 3
989 5935 3
989 5936 3
989 5937 3
989 5938 3
989 5939 3
989 5940 3
993 994 3
993 5959 3
993 5960 3
993 5961 3
993 5962 3
993 5963 3
993 5964 3
997 998 3
997 5983 3
997 5984 3
997 5985 3
997 5986 3
997 5987 3
997 5988 3
1001 1002 3
1001 6007 3
1001 6008 3
1001 6009 3
1001 6010 3
1001 6011 3
1001 6012 3
1005 1006 3
1005 6031 3
1005 6032 3
1005 6033 3
1005 6034 3
1005 6035 3
1005 6036 3
1009 1010 3
1009 6055 3
1009 6056 3
1009 6057 3
1009 6058 3
1009 6059 3
1009 6060 3
1013 1014 3
1013 6079 3
1013 6080 3
1013 6081 3
1013 6082 3
1013 6083 3
1013 6084 3
1017 1018 3
1017 6103 3
1017 6104 3
1017 6105 3
1017 6106 3
1017 6107 3
1017 6108 3
1021 1022 3
1021 6127 3
1021 6128 3
1021 6129 3
1021 6130 3
1021 6131 3
1021 6132 3
1025 1026 3
1025 6151 3
1025 6152 3
1025 6153 3
1025 6154 3
1025 6155 3
1025 6156 3
1029 1030 3
1029 6175 3
1029 6176 3
1029 6177 3
1029 6178 3
1029 6179 3
1029 6180 3
1033 1034 3
1033 6199 3
1033 6200 3
1033 6201 3
1033 6202 3
1033 6203 3
1033 6204 3
1037 1038 3
1037 6223 3
1037 6224 3
1037 6225 3
1037 6226 3
1037 6227 3
1037 6228 3
1041 1042 3
1041 6247 3
1041 6248 3
1041 6249 3
1041 6250 3
1041 6251 3
1041 6252 3
1045 1046 3
1045 6271 3
1045 6272 3
1045 6273 3
1045 6274 3
1045 6275 3
1045 6276 3
1049 1050 3
1049 6295 3
1049 6296 3
1049 6297 3
1049 6298 3
1049 6299 3
1049 6300 3
1053 1054 3
1053 6319 3
1053 6320 3
1053 6321 3
1053 6322 3
1053 6323 3
1053 6324 3
1057 1058 3
1057 6343 3
1057 6344 3
1057 6345 3
1057 6346 3
1057 6347 3
1057 6348 3
1061 1062 3
1061 6367 3
1061 6368 3
1061 6369 3
1061 6370 3
1061 6371 3
1061 6372 3
1065 1066 3
1065 6391 3
1065 6392 3
1065 6393 3
1065 6394 3
1065 6395 3
1065 6396 3
1069 1070 3
1069 6415 3
1069 6416 3
1069 6417 3
1069 6418 3
1069 6419 3
1069 6420 3
1073 1074 3
1073 6439 3
1073 6440 3
1073 6441 3
1073 6442 3
1073 6443 3
1073 6444 3
1077 1078 3
1077 6463 3
1077 6464 3
1077 6465 3
1077 6466 3
1077 6467 3
1077 6468 3
1081 1082 3
1081 6487 3
1081 6488 3
1081 6489 3
1081 6490 3
1081 6491 3
1081 6492 3
1085 1086 3
1085 6511 3
1085 6512 3
1085 6513 3
1085 6514 3
1085 6515 3
1085 6516 3
1089 1090 3
1089 6535 3
1089 6536 3
1089 6537 3
1089 6538 3
1089 6539 3
1089 6540 3
1093 1094 3
1093 6559 3
1093 6560 3
1093 6561 3
1093 6562 3
1093 6563 3
1093 6564 3
1097 1098 3
1097 6583 3
1097 6584 3
1097 6585 3
1097 6586 3
1097 6587 3
1097 6588 3
1101 1102 3
1101 6607 3
1101 6608 3
1101 6609 3
1101 6610 3
1101 6611 3
1101 6612 3
1105 1106 3
1105 6631 3
1105 6632 3
1105 6633 3
1105 6634 3
1105 6635 3
1105 6636 3
1109 1110 3
1109 6655 3
1109 6656 3
1109 6657 3
1109 6658 3
1109 6659 3
1109 6660 3
1113 1114 3
1113 6679 3
1113 6680 3
1113 6681 3
1113 6682 3
1113 6683 3
1113 6684 3
1117 1118 3
1117 6703 3
1117 6704 3
1117 6705 3
1117 6706 3
1117 6707 3
1117 6708 3
1121 1122 3
1121 6727 3
1121 6728 3
1121 6729 3
1121 6730 3
1121 6731 3
1121 6732 3
1125 1126 3
1125 6751 3
1125 6752 3
1125 6753 3
1125 6754 3
1125 6755 3
1125 6756 3
1129 1130 3
1129 6775 3
1129 6776 3
1129 6777 3
1129 6778 3
1129 6779 3
1129 6780 3
1133 1134 3
1133 6799 3
1133 6800 3
1133 6801 3
1133 6802 3
1133 6803 3
1133 6804 3
1137 1138 3
1137 6823 3
1137 6824 3
1137 6825 3
1137 6826 3
1137 6827 3
1137 6828 3
1141 1142 3
1141 6847 3
1141 6848 3
1141 6849 3
1141 6850 3
1141 6851 3
1141 6852 3
1145 1146 3
1145 6871 3
1145 6872 3
1145 6873 3
1145 6874 3
1145 6875 3
1145 6876 3
1149 1150 3
1149 6895 3
1149 6896 3
1149 6897 3
1149 6898 3
1149 6899 3
1149 6900 3
1153 1154 3
1153 6919 3
1153 6920 3
1153 6921 3
1153 6922 3
1153 6923 3
1153 6924 3
1157 1158 3
1157 6943 3
1157 6944 3
1157 6945 3
1157 6946 3
1157 6947 3
1157 6948 3
1161 1162 3
1161 6967 3
1161 6968 3
1161 6969 3
1161 6970 3
1161 6971 3
1161 6972 3
1165 1166 3
1165 6991 3
1165 6992 3
1165 6993 3
1165 6994 3
1165 6995 3
1165 6996 3
1169 1170 3
1169 7015 3
1169 7016 3
1169 7017 3
1169 7018 3
1169 7019 3
1169 7020 3
1173 1174 3
1173 7039 3
1173 7040 3
1173 7041 3
1173 7042 3
1173 7043 3
1173 7044 3
1177 1178 3
1177 7063 3
1177 7064 3
1177 7065 3
1177 7066 3
1177 7067 3
1177 7068 3
1181 1182 3
1181 7087 3
1181 7088 3
1181 7089 3
1181 7090 3
1181 7091 3
1181 7092 3
1185 1186 3
1185 7111 3
1185 7112 3
1185 7113 3
1185 7114 3
1185 7115 3
1185 7116 3
1189 1190 3
1189 7135 3
1189 7136 3
1189 7137 3
1189 7138 3
1189 7139 3
1189 7140 3
1193 1194 3
1193 7159 3
1193 7160 3
1193 7161 3
1193 7162 3
1193 7163 3
1193 7164 3
1197 1198 3
1197 7183 3
1197 7184 3
1197 7185 3
1197 7186 3
1197 7187 3
1197 7188 3
1201 1202 3
1201 7207 3
1201 7208 3
1201 7209 3
1201 7210 3
1201 7211 3
1201 7212 3
1205 1206 3
1205 7231 3
1205 7232 3
1205 7233 3
1205 7234 3
1205 7235 3
1205 7236 3
1209 1210 3
1209 7255 3
1209 7256 3
1209 7257 3
1209 7258 3
1209 7259 3
1209 7260 3
1213 1214 3
1213 7279 3
1213 7280 3
1213 7281 3
1213 7282 3
1213 7283 3
1213 7284 3
1217 1218 3
1217 7303 3
1217 7304 3
1217 7305 3
1217 7306 3
1217 7307 3
1217 7308 3
1221 1222 3
1221 7327 3
1221 7328 3
1221 7329 3
1221 7330 3
1221 7331 3
1221 7332 3
1225 1226 3
1225 7351 3
1225 7352 3
1225 7353 3
1225 7354 3
1225 7355 3
1225 7356 3
1229 1230 3
1229 7375 3
1229 7376 3
1229 7377 3
1229 7378 3
1229 7379 3
1229 7380 3
1233 1234 3
1233 7399 3
1233 7400 3
1233 7401 3
1233 7402 3
1233 7403 3
1233 7404 3
1237 1238 3
1237 7423 3
1237 7424 3
1237 7425 3
1237 7426 3
1237 7427 3
1237 7428 3
1241 1242 3
1241 7447 3
1241 7448 3
1241 7449 3
1241 7450 3
1241 7451 3
1241 7452 3
1245 1246 3
1245 7471 3
1245 7472 3
1245 7473 3
1245 7474 3
1245 7475 3
1245 7476 3
1249 1250 3
1249 7495 3
1249 7496 3
1249 7497 3
1249 7498 3
1249 7499 3
1249 7500 3
1253 1254 3
1253 7519 3
1253 7520 3
1253 7521 3
1253 7522 3
1253 7523 3
1253 7524 3
1257 1258 3
1257 7543 3
1257 7544 3
1257 7545 3
1257 7546 3
1257 7547 3
1257 7548 3
1261 1262 3
1261 7567 3
1261 7568 3
1261 7569 3
1261 7570 3
1261 7571 3
1261 7572 3
1265 1266 3
1265 7591 3
1265 7592 3
1265 7593 3
1265 7594 3
1265 7595 3
1265 7596 3
1269 1270 3
1269 7615 3
1269 7616 3
1269 7617 3
1269 7618 3
1269 7619 3
1269 7620 3
1273 1274 3
1273 7639 3
1273 7640 3
1273 7641 3
1273 7642 3
1273 7643 3
1273 7644 3
1277 1278 3
1277 7663 3
1277 7664 3
1277 7665 3
1277 7666 3
1277 7667 3
1277 7668 3
1281 1282 3
1281 7687 3
1281 7688 3
1281 7689 3
1281 7690 3
1281 7691 3
1281 7692 3
1285 1286 3
1285 7711 3
1285 7712 3
1285 7713 3
1285 7714 3
1285 7715 3
1285 7716 3
1289 1290 3
1289 7735 3
1289 7736 3
1289 7737 3
1289 7738 3
1289 7739 3
1289 7740 3
1293 1294 3
1293 7759 3
1293 7760 3
1293 7761 3
1293 7762 3
1293 7763 3
1293 7764 3
1297 1298 3
1297 7783 3
1297 7784 3
1297 7785 3
1297 7786 3
1297 7787 3
1297 7788 3
1301 1302 3
1301 7807 3
1301 7808 3
1301 7809 3
1301 7810 3
1301 7811 3
1301 7812 3
1305 1306 3
1305 7831 3
1305 7832 3
1305 7833 3
1305 7834 3
1305 7835 3
1305 7836 3
1309 1310 3
1309 7855 3
1309 7856 3
1309 7857 3
1309 7858 3
1309 7859 3
1309 7860 3
1313 1314 3
1313 7879 3
1313 7880 3
1313 7881 3
1313 7882 3
1313 7883 3
1313 7884 3
1317 1318 3
1317 7903 3
1317 7904 3
1317 7905 3
1317 7906 3
1317 7907 3
1317 7908 3
1321 1322 3
1321 7927 3
1321 7928 3
1321 7929 3
1321 7930 3
1321 7931 3
1321 7932 3
1325 1326 3
1325 7951 3
1325 7952 3
1325 7953 3
1325 7954 3
1325 7955 3
1325 7956 3
1329 1330 3
1329 7975 3
1329 7976 3
1329 7977 3
1329 7978 3
1329 7979 3
1329 7980 3
1333 1334 3
1333 7999 3
1333 8000 3
1333 8001 3
1333 8002 3
1333 8003 3
1333 8004 3
1337 1338 3
1337 8023 3
1337 8024 3
1337 8025 3
1337 8026 3
1337 8027 3
1337 8028 3
1341 1342 3
1341 8047 3
1341 8048 3
1341 8049 3
1341 8050 3
1341 8051 3
1341 8052 3
1345 1346 3
1345 8071 3
1345 8072 3
1345 8073 3
1345 8074 3
1345 8075 3
1345 8076 3
1349 1350 3
1349 8095 3
1349 8096 3
1349 8097 3
1349 8098 3
1349 8099 3
1349 8100 3
1353 1354 3
1353 8119 3
1353 8120 3
1353 8121 3
1353 8122 3
1353 8123 3
1353 8124 3
1357 1358 3
1357 8143 3
1357 8144 3
1357 8145 3
1357 8146 3
1357 8147 3
1357 8148 3
1361 1362 3
1361 8167 3
1361 8168 3
1361 8169 3
1361 8170 3
1361 8171 3
1361 8172 3
1365 1366 3
1365 8191 3
1365 8192 3
1365 8193 3
1365 8194 3
1365 8195 3
1365 8196 3
1369 1370 3
1369 8215 3
1369 8216 3
1369 8217 3
1369 8218 3
1369 8219 3
1369 8220 3
1373 1374 3
1373 8239 3
1373 8240 3
1373 8241 3
1373 8242 3
1373 8243 3
1373 8244 3
1377 1378 3
1377 8263 3
1377 8264 3
1377 8265 3
1377 8266 3
1377 8267 3
1377 8268 3
1381 1382 3
1381 8287 3
1381 8288 3
1381 8289 3
1381 8290 3
1381 8291 3
1381 8292 3
1385 1386 3
1385 8311 3
1385 8312 3
1385 8313 3
1385 8314 3
1385 8315 3
1385 8316 3
1389 1390 3
1389 8335 3
1389 8336 3
1389 8337 3
1389 8338 3
1389 8339 3
1389 8340 3
1393 1394 3
1393 8359 3
1393 8360 3
1393 8361 3
1393 8362 3
1393 8363 3
1393 8364 3
1397 1398 3
1397 8383 3
1397 8384 3
1397 8385 3
1397 8386 3
1397 8387 3
1397 8388 3
1401 1402 3
1401 8407 3
1401 8408 3
1401 8409 3
1401 8410 3
1401 8411 3
1401 8412 3
1405 1406 3
1405 8431 3
1405 8432 3
1405 8433 3
1405 8434 3
1405 8435 3
1405 8436 3
1409 1410 3
1409 8455 3
1409 8456 3
1409 8457 3
1409 8458 3
1409 8459 3
1409 8460 3
1413 1414 3
1413 8479 3
1413 8480 3
1413 8481 3
1413 8482 3
1413 8483 3
1413 8484 3
1417 1418 3
1417 8503 3
1417 8504 3
1417 8505 3
1417 8506 3
1417 8507 3
1417 8508 3
1421 1422 3
1421 8527 3
1421 8528 3
1421 8529 3
1421 8530 3
1421 8531 3
1421 8532 3
1425 1426 3
1425 8551 3
1425 8552 3
1425 8553 3
1425 8554 3
1425 8555 3
1425 8556 3
1429 1430 3
1429 8575 3
1429 8576 3
1429 8577 3
1429 8578 3
1429 8579 3
1429 8580 3
1433 1434 3
1433 8599 3
1433 8600 3
1433 8601 3
1433 8602 3
1433 8603 3
1433 8604 3
1437 1438 3
1437 8623 3
1437 8624 3
1437 8625 3
1437 8626 3
1437 8627 3
1437 8628 3
1441 1442 3
1441 8647 3
1441 8648 3
1441 8649 3
1441 8650 3
1441 8651 3
1441 8652 3
1445 1446 3
1445 8671 3
1445 8672 3
1445 8673 3
1445 8674 3
1445 8675 3
1445 8676 3
1449 1450 3
1449 8695 3
1449 8696 3
1449 8697 3
1449 8698 3
1449 8699 3
1449 8700 3
1453 1454 3
1453 8719 3
1453 8720 3
1453 8721 3
1453 8722 3
1453 8723 3
1453 8724 3
1457 1458 3
1457 8743 3
1457 8744 3
1457 8745 3
1457 8746 3
1457 8747 3
1457 8748 3
1461 1462 3
1461 8767 3
1461 8768 3
1461 8769 3
1461 8770 3
1461 8771 3
1461 8772 3
1465 1466 3
1465 8791 3
1465 8792 3
1465 8793 3
1465 8794 3
1465 8795 3
1465 8796 3
1469 1470 3
1469 8815 3
1469 8816 3
1469 8817 3
1469 8818 3
1469 8819 3
1469 8820 3
1473 1474 3
1473 8839 3
1473 8840 3
1473 8841 3
1473 8842 3
1473 8843 3
1473 8844 3
1477 1478 3
1477 8863 3
1477 8864 3
1477 8865 3
1477 8866 3
1477 8867 3
1477 8868 3
1481 1482 3
1481 8887 3
1481 8888 3
1481 8889 3
1481 8890 3
1481 8891 3
1481 8892 3
1485 1486 3
1485 8911 3
1485 8912 3
1485 8913 3
1485 8914 3
1485 8915 3
1485 8916 3
1489 1490 3
1489 8935 3
1489 8936 3
1489 8937 3
1489 8938 3
1489 8939 3
1489 8940 3
1493 1494 3
1493 8959 3
1493 8960 3
1493 8961 3
1493 8962 3
1493 8963 3
1493 8964 3
1497 1498 3
1497 8983 3
1497 8984 3
1497 8985 3
1497 8986 3
1497 8987 3
1497 8988 3
1501 1502 3
1501 9007 3
1501 9008 3
1501 9009 3
1501 9010 3
1501 9011 3
1501 9012 3
1505 1506 3
1505 9031 3
1505 9032 3
1505 9033 3
1505 9034 3
1505 9035 3
1505 9036 3
1509 1510 3
1509 9055 3
1509 9056 3
1509 9057 3
1509 9058 3
1509 9059 3
1509 9060 3
1513 1514 3
1513 9079 3
1513 9080 3
1513 9081 3
1513 9082 3
1513 9083 3
1513 9084 3
1517 1518 3
1517 9103 3
1517 9104 3
1517 9105 3
1517 9106 3
1517 9107 3
1517 9108 3
1521 1522 3
1521 9127 3
1521 9128 3
1521 9129 3
1521 9130 3
1521 9131 3
1521 9132 3
1525 1526 3
1525 9151 3
1525 9152 3
1525 9153 3
1525 9154 3
1525 9155 3
1525 9156 3
1529 1530 3
1529 9175 3
1529 9176 3
1529 9177 3
1529 9178 3
1529 9179 3
1529 9180 3
1533 1534 3
1533 9199 3
1533 9200 3
1533 9201 3
1533 9202 3
1533 9203 3
1533 9204 3
1537 1538 3
1537 9223 3
1537 9224 3
1537 9225 3
1537 9226 3
1537 9227 3
1537 9228 3
1541 1542 3
1541 9247 3
1541 9248 3
1541 9249 3
1541 9250 3
1541 9251 3
1541 9252 3
1545 1546 3
1545 9271 3
1545 9272 3
1545 9273 3
1545 9274 3
1545 9275 3
1545 9276 3
1549 1550 3
1549 9295 3
1549 9296 3
1549 9297 3
1549 9298 3
1549 9299 3
1549 9300 3
1553 1554 3
1553 9319 3
1553 9320 3
1553 9321 3
1553 9322 3
1553 9323 3
1553 9324 3
1557 1558 3
1561 1562 3
1565 1566 3
1569 1570 3
1573 1574 3
1577 1578 3
1581 1582 3
1585 1586 3
1589 1590 3
1593 1594 3
1597 1598 3
1601 1602 3
1605 1606 3
1609 1610 3
1613 1614 3
1617 1618 3
1621 1622 3
1625 1626 3
1629 1630 3
1633 1634 3
1637 1638 3
1641 1642 3
1645 1646 3
1649 1650 3
1653 1654 3
1657 1658 3
1661 1662 3
1665 1666 3
1669 1670 3
1673 1674 3
1677 1678 3
1681 1682 3
1685 1686 3
1689 1690 3
1693 1694 3
1697 1698 3
1701 1702 3
1705 1706 3
1709 1710 3
1713 1714 3
1717 1718 3
1721 1722 3
1725 1726 3
1729 1730 3
1733 1734 3
1737 1738 3
1741 1742 3
1745 1746 3
1749 1750 3
1753 1754 3
1757 1758 3
1761 1762 3
1765 1766 3
1769 1770 3
1773 1774 3
1777 1778 3
1781 1782 3
1785 1786 3
1789 1790 3
1793 1794 3
1797 1798 3
1801 1802 3
1805 1806 3
1809 1810 3
1813 1814 3
1817 1818 3
1821 1822 3
1825 1826 3
1829 1830 3
1833 1834 3
1837 1838 3
1841 1842 3
1845 1846 3
1849 1850 3
1853 1854 3
1857 1858 3
1861 1862 3
1865 1866 3
1869 1870 3
1873 1874 3
1877 1878 3
1881 1882 3
1885 1886 3
1889 1890 3
1893 1894 3
1897 1898 3
1901 1902 3
1905 1906 3
1909 1910 3
1913 1914 3
1917 1918 3
1921 1922 3
1925 1926 3
1929 1930 3
1933 1934 3
1937 1938 3
1941 1942 3
1945 1946 3
1949 1950 3
1953 1954 3
1957 1958 3
1961 1962 3
1965 1966 3
1969 1970 3
1973 1974 3
1977 1978 3
1981 1982 3
1985 1986 3
1989 1990 3
1993 1994 3
1997 1998 3
2001 2002 3
2005 2006 3
2009 2010 3
2013 2014 3
2017 2018 3
2021 2022 3
2025 2026 3
2029 2030 3
2033 2034 3
2037 2038 3
2041 2042 3
2045 2046 3
2049 2050 3
2053 2054 3
2057 2058 3
2061 2062 3
2065 2066 3
2069 2070 3
2073 2074 3
2077 2078 3
2081 2082 3
2085 2086 3
2089 2090 3
2093 2094 3
2097 2098 3
2101 2102 3
2105 2106 3
2109 2110 3
2113 2114 3
2117 2118 3
2121 2122 3
2125 2126 3
2129 2130 3
2133 2134 3
2137 2138 3
2141 2142 3
2145 2146 3
2149 2150 3
2153 2154 3
2157 2158 3
2161 2162 3
2165 2166 3
2169 2170 3
2173 2174 3
2177 2178 3
2181 2182 3
2185 2186 3
2189 2190 3
2193 2194 3
2197 2198 3
2201 2202 3
2205 2206 3
2209 2210 3
2213 2214 3
2217 2218 3
2221 2222 3
2225 2226 3
2229 2230 3
2233 2234 3
2237 2238 3
2241 2242 3
2245 2246 3
2249 2250 3
2253 2254 3
2257 2258 3
2261 2262 3
2265 2266 3
2269 2270 3
2273 2274 3
2277 2278 3
2281 2282 3
2285 2286 3
2289 2290 3
2293 2294 3
2297 2298 3
2301 2302 3
2305 2306 3
2309 2310 3
2313 2314 3
2317 2318 3
2321 2322 3
2325 2326 3
2329 2330 3
2333 2334 3
2337 2338 3
2341 2342 3
2345 2346 3
2349 2350 3
2353 2354 3
2357 2358 3
2361 2362 3
2365 2366 3
2369 2370 3
2373 2374 3
2377 2378 3
2381 2382 3
2385 2386 3
2389 2390 3
2393 2394 3
2397 2398 3
2401 2402 3
2405 2406 3
2409 2410 3
2413 2414 3
2417 2418 3
2421 2422 3
2425 2426 3
2429 2430 3
2433 2434 3
2437 2438 3
2441 2442 3
2445 2446 3
2449 2450 3
2453 2454 3
2457 2458 3
2461 2462 3
2465 2466 3
2469 2470 3
2473 2474 3
2477 2478 3
2481 2482 3
2485 2486 3
2489 2490 3
2493 2494 3
2497 2498 3
2501 2502 3
2505 2506 3
2509 2510 3
2513 2514 3
2517 2518 3
2521 2522 3
2525 2526 3
2529 2530 3
2533 2534 3
2537 2538 3
2541 2542 3
2545 2546 3
2549 2550 3
2553 2554 3
2557 2558 3
2561 2562 3
2565 2566 3
2569 2570 3
2573 2574 3
2577 2578 3
2581 2582 3
2585 2586 3
2589 2590 3
2593 2594 3
2597 2598 3
2601 2602 3
2605 2606 3
2609 2610 3
2613 2614 3
2617 2618 3
2621 2622 3
2625 2626 3
2629 2630 3
2633 2634 3
2637 2638 3
2641 2642 3
2645 2646 3
2649 2650 3
2653 2654 3
2657 2658 3
2661 2662 3
2665 2666 3
2669 2670 3
2673 2674 3
2677 2678 3
2681 2682 3
2685 2686 3
2689 2690 3
2693 2694 3
2697 2698 3
2701 2702 3
2705 2706 3
2709 2710 3
2713 2714 3
2717 2718 3
2721 2722 3
2725 2726 3
2729 2730 3
2733 2734 3
2737 2738 3
2741 2742 3
2745 2746 3
2749 2750 3
2753 2754 3
2757 2758 3
2761 2762 3
2765 2766 3
2769 2770 3
2773 2774 3
2777 2778 3
2781 2782 3
2785 2786 3
2789 2790 3
2793 2794 3
2797 2798 3
2801 2802 3
2805 2806 3
2809 2810 3
2813 2814 3
2817 2818 3
2821 2822 3
2825 2826 3
2829 2830 3
2833 2834 3
2837 2838 3
2841 2842 3
2845 2846 3
2849 2850 3
2853 2854 3
2857 2858 3
2861 2862 3
2865 2866 3
2869 2870 3
2873 2874 3
2877 2878 3
2881 2882 3
2885 2886 3
2889 2890 3
2893 2894 3
2897 2898 3
2901 2902 3
2905 2906 3
2909 2910 3
2913 2914 3
2917 2918 3
2921 2922 3
2925 2926 3
2929 2930 3
2933 2934 3
2937 2938 3
2941 2942 3
2945 2946 3
2949 2950 3
2953 2954 3
2957 2958 3
2961 2962 3
2965 2966 3
2969 2970 3
2973 2974 3
2977 2978 3
2981 2982 3
2985 2986 3
2989 2990 3
2993 2994 3
2997 2998 3
3001 3002 3
3005 3006 3
3009 3010 3
3013 3014 3
3017 3018 3
3021 3022 3
3025 3026 3
3029 3030 3
3033 3034 3
3037 3038 3
3041 3042 3
3045 3046 3
3049 3050 3
3053 3054 3
3057 3058 3
3061 3062 3
3065 3066 3
3069 3070 3
3073 3074 3
3077 3078 3
3081 3082 3
3085 3086 3
3089 3090 3
3093 3094 3
3097 3098 3
3101 3102 3
3105 3106 3
3109 3110 3
3113 3114 3
3117 3118 3
3121 3122 3
3125 3126 3
3129 3130 3
3133 3134 3
3137 3138 3
3141 3142 3
3145 3146 3
3149 3150 3
3153 3154 3
3157 3158 3
3161 3162 3
3165 3166 3
3169 3170 3
3173 3174 3
3177 3178 3
3181 3182 3
3185 3186 3
3189 3190 3
3193 3194 3
3197 3198 3
3201 3202 3
3205 3206 3
3209 3210 3
3213 3214 3
3217 3218 3
3221 3222 3
3225 3226 3
3229 3230 3
3233 3234 3
3237 3238 3
3241 3242 3
3245 3246 3
3249 3250 3
3253 3254 3
3257 3258 3
3261 3262 3
3265 3266 3
3269 3270 3
3273 3274 3
3277 3278 3
3281 3282 3
3285 3286 3
3289 3290 3
3293 3294 3
3297 3298 3
3301 3302 3
3305 3306 3
3309 3310 3
3313 3314 3
3317 3318 3
3321 3322 3
3325 3326 3
3329 3330 3
3333 3334 3
3337 3338 3
3341 3342 3
3345 3346 3
3349 3350 3
3353 3354 3
3357 3358 3
3361 3362 3
3365 3366 3
3369 3370 3
3373 3374 3
3377 3378 3
3381 3382 3
3385 3386 3
3389 3390 3
3393 3394 3
3397 3398 3
3401 3402 3
3405 3406 3
3409 3410 3
3413 3414 3
3417 3418 3
3421 3422 3
3425 3426 3
3429 3430 3
3433 3434 3
3437 3438 3
3441 3442 3
3445 3446 3
3449 3450 3
3453 3454 3
3457 3458 3
3461 3462 3
3465 3466 3
3469 3470 3
3473 3474 3
3477 3478 3
3481 3482 3
3485 3486 3
3489 3490 3
3493 3494 3
3497 3498 3
3501 3502 3
3505 3506 3
3509 3510 3
3513 3514 3
3517 3518 3
3521 3522 3
3525 3526 3
3529 3530 3
3533 3534 3
3537 3538 3
3541 3542 3
3545 3546 3
3549 3550 3
3553 3554 3
3557 3558 3
3561 3562 3
3565 3566 3
3569 3570 3
3573 3574 3
3577 3578 3
3581 3582 3
3585 3586 3
3589 3590 3
3593 3594 3
3597 3598 3
3601 3602 3
3605 3606 3
3609 3610 3
3613 3614 3
3617 3618 3
3621 3622 3
3625 3626 3
3629 3630 3
3633 3634 3
3637 3638 3
3641 3642 3
3645 3646 3
3649 3650 3
3653 3654 3
3657 3658 3
3661 3662 3
3665 3666 3
3669 3670 3
3673 3674 3
3677 3678 3
3681 3682 3
3685 3686 3
3689 3690 3
3693 3694 3
3697 3698 3
3701 3702 3
3705 3706 3
3709 3710 3
3713 3714 3
3717 3718 3
3721 3722 3
3725 3726 3
3729 3730 3
3733 3734 3
3737 3738 3
3741 3742 3
3745 3746 3
3749 3750 3
3753 3754 3
3757 3758 3
3761 3762 3
3765 3766 3
3769 3770 3
3773 3774 3
3777 3778 3
3781 3782 3
3785 3786 3
3789 3790 3
3793 3794 3
3797 3798 3
3801 3802 3
3805 3806 3
3809 3810 3
3813 3814 3
3817 3818 3
3821 3822 3
3825 3826 3
3829 3830 3
3833 3834 3
3837 3838 3
3841 3842 3
3845 3846 3
3849 3850 3
3853 3854 3
3857 3858 3
3861 3862 3
3865 3866 3
3869 3870 3
3873 3874 3
3877 3878 3
3881 3882 3
3885 3886 3
3889 3890 3
3893 3894 3
3897 3898 3
3901 3902 3
3905 3906 3
3909 3910 3
3913 3914 3
3917 3918 3
3921 3922 3
3925 3926 3
3929 3930 3
3933 3934 3
3937 3938 3
3941 3942 3
3945 3946 3
3949 3950 3
3953 3954 3
3957 3958 3
3961 3962 3
3965 3966 3
3969 3970 3
3973 3974 3
3977 3978 3
3981 3982 3
3985 3986 3
3989 3990 3
3993 3994 3
3997 3998 3
4001 4002 3
4005 4006 3
4009 4010 3
4013 4014 3
4017 4018 3
4021 4022 3
4025 4026 3
4029 4030 3
4033 4034 3
4037 4038 3
4041 4042 3
4045 4046 3
4049 4050 3
4053 4054 3
4057 4058 3
4061 4062 3
4065 4066 3
4069 4070 3
4073 4074 3
4077 4078 3
4081 4082 3
4085 4086 3
4089 4090 3
4093 4094 3
4097 4098 3
4101 4102 3
4105 4106 3
4109 4110 3
4113 4114 3
4117 4118 3
4121 4122 3
4125 4126 3
4129 4130 3
4133 4134 3
4137 4138 3
4141 4142 3
4145 4146 3
4149 4150 3
4153 4154 3
4157 4158 3
4161 4162 3
4165 4166 3
4169 4170 3
4173 4174 3
4177 4178 3
4181 4182 3
4185 4186 3
4189 4190 3
4193 4194 3
4197 4198 3
4201 4202 3
4205 4206 3
4209 4210 3
4213 4214 3
4217 4218 3
4221 4222 3
4225 4226 3
4229 4230 3
4233 4234 3
4237 4238 3
4241 4242 3
4245 4246 3
4249 4250 3
4253 4254 3
4257 4258 3
4261 4262 3
4265 4266 3
4269 4270 3
4273 4274 3
4277 4278 3
4281 4282 3
4285 4286 3
4289 4290 3
4293 4294 3
4297 4298 3
4301 4302 3
4305 4306 3
4309 4310 3
4313 4314 3
4317 4318 3
4321 4322 3
4325 4326 3
4329 4330 3
4333 4334 3
4337 4338 3
4341 4342 3
4345 4346 3
4349 4350 3
4353 4354 3
4357 4358 3
4361 4362 3
4365 4366 3
4369 4370 3
4373 4374 3
4377 4378 3
4381 4382 3
4385 4386 3
4389 4390 3
4393 4394 3
4397 4398 3
4401 4402 3
4405 4406 3
4409 4410 3
4413 4414 3
4417 4418 3
4421 4422 3
4425 4426 3
4429 4430 3
4433 4434 3
4437 4438 3
4441 4442 3
4445 4446 3
4449 4450 3
4453 4454 3
4457 4458 3
4461 4462 3
4465 4466 3
4469 4470 3
4473 4474 3
4477 4478 3
4481 4482 3
4485 4486 3
4489 4490 3
4493 4494 3
4497 4498 3
4501 4502 3
4505 4506 3
4509 4510 3
4513 4514 3
4517 4518 3
4521 4522 3
4525 4526 3
4529 4530 3
4533 4534 3
4537 4538 3
4541 4542 3
4545 4546 3
4549 4550 3
4553 4554 3
4557 4558 3
4561 4562 3
4565 4566 3
4569 4570 3
4573 4574 3
4577 4578 3
4581 4582 3
4585 4586 3
4589 4590 3
4593 4594 3
4597 4598 3
4601 4602 3
4605 4606 3
4609 4610 3
4613 4614 3
4617 4618 3
4621 4622 3
4625 4626 3
4629 4630 3
4633 4634 3
4637 4638 3
4641 4642 3
4645 4646 3
4649 4650 3
4653 4654 3
4657 4658 3
4661 4662 3
4665 4666 3
4669 4670 3
4673 4674 3
4677 4678 3
4681 4682 3
4685 4686 3
4689 4690 3
4693 4694 3
4697 4698 3
4701 4702 3
4705 4706 3
4709 4710 3
4713 4714 3
4717 4718 3
4721 4722 3
4725 4726 3
4729 4730 3
4733 4734 3
4737 4738 3
4741 4742 3
4745 4746 3
4749 4750 3
4753 4754 3
4757 4758 3
4761 4762 3
4765 4766 3
4769 4770 3
4773 4774 3
4777 4778 3
4781 4782 3
4785 4786 3
4789 4790 3
4793 4794 3
4797 4798 3
4801 4802 3
4805 4806 3
4809 4810 3
4813 4814 3
4817 4818 3
4821 4822 3
4825 4826 3
4829 4830 3
4833 4834 3
4837 4838 3
4841 4842 3
4845 4846 3
4849 4850 3
4853 4854 3
4857 4858 3
4861 4862 3
4865 4866 3
4869 4870 3
4873 4874 3
4877 4878 3
4881 4882 3
4885 4886 3
4889 4890 3
4893 4894 3
4897 4898 3
4901 4902 3
4905 4906 3
4909 4910 3
4913 4914 3
4917 4918 3
4921 4922 3
4925 4926 3
4929 4930 3
4933 4934 3
4937 4938 3
4941 4942 3
4945 4946 3
4949 4950 3
4953 4954 3
4957 4958 3
4961 4962 3
4965 4966 3
4969 4970 3
4973 4974 3
4977 4978 3
4981 4982 3
4985 4986 3
4989 4990 3
4993 4994 3
4997 4998 3
5001 5002 3
5005 5006 3
5009 5010 3
5013 5014 3
5017 5018 3
5021 5022 3
5025 5026 3
5029 5030 3
5033 5034 3
5037 5038 3
5041 5042 3
5045 5046 3
5049 5050 3
5053 5054 3
5057 5058 3
5061 5062 3
5065 5066 3
5069 5070 3
5073 5074 3
5077 5078 3
5081 5082 3
5085 5086 3
5089 5090 3
5093 5094 3
5097 5098 3
5101 5102 3
5105 5106 3
5109 5110 3
5113 5114 3
5117 5118 3
5121 5122 3
5125 5126 3
5129 5130 3
5133 5134 3
5137 5138 3
5141 5142 3
5145 5146 3
5149 5150 3
5153 5154 3
5157 5158 3
5161 5162 3
5165 5166 3
5169 5170 3
5173 5174 3
5177 5178 3
5181 5182 3
5185 5186 3
5189 5190 3
5193 5194 3
5197 5198 3
5201 5202 3
5205 5206 3
5209 5210 3
5213 5214 3
5217 5218 3
5221 5222 3
5225 5226 3
5229 5230 3
5233 5234 3
5237 5238 3
5241 5242 3
5245 5246 3
5249 5250 3
5253 5254 3
5257 5258 3
5261 5262 3
5265 5266 3
5269 5270 3
5273 5274 3
5277 5278 3
5281 5282 3
5285 5286 3
5289 5290 3
5293 5294 3
5297 5298 3
5301 5302 3
5305 5306 3
5309 5310 3
5313 5314 3
5317 5318 3
5321 5322 3
5325 5326 3
5329 5330 3
5333 5334 3
5337 5338 3
5341 5342 3
5345 5346 3
5349 5350 3
5353 5354 3
5357 5358 3
5361 5362 3
5365 5366 3
5369 5370 3
5373 5374 3
5377 5378 3
5381 5382 3
5385 5386 3
5389 5390 3
5393 5394 3
5397 5398 3
5401 5402 3
5405 5406 3
5409 5410 3
5413 5414 3
5417 5418 3
5421 5422 3
5425 5426 3
5429 5430 3
5433 5434 3
5437 5438 3
5441 5442 3
5445 5446 3
5449 5450 3
5453 5454 3
5457 5458 3
5461 5462 3
5465 5466 3
5469 5470 3
5473 5474 3
5477 5478 3
5481 5482 3
5485 5486 3
5489 5490 3
5493 5494 3
5497 5498 3
5501 5502 3
5505 5506 3
5509 5510 3
5513 5514 3
5517 5518 3
5521 5522 3
5525 5526 3
5529 5530 3
5533 5534 3
5537 5538 3
5541 5542 3
5545 5546 3
5549 5550 3
5553 5554 3
5557 5558 3
5561 5562 3
5565 5566 3
5569 5570 3
5573 5574 3
5577 5578 3
5581 5582 3
5585 5586 3
5589 5590 3
5593 5594 3
5597 5598 3
5601 5602 3
5605 5606 3
5609 5610 3
5613 5614 3
5617 5618 3
5621 5622 3
5625 5626 3
5629 5630 3
5633 5634 3
5637 5638 3
5641 5642 3
5645 5646 3
5649 5650 3
5653 5654 3
5657 5658 3
5661 5662 3
5665 5666 3
5669 5670 3
5673 5674 3
5677 5678 3
5681 5682 3
5685 5686 3
5689 5690 3
5693 5694 3
5697 5698 3
5701 5702 3
5705 5706 3
5709 5710 3
5713 5714 3
5717 5718 3
5721 5722 3
5725 5726 3
5729 5730 3
5733 5734 3
5737 5738 3
5741 5742 3
5745 5746 3
5749 5750 3
5753 5754 3
5757 5758 3
5761 5762 3
5765 5766 3
5769 5770 3
5773 5774 3
5777 5778 3
5781 5782 3
5785 5786 3
5789 5790 3
5793 5794 3
5797 5798 3
5801 5802 3
5805 5806 3
5809 5810 3
5813 5814 3
5817 5818 3
5821 5822 3
5825 5826 3
5829 5830 3
5833 5834 3
5837 5838 3
5841 5842 3
5845 5846 3
5849 5850 3
5853 5854 3
5857 5858 3
5861 5862 3
5865 5866 3
5869 5870 3
5873 5874 3
5877 5878 3
5881 5882 3
5885 5886 3
5889 5890 3
5893 5894 3
5897 5898 3
5901 5902 3
5905 5906 3
5909 5910 3
5913 5914 3
5917 5918 3
5921 5922 3
5925 5926 3
5929 5930 3
5933 5934 3
5937 5938 3
5941 5942 3
5945 5946 3
5949 5950 3
5953 5954 3
5957 5958 3
5961 5962 3
5965 5966 3
5969 5970 3
5973 5974 3
5977 5978 3
5981 5982 3
5985 5986 3
5989 5990 3
5993 5994 3
5997 5998 3
6001 6002 3
6005 6006 3
6009 6010 3
6013 6014 3
6017 6018 3
6021 6022 3
6025 6026 3
6029 6030 3
6033 6034 3
6037 6038 3
6041 6042 3
6045 6046 3
6049 6050 3
6053 6054 3
6057 6058 3
6061 6062 3
6065 6066 3
6069 6070 3
6073 6074 3
6077 6078 3
6081 6082 3
6085 6086 3
6089 6090 3
6093 6094 3
6097 6098 3
6101 6102 3
6105 6106 3
6109 6110 3
6113 6114 3
6117 6118 3
6121 6122 3
6125 6126 3
6129 6130 3
6133 6134 3
6137 6138 3
6141 6142 3
6145 6146 3
6149 6150 3
6153 6154 3
6157 6158 3
6161 6162 3
6165 6166 3
6169 6170 3
6173 6174 3
6177 6178 3
6181 6182 3
6185 6186 3
6189 6190 3
6193 6194 3
6197 6198 3
6201 6202 3
6205 6206 3
6209 6210 3
6213 6214 3
6217 6218 3
6221 6222 3
6225 6226 3
6229 6230 3
6233 6234 3
6237 6238 3
6241 6242 3
6245 6246 3
6249 6250 3
6253 6254 3
6257 6258 3
6261 6262 3
6265 6266 3
6269 6270 3
6273 6274 3
6277 6278 3
6281 6282 3
6285 6286 3
6289 6290 3
6293 6294 3
6297 6298 3
6301 6302 3
6305 6306 3
6309 6310 3
6313 6314 3
6317 6318 3
6321 6322 3
6325 6326 3
6329 6330 3
6333 6334 3
6337 6338 3
6341 6342 3
6345 6346 3
6349 6350 3
6353 6354 3
6357 6358 3
6361 6362 3
6365 6366 3
6369 6370 3
6373 6374 3
6377 6378 3
6381 6382 3
6385 6386 3
6389 6390 3
6393 6394 3
6397 6398 3
6401 6402 3
6405 6406 3
6409 6410 3
6413 6414 3
6417 6418 3
6421 6422 3
6425 6426 3
6429 6430 3
6433 6434 3
6437 6438 3
6441 6442 3
6445 6446 3
6449 6450 3
6453 6454 3
6457 6458 3
6461 6462 3
6465 6466 3
6469 6470 3
6473 6474 3
6477 6478 3
6481 6482 3
6485 6486 3
6489 6490 3
6493 6494 3
6497 6498 3
6501 6502 3
6505 6506 3
6509 6510 3
6513 6514 3
6517 6518 3
6521 6522 3
6525 6526 3
6529 6530 3
6533 6534 3
6537 6538 3
6541 6542 3
6545 6546 3
6549 6550 3
6553 6554 3
6557 6558 3
6561 6562 3
6565 6566 3
6569 6570 3
6573 6574 3
6577 6578 3
6581 6582 3
6585 6586 3
6589 6590 3
6593 6594 3
6597 6598 3
6601 6602 3
6605 6606 3
6609 6610 3
6613 6614 3
6617 6618 3
6621 6622 3
6625 6626 3
6629 6630 3
6633 6634 3
6637 6638 3
6641 6642 3
6645 6646 3
6649 6650 3
6653 6654 3
6657 6658 3
6661 6662 3
6665 6666 3
6669 6670 3
6673 6674 3
6677 6678 3
6681 6682 3
6685 6686 3
6689 6690 3
6693 6694 3
6697 6698 3
6701 6702 3
6705 6706 3
6709 6710 3
6713 6714 3
6717 6718 3
6721 6722 3
6725 6726 3
6729 6730 3
6733 6734 3
6737 6738 3
6741 6742 3
6745 6746 3
6749 6750 3
6753 6754 3
6757 6758 3
6761 6762 3
6765 6766 3
6769 6770 3
6773 6774 3
6777 6778 3
6781 6782 3
6785 6786 3
6789 6790 3
6793 6794 3
6797 6798 3
6801 6802 3
6805 6806 3
6809 6810 3
6813 6814 3
6817 6818 3
6821 6822 3
6825 6826 3
6829 6830 3
6833 6834 3
6837 6838 3
6841 6842 3
6845 6846 3
6849 6850 3
6853 6854 3
6857 6858 3
6861 6862 3
6865 6866 3
6869 6870 3
6873 6874 3
6877 6878 3
6881 6882 3
6885 6886 3
6889 6890 3
6893 6894 3
6897 6898 3
6901 6902 3
6905 6906 3
6909 6910 3
6913 6914 3
6917 6918 3
6921 6922 3
6925 6926 3
6929 6930 3
6933 6934 3
6937 6938 3
6941 6942 3
6945 6946 3
6949 6950 3
6953 6954 3
6957 6958 3
6961 6962 3
6965 6966 3
6969 6970 3
6973 6974 3
6977 6978 3
6981 6982 3
6985 6986 3
6989 6990 3
6993 6994 3
6997 6998 3
7001 7002 3
7005 7006 3
7009 7010 3
7013 7014 3
7017 7018 3
7021 7022 3
7025 7026 3
7029 7030 3
7033 7034 3
7037 7038 3
7041 7042 3
7045 7046 3
7049 7050 3
7053 7054 3
7057 7058 3
7061 7062 3
7065 7066 3
7069 7070 3
7073 7074 3
7077 7078 3
7081 7082 3
7085 7086 3
7089 7090 3
7093 7094 3
7097 7098 3
7101 7102 3
7105 7106 3
7109 7110 3
7113 7114 3
7117 7118 3
7121 7122 3
7125 7126 3
7129 7130 3
7133 7134 3
7137 7138 3
7141 7142 3
7145 7146 3
7149 7150 3
7153 7154 3
7157 7158 3
7161 7162 3
7165 7166 3
7169 7170 3
7173 7174 3
7177 7178 3
7181 7182 3
7185 7186 3
7189 7190 3
7193 7194 3
7197 7198 3
7201 7202 3
7205 7206 3
7209 7210 3
7213 7214 3
7217 7218 3
7221 7222 3
7225 7226 3
7229 7230 3
7233 7234 3
7237 7238 3
7241 7242 3
7245 7246 3
7249 7250 3
7253 7254 3
7257 7258 3
7261 7262 3
7265 7266 3
7269 7270 3
7273 7274 3
7277 7278 3
7281 7282 3
7285 7286 3
7289 7290 3
7293 7294 3
7297 7298 3
7301 7302 3
7305 7306 3
7309 7310 3
7313 7314 3
7317 7318 3
7321 7322 3
7325 7326 3
7329 7330 3
7333 7334 3
7337 7338 3
7341 7342 3
7345 7346 3
7349 7350 3
7353 7354 3
7357 7358 3
7361 7362 3
7365 7366 3
7369 7370 3
7373 7374 3
7377 7378 3
7381 7382 3
7385 7386 3
7389 7390 3
7393 7394 3
7397 7398 3
7401 7402 3
7405 7406 3
7409 7410 3
7413 7414 3
7417 7418 3
7421 7422 3
7425 7426 3
7429 7430 3
7433 7434 3
7437 7438 3
7441 7442 3
7445 7446 3
7449 7450 3
7453 7454 3
7457 7458 3
7461 7462 3
7465 7466 3
7469 7470 3
7473 7474 3
7477 7478 3
7481 7482 3
7485 7486 3
7489 7490 3
7493 7494 3
7497 7498 3
7501 7502 3
7505 7506 3
7509 7510 3
7513 7514 3
7517 7518 3
7521 7522 3
7525 7526 3
7529 7530 3
7533 7534 3
7537 7538 3
7541 7542 3
7545 7546 3
7549 7550 3
7553 7554 3
7557 7558 3
7561 7562 3
7565 7566 3
7569 7570 3
7573 7574 3
7577 7578 3
7581 7582 3
7585 7586 3
7589 7590 3
7593 7594 3
7597 7598 3
7601 7602 3
7605 7606 3
7609 7610 3
7613 7614 3
7617 7618 3
7621 7622 3
7625 7626 3
7629 7630 3
7633 7634 3
7637 7638 3
7641 7642 3
7645 7646 3
7649 7650 3
7653 7654 3
7657 7658 3
7661 7662 3
7665 7666 3
7669 7670 3
7673 7674 3
7677 7678 3
7681 7682 3
7685 7686 3
7689 7690 3
7693 7694 3
7697 7698 3
7701 7702 3
7705 7706 3
7709 7710 3
7713 7714 3
7717 7718 3
7721 7722 3
7725 7726 3
7729 7730 3
7733 7734 3
7737 7738 3
7741 7742 3
7745 7746 3
7749 7750 3
7753 7754 3
7757 7758 3
7761 7762 3
7765 7766 3
7769 7770 3
7773 7774 3
7777 7778 3
7781 7782 3
7785 7786 3
7789 7790 3
7793 7794 3
7797 7798 3
7801 7802 3
7805 7806 3
7809 7810 3
7813 7814 3
7817 7818 3
7821 7822 3
7825 7826 3
7829 7830 3
7833 7834 3
7837 7838 3
7841 7842 3
7845 7846 3
7849 7850 3
7853 7854 3
7857 7858 3
7861 7862 3
7865 7866 3
7869 7870 3
7873 7874 3
7877 7878 3
7881 7882 3
7885 7886 3
7889 7890 3
7893 7894 3
7897 7898 3
7901 7902 3
7905 7906 3
7909 7910 3
7913 7914 3
7917 7918 3
7921 7922 3
7925 7926 3
7929 7930 3
7933 7934 3
7937 7938 3
7941 7942 3
7945 7946 3
7949 7950 3
7953 7954 3
7957 7958 3
7961 7962 3
7965 7966 3
7969 7970 3
7973 7974 3
7977 7978 3
7981 7982 3
7985 7986 3
7989 7990 3
7993 7994 3
7997 7998 3
8001 8002 3
8005 8006 3
8009 8010 3
8013 8014 3
8017 8018 3
8021 8022 3
8025 8026 3
8029 8030 3
8033 8034 3
8037 8038 3
8041 8042 3
8045 8046 3
8049 8050 3
8053 8054 3
8057 8058 3
8061 8062 3
8065 8066 3
8069 8070 3
8073 8074 3
8077 8078 3
8081 8082 3
8085 8086 3
8089 8090 3
8093 8094 3
8097 8098 3
8101 8102 3
8105 8106 3
8109 8110 3
8113 8114 3
8117 8118 3
8121 8122 3
8125 8126 3
8129 8130 3
8133 8134 3
8137 8138 3
8141 8142 3
8145 8146 3
8149 8150 3
8153 8154 3
8157 8158 3
8161 8162 3
8165 8166 3
8169 8170 3
8173 8174 3
8177 8178 3
8181 8182 3
8185 8186 3
8189 8190 3
8193 8194 3
8197 8198 3
8201 8202 3
8205 8206 3
8209 8210 3
8213 8214 3
8217 8218 3
8221 8222 3
8225 8226 3
8229 8230 3
8233 8234 3
8237 8238 3
8241 8242 3
8245 8246 3
8249 8250 3
8253 8254 3
8257 8258 3
8261 8262 3
8265 8266 3
8269 8270 3
8273 8274 3
8277 8278 3
8281 8282 3
8285 8286 3
8289 8290 3
8293 8294 3
8297 8298 3
8301 8302 3
8305 8306 3
8309 8310 3
8313 8314 3
8317 8318 3
8321 8322 3
8325 8326 3
8329 8330 3
8333 8334 3
8337 8338 3
8341 8342 3
8345 8346 3
8349 8350 3
8353 8354 3
8357 8358 3
8361 8362 3
8365 8366 3
8369 8370 3
8373 8374 3
8377 8378 3
8381 8382 3
8385 8386 3
8389 8390 3
8393 8394 3
8397 8398 3
8401 8402 3
8405 8406 3
8409 8410 3
8413 8414 3
8417 8418 3
8421 8422 3
8425 8426 3
8429 8430 3
8433 8434 3
8437 8438 3
8441 8442 3
8445 8446 3
8449 8450 3
8453 8454 3
8457 8458 3
8461 8462 3
8465 8466 3
8469 8470 3
8473 8474 3
8477 8478 3
8481 8482 3
8485 8486 3
8489 8490 3
8493 8494 3
8497 8498 3
8501 8502 3
8505 8506 3
8509 8510 3
8513 8514 3
8517 8518 3
8521 8522 3
8525 8526 3
8529 8530 3
8533 8534 3
8537 8538 3
8541 8542 3
8545 8546 3
8549 8550 3
8553 8554 3
8557 8558 3
8561 8562 3
8565 8566 3
8569 8570 3
8573 8574 3
8577 8578 3
8581 8582 3
8585 8586 3
8589 8590 3
8593 8594 3
8597 8598 3
8601 8602 3
8605 8606 3
8609 8610 3
8613 8614 3
8617 8618 3
8621 8622 3
8625 8626 3
8629 8630 3
8633 8634 3
8637 8638 3
8641 8642 3
8645 8646 3
8649 8650 3
8653 8654 3
8657 8658 3
8661 8662 3
8665 8666 3
8669 8670 3
8673 8674 3
8677 8678 3
8681 8682 3
8685 8686 3
8689 8690 3
8693 8694 3
8697 8698 3
8701 8702 3
8705 8706 3
8709 8710 3
8713 8714 3
8717 8718 3
8721 8722 3
8725 8726 3
8729 8730 3
8733 8734 3
8737 8738 3
8741 8742 3
8745 8746 3
8749 8750 3
8753 8754 3
8757 8758 3
8761 8762 3
8765 8766 3
8769 8770 3
8773 8774 3
8777 8778 3
8781 8782 3
8785 8786 3
8789 8790 3
8793 8794 3
8797 8798 3
8801 8802 3
8805 8806 3
8809 8810 3
8813 8814 3
8817 8818 3
8821 8822 3
8825 8826 3
8829 8830 3
8833 8834 3
8837 8838 3
8841 8842 3
8845 8846 3
8849 8850 3
8853 8854 3
8857 8858 3
8861 8862 3
8865 8866 3
8869 8870 3
8873 8874 3
8877 8878 3
8881 8882 3
8885 8886 3
8889 8890 3
8893 8894 3
8897 8898 3
8901 8902 3
8905 8906 3
8909 8910 3
8913 8914 3
8917 8918 3
8921 8922 3
8925 8926 3
8929 8930 3
8933 8934 3
8937 8938 3
8941 8942 3
8945 8946 3
8949 8950 3
8953 8954 3
8957 8958 3
8961 8962 3
8965 8966 3
8969 8970 3
8973 8974 3
8977 8978 3
8981 8982 3
8985 8986 3
8989 8990 3
8993 8994 3
8997 8998 3
9001 9002 3
9005 9006 3
9009 9010 3
9013 9014 3
9017 9018 3
9021 9022 3
9025 9026 3
9029 9030 3
9033 9034 3
9037 9038 3
9041 9042 3
9045 9046 3
9049 9050 3
9053 9054 3
9057 9058 3
9061 9062 3
9065 9066 3
9069 9070 3
9073 9074 3
9077 9078 3
9081 9082 3
9085 9086 3
9089 9090 3
9093 9094 3
9097 9098 3
9101 9102 3
9105 9106 3
9109 9110 3
9113 9114 3
9117 9118 3
9121 9122 3
9125 9126 3
9129 9130 3
9133 9134 3
9137 9138 3
9141 9142 3
9145 9146 3
9149 9150 3
9153 9154 3
9157 9158 3
9161 9162 3
9165 9166 3
9169 9170 3
9173 9174 3
9177 9178 3
9181 9182 3
9185 9186 3
9189 9190 3
9193 9194 3
9197 9198 3
9201 9202 3
9205 9206 3
9209 9210 3
9213 9214 3
9217 9218 3
9221 9222 3
9225 9226 3
9229 9230 3
9233 9234 3
9237 9238 3
9241 9242 3
9245 9246 3
9249 9250 3
9253 9254 3
9257 9258 3
9261 9262 3
9265 9266 3
9269 9270 3
9273 9274 3
9277 9278 3
9281 9282 3
9285 9286 3
9289 9290 3
9293 9294 3
9297 9298 3
9301 9302 3
9305 9306 3
9309 9310 3
9313 9314 3
9317 9318 3
9321 9322 3
9325 9326 3
9329 9330 3
