2333
4667
2 3 3
2 13 3
2 14 3
2 15 3
2 16 3
2 17 3
2 18 3
6 1 3
6 37 3
6 38 3
6 39 3
6 40 3
6 41 3
6 42 3
10 11 3
10 61 3
10 62 3
10 63 3
10 64 3
10 65 3
10 66 3
14 15 3
14 85 3
14 86 3
14 87 3
14 88 3
14 89 3
14 90 3
18 13 3
18 109 3
18 110 3
18 111 3
18 112 3
18 113 3
18 114 3
22 23 3
22 133 3
22 134 3
22 135 3
22 136 3
22 137 3
22 138 3
26 27 3
26 157 3
26 158 3
26 159 3
26 160 3
26 161 3
26 162 3
30 25 3
30 181 3
30 182 3
30 183 3
30 184 3
30 185 3
30 186 3
34 35 3
34 205 3
34 206 3
34 207 3
34 208 3
34 209 3
34 210 3
38 39 3
38 229 3
38 230 3
38 231 3
38 232 3
38 233 3
38 234 3
42 37 3
42 253 3
42 254 3
42 255 3
42 256 3
42 257 3
42 258 3
46 47 3
46 277 3
46 278 3
46 279 3
46 280 3
46 281 3
46 282 3
50 51 3
50 301 3
50 302 3
50 303 3
50 304 3
50 305 3
50 306 3
54 49 3
54 325 3
54 326 3
54 327 3
54 328 3
54 329 3
54 330 3
58 59 3
58 349 3
58 350 3
58 351 3
58 352 3
58 353 3
58 354 3
62 63 3
62 373 3
62 374 3
62 375 3
62 376 3
62 377 3
62 378 3
66 61 3
66 397 3
66 398 3
66 399 3
66 400 3
66 401 3
66 402 3
70 71 3
70 421 3
70 422 3
70 423 3
70 424 3
70 425 3
70 426 3
74 75 3
74 445 3
74 446 3
74 447 3
74 448 3
74 449 3
74 450 3
78 73 3
78 469 3
78 470 3
78 471 3
78 472 3
78 473 3
78 474 3
82 83 3
82 493 3
82 494 3
82 495 3
82 496 3
82 497 3
82 498 3
86 87 3
86 517 3
86 518 3
86 519 3
86 520 3
86 521 3
86 522 3
90 85 3
90 541 3
90 542 3
90 543 3
90 544 3
90 545 3
90 546 3
94 95 3
94 565 3
94 566 3
94 567 3
94 568 3
94 569 3
94 570 3
98 99 3
98 589 3
98 590 3
98 591 3
98 592 3
98 593 3
98 594 3
102 97 3
102 613 3
102 614 3
102 615 3
102 616 3
102 617 3
102 618 3
106 107 3
106 637 3
106 638 3
106 639 3
106 640 3
106 641 3
106 642 3
110 111 3
110 661 3
110 662 3
110 663 3
110 664 3
110 665 3
110 666 3
114 109 3
114 685 3
114 686 3
114 687 3
114 688 3
114 689 3
114 690 3
118 119 3
118 709 3
118 710 3
118 711 3
118 712 3
118 713 3
118 714 3
122 123 3
122 733 3
122 734 3
122 735 3
122 736 3
122 737 3
122 738 3
126 121 3
126 757 3
126 758 3
126 759 3
126 760 3
126 761 3
126 762 3
130 131 3
130 781 3
130 782 3
130 783 3
130 784 3
130 785 3
130 786 3
134 135 3
134 805 3
134 806 3
134 807 3
134 808 3
134 809 3
134 810 3
138 133 3
138 829 3
138 830 3
138 831 3
138 832 3
138 833 3
138 834 3
142 143 3
142 853 3
142 854 3
142 855 3
142 856 3
142 857 3
142 858 3
146 147 3
146 877 3
146 878 3
146 879 3
146 880 3
146 881 3
146 882 3
150 145 3
150 901 3
150 902 3
150 903 3
150 904 3
150 905 3
150 906 3
154 155 3
154 925 3
154 926 3
154 927 3
154 928 3
154 929 3
154 930 3
158 159 3
158 949 3
158 950 3
158 951 3
158 952 3
158 953 3
158 954 3
162 157 3
162 973 3
162 974 3
162 975 3
162 976 3
162 977 3
162 978 3
166 167 3
166 997 3
166 998 3
166 999 3
166 1000 3
166 1001 3
166 1002 3
170 171 3
170 1021 3
170 1022 3
170 1023 3
170 1024 3
170 1025 3
170 1026 3
174 169 3
174 1045 3
174 1046 3
174 1047 3
174 1048 3
174 1049 3
174 1050 3
178 179 3
178 1069 3
178 1070 3
178 1071 3
178 1072 3
178 1073 3
178 1074 3
182 183 3
182 1093 3
182 1094 3
182 1095 3
182 1096 3
182 1097 3
182 1098 3
186 181 3
186 1117 3
186 1118 3
186 1119 3
186 1120 3
186 1121 3
186 1122 3
190 191 3
190 1141 3
190 1142 3
190 1143 3
190 1144 3
190 1145 3
190 1146 3
194 195 3
194 1165 3
194 1166 3
194 1167 3
194 1168 3
194 1169 3
194 1170 3
198 193 3
198 1189 3
198 1190 3
198 1191 3
198 1192 3
198 1193 3
198 1194 3
202 203 3
202 1213 3
202 1214 3
202 1215 3
202 1216 3
202 1217 3
202 1218 3
206 207 3
206 1237 3
206 1238 3
206 1239 3
206 1240 3
206 1241 3
206 1242 3
210 205 3
210 1261 3
210 1262 3
210 1263 3
210 1264 3
210 1265 3
210 1266 3
214 215 3
214 1285 3
214 1286 3
214 1287 3
214 1288 3
214 1289 3
214 1290 3
218 219 3
218 1309 3
218 1310 3
218 1311 3
218 1312 3
218 1313 3
218 1314 3
222 217 3
222 1333 3
222 1334 3
222 1335 3
222 1336 3
222 1337 3
222 1338 3
226 227 3
226 1357 3
226 1358 3
226 1359 3
226 1360 3
226 1361 3
226 1362 3
230 231 3
230 1381 3
230 1382 3
230 1383 3
230 1384 3
230 1385 3
230 1386 3
234 229 3
234 1405 3
234 1406 3
234 1407 3
234 1408 3
234 1409 3
234 1410 3
238 239 3
238 1429 3
238 1430 3
238 1431 3
238 1432 3
238 1433 3
238 1434 3
242 243 3
242 1453 3
242 1454 3
242 1455 3
242 1456 3
242 1457 3
242 1458 3
246 241 3
246 1477 3
246 1478 3
246 1479 3
246 1480 3
246 1481 3
246 1482 3
250 251 3
250 1501 3
250 1502 3
250 1503 3
250 1504 3
250 1505 3
250 1506 3
254 255 3
254 1525 3
254 1526 3
254 1527 3
254 1528 3
254 1529 3
254 1530 3
258 253 3
258 1549 3
258 1550 3
258 1551 3
258 1552 3
258 1553 3
258 1554 3
262 263 3
262 1573 3
262 1574 3
262 1575 3
262 1576 3
262 1577 3
262 1578 3
266 267 3
266 1597 3
266 1598 3
266 1599 3
266 1600 3
266 1601 3
266 1602 3
270 265 3
270 1621 3
270 1622 3
270 1623 3
270 1624 3
270 1625 3
270 1626 3
274 275 3
274 1645 3
274 1646 3
274 1647 3
274 1648 3
274 1649 3
274 1650 3
278 279 3
278 1669 3
278 1670 3
278 1671 3
278 1672 3
278 1673 3
278 1674 3
282 277 3
282 1693 3
282 1694 3
282 1695 3
282 1696 3
282 1697 3
282 1698 3
286 287 3
286 1717 3
286 1718 3
286 1719 3
286 1720 3
286 1721 3
286 1722 3
290 291 3
290 1741 3
290 1742 3
290 1743 3
290 1744 3
290 1745 3
290 1746 3
294 289 3
294 1765 3
294 1766 3
294 1767 3
294 1768 3
294 1769 3
294 1770 3
298 299 3
298 1789 3
298 1790 3
298 1791 3
298 1792 3
298 1793 3
298 1794 3
302 303 3
302 1813 3
302 1814 3
302 1815 3
302 1816 3
302 1817 3
302 1818 3
306 301 3
306 1837 3
306 1838 3
306 1839 3
306 1840 3
306 1841 3
306 1842 3
310 311 3
310 1861 3
310 1862 3
310 1863 3
310 1864 3
310 1865 3
310 1866 3
314 315 3
314 1885 3
314 1886 3
314 1887 3
314 1888 3
314 1889 3
314 1890 3
318 313 3
318 1909 3
318 1910 3
318 1911 3
318 1912 3
318 1913 3
318 1914 3
322 323 3
322 1933 3
322 1934 3
322 1935 3
322 1936 3
322 1937 3
322 1938 3
326 327 3
326 1957 3
326 1958 3
326 1959 3
326 1960 3
326 1961 3
326 1962 3
330 325 3
330 1981 3
330 1982 3
330 1983 3
330 1984 3
330 1985 3
330 1986 3
334 335 3
334 2005 3
334 2006 3
334 2007 3
334 2008 3
334 2009 3
334 2010 3
338 339 3
338 2029 3
338 2030 3
338 2031 3
338 2032 3
338 2033 3
338 2034 3
342 337 3
342 2053 3
342 2054 3
342 2055 3
342 2056 3
342 2057 3
342 2058 3
346 347 3
346 2077 3
346 2078 3
346 2079 3
346 2080 3
346 2081 3
346 2082 3
350 351 3
350 2101 3
350 2102 3
350 2103 3
350 2104 3
350 2105 3
350 2106 3
354 349 3
354 2125 3
354 2126 3
354 2127 3
354 2128 3
354 2129 3
354 2130 3
358 359 3
358 2149 3
358 2150 3
358 2151 3
358 2152 3
358 2153 3
358 2154 3
362 363 3
362 2173 3
362 2174 3
362 2175 3
362 2176 3
362 2177 3
362 2178 3
366 361 3
366 2197 3
366 2198 3
366 2199 3
366 2200 3
366 2201 3
366 2202 3
370 371 3
370 2221 3
370 2222 3
370 2223 3
370 2224 3
370 2225 3
370 2226 3
374 375 3
374 2245 3
374 2246 3
374 2247 3
374 2248 3
374 2249 3
374 2250 3
378 373 3
378 2269 3
378 2270 3
378 2271 3
378 2272 3
378 2273 3
378 2274 3
382 383 3
382 2293 3
382 2294 3
382 2295 3
382 2296 3
382 2297 3
382 2298 3
386 387 3
386 2317 3
386 2318 3
386 2319 3
386 2320 3
386 2321 3
386 2322 3
390 385 3
390 2341 3
390 2342 3
390 2343 3
390 2344 3
390 2345 3
390 2346 3
394 395 3
394 2365 3
394 2366 3
394 2367 3
394 2368 3
394 2369 3
394 2370 3
398 399 3
398 2389 3
398 2390 3
398 2391 3
398 2392 3
398 2393 3
398 2394 3
402 397 3
402 2413 3
402 2414 3
402 2415 3
402 2416 3
402 2417 3
402 2418 3
406 407 3
406 2437 3
406 2438 3
406 2439 3
406 2440 3
406 2441 3
406 2442 3
410 411 3
410 2461 3
410 2462 3
410 2463 3
410 2464 3
410 2465 3
410 2466 3
414 409 3
414 2485 3
414 2486 3
414 2487 3
414 2488 3
414 2489 3
414 2490 3
418 419 3
418 2509 3
418 2510 3
418 2511 3
418 2512 3
418 2513 3
418 2514 3
422 423 3
422 2533 3
422 2534 3
422 2535 3
422 2536 3
422 2537 3
422 2538 3
426 421 3
426 2557 3
426 2558 3
426 2559 3
426 2560 3
426 2561 3
426 2562 3
430 431 3
430 2581 3
430 2582 3
430 2583 3
430 2584 3
430 2585 3
430 2586 3
434 435 3
434 2605 3
434 2606 3
434 2607 3
434 2608 3
434 2609 3
434 2610 3
438 433 3
438 2629 3
438 2630 3
438 2631 3
438 2632 3
438 2633 3
438 2634 3
442 443 3
442 2653 3
442 2654 3
442 2655 3
442 2656 3
442 2657 3
442 2658 3
446 447 3
446 2677 3
446 2678 3
446 2679 3
446 2680 3
446 2681 3
446 2682 3
450 445 3
450 2701 3
450 2702 3
450 2703 3
450 2704 3
450 2705 3
450 2706 3
454 455 3
454 2725 3
454 2726 3
454 2727 3
454 2728 3
454 2729 3
454 2730 3
458 459 3
458 2749 3
458 2750 3
458 2751 3
458 2752 3
458 2753 3
458 2754 3
462 457 3
462 2773 3
462 2774 3
462 2775 3
462 2776 3
462 2777 3
462 2778 3
466 467 3
466 2797 3
466 2798 3
466 2799 3
466 2800 3
466 2801 3
466 2802 3
470 471 3
470 2821 3
470 2822 3
470 2823 3
470 2824 3
470 2825 3
470 2826 3
474 469 3
474 2845 3
474 2846 3
474 2847 3
474 2848 3
474 2849 3
474 2850 3
478 479 3
478 2869 3
478 2870 3
478 2871 3
478 2872 3
478 2873 3
478 2874 3
482 483 3
482 2893 3
482 2894 3
482 2895 3
482 2896 3
482 2897 3
482 2898 3
486 481 3
486 2917 3
486 2918 3
486 2919 3
486 2920 3
486 2921 3
486 2922 3
490 491 3
490 2941 3
490 2942 3
490 2943 3
490 2944 3
490 2945 3
490 2946 3
494 495 3
494 2965 3
494 2966 3
494 2967 3
494 2968 3
494 2969 3
494 2970 3
498 493 3
498 2989 3
498 2990 3
498 2991 3
498 2992 3
498 2993 3
498 2994 3
502 503 3
502 3013 3
502 3014 3
502 3015 3
502 3016 3
502 3017 3
502 3018 3
506 507 3
506 3037 3
506 3038 3
506 3039 3
506 3040 3
506 3041 3
506 3042 3
510 505 3
510 3061 3
510 3062 3
510 3063 3
510 3064 3
510 3065 3
510 3066 3
514 515 3
514 3085 3
514 3086 3
514 3087 3
514 3088 3
514 3089 3
514 3090 3
518 519 3
518 3109 3
518 3110 3
518 3111 3
518 3112 3
518 3113 3
518 3114 3
522 517 3
522 3133 3
522 3134 3
522 3135 3
522 3136 3
522 3137 3
522 3138 3
526 527 3
526 3157 3
526 3158 3
526 3159 3
526 3160 3
526 3161 3
526 3162 3
530 531 3
530 3181 3
530 3182 3
530 3183 3
530 3184 3
530 3185 3
530 3186 3
534 529 3
534 3205 3
534 3206 3
534 3207 3
534 3208 3
534 3209 3
534 3210 3
538 539 3
538 3229 3
538 3230 3
538 3231 3
538 3232 3
538 3233 3
538 3234 3
542 543 3
542 3253 3
542 3254 3
542 3255 3
542 3256 3
542 3257 3
542 3258 3
546 541 3
546 3277 3
546 3278 3
546 3279 3
546 3280 3
546 3281 3
546 3282 3
550 551 3
550 3301 3
550 3302 3
550 3303 3
550 3304 3
550 3305 3
550 3306 3
554 555 3
554 3325 3
554 3326 3
554 3327 3
554 3328 3
554 3329 3
554 3330 3
558 553 3
558 3349 3
558 3350 3
558 3351 3
558 3352 3
558 3353 3
558 3354 3
562 563 3
562 3373 3
562 3374 3
562 3375 3
562 3376 3
562 3377 3
562 3378 3
566 567 3
566 3397 3
566 3398 3
566 3399 3
566 3400 3
566 3401 3
566 3402 3
570 565 3
570 3421 3
570 3422 3
570 3423 3
570 3424 3
570 3425 3
570 3426 3
574 575 3
574 3445 3
574 3446 3
574 3447 3
574 3448 3
574 3449 3
574 3450 3
578 579 3
578 3469 3
578 3470 3
578 3471 3
578 3472 3
578 3473 3
578 3474 3
582 577 3
582 3493 3
582 3494 3
582 3495 3
582 3496 3
582 3497 3
582 3498 3
586 587 3
586 3517 3
586 3518 3
586 3519 3
586 3520 3
586 3521 3
586 3522 3
590 591 3
590 3541 3
590 3542 3
590 3543 3
590 3544 3
590 3545 3
590 3546 3
594 589 3
594 3565 3
594 3566 3
594 3567 3
594 3568 3
594 3569 3
594 3570 3
598 599 3
598 3589 3
598 3590 3
598 3591 3
598 3592 3
598 3593 3
598 3594 3
602 603 3
602 3613 3
602 3614 3
602 3615 3
602 3616 3
602 3617 3
602 3618 3
606 601 3
606 3637 3
606 3638 3
606 3639 3
606 3640 3
606 3641 3
606 3642 3
610 611 3
610 3661 3
610 3662 3
610 3663 3
610 3664 3
610 3665 3
610 3666 3
614 615 3
614 3685 3
614 3686 3
614 3687 3
614 3688 3
614 3689 3
614 3690 3
618 613 3
618 3709 3
618 3710 3
618 3711 3
618 3712 3
618 3713 3
618 3714 3
622 623 3
622 3733 3
622 3734 3
622 3735 3
622 3736 3
622 3737 3
622 3738 3
626 627 3
626 3757 3
626 3758 3
626 3759 3
626 3760 3
626 3761 3
626 3762 3
630 625 3
630 3781 3
630 3782 3
630 3783 3
630 3784 3
630 3785 3
630 3786 3
634 635 3
634 3805 3
634 3806 3
634 3807 3
634 3808 3
634 3809 3
634 3810 3
638 639 3
638 3829 3
638 3830 3
638 3831 3
638 3832 3
638 3833 3
638 3834 3
642 637 3
642 3853 3
642 3854 3
642 3855 3
642 3856 3
642 3857 3
642 3858 3
646 647 3
646 3877 3
646 3878 3
646 3879 3
646 3880 3
646 3881 3
646 3882 3
650 651 3
650 3901 3
650 3902 3
650 3903 3
650 3904 3
650 3905 3
650 3906 3
654 649 3
654 3925 3
654 3926 3
654 3927 3
654 3928 3
654 3929 3
654 3930 3
658 659 3
658 3949 3
658 3950 3
658 3951 3
658 3952 3
658 3953 3
658 3954 3
662 663 3
662 3973 3
662 3974 3
662 3975 3
662 3976 3
662 3977 3
662 3978 3
666 661 3
666 3997 3
666 3998 3
666 3999 3
666 4000 3
666 4001 3
666 4002 3
670 671 3
670 4021 3
670 4022 3
670 4023 3
670 4024 3
670 4025 3
670 4026 3
674 675 3
674 4045 3
674 4046 3
674 4047 3
674 4048 3
674 4049 3
674 4050 3
678 673 3
678 4069 3
678 4070 3
678 4071 3
678 4072 3
678 4073 3
678 4074 3
682 683 3
682 4093 3
682 4094 3
682 4095 3
682 4096 3
682 4097 3
682 4098 3
686 687 3
686 4117 3
686 4118 3
686 4119 3
686 4120 3
686 4121 3
686 4122 3
690 685 3
690 4141 3
690 4142 3
690 4143 3
690 4144 3
690 4145 3
690 4146 3
694 695 3
694 4165 3
694 4166 3
694 4167 3
694 4168 3
694 4169 3
694 4170 3
698 699 3
698 4189 3
698 4190 3
698 4191 3
698 4192 3
698 4193 3
698 4194 3
702 697 3
702 4213 3
702 4214 3
702 4215 3
702 4216 3
702 4217 3
702 4218 3
706 707 3
706 4237 3
706 4238 3
706 4239 3
706 4240 3
706 4241 3
706 4242 3
710 711 3
710 4261 3
710 4262 3
710 4263 3
710 4264 3
710 4265 3
710 4266 3
714 709 3
714 4285 3
714 4286 3
714 4287 3
714 4288 3
714 4289 3
714 4290 3
718 719 3
718 4309 3
718 4310 3
718 4311 3
718 4312 3
718 4313 3
718 4314 3
722 723 3
722 4333 3
722 4334 3
722 4335 3
722 4336 3
722 4337 3
722 4338 3
726 721 3
726 4357 3
726 4358 3
726 4359 3
726 4360 3
726 4361 3
726 4362 3
730 731 3
730 4381 3
730 4382 3
730 4383 3
730 4384 3
730 4385 3
730 4386 3
734 735 3
734 4405 3
734 4406 3
734 4407 3
734 4408 3
734 4409 3
734 4410 3
738 733 3
738 4429 3
738 4430 3
738 4431 3
738 4432 3
738 4433 3
738 4434 3
742 743 3
742 4453 3
742 4454 3
742 4455 3
742 4456 3
742 4457 3
742 4458 3
746 747 3
746 4477 3
746 4478 3
746 4479 3
746 4480 3
746 4481 3
746 4482 3
750 745 3
750 4501 3
750 4502 3
750 4503 3
750 4504 3
750 4505 3
750 4506 3
754 755 3
754 4525 3
754 4526 3
754 4527 3
754 4528 3
754 4529 3
754 4530 3
758 759 3
758 4549 3
758 4550 3
758 4551 3
758 4552 3
758 4553 3
758 4554 3
762 757 3
762 4573 3
762 4574 3
762 4575 3
762 4576 3
762 4577 3
762 4578 3
766 767 3
766 4597 3
766 4598 3
766 4599 3
766 4600 3
766 4601 3
766 4602 3
770 771 3
770 4621 3
770 4622 3
770 4623 3
770 4624 3
770 4625 3
770 4626 3
774 769 3
774 4645 3
774 4646 3
774 4647 3
774 4648 3
774 4649 3
774 4650 3
778 779 3
778 4669 3
778 4670 3
778 4671 3
778 4672 3
778 4673 3
778 4674 3
782 783 3
782 4693 3
782 4694 3
782 4695 3
782 4696 3
782 4697 3
782 4698 3
786 781 3
786 4717 3
786 4718 3
786 4719 3
786 4720 3
786 4721 3
786 4722 3
790 791 3
790 4741 3
790 4742 3
790 4743 3
790 4744 3
790 4745 3
790 4746 3
794 795 3
794 4765 3
794 4766 3
794 4767 3
794 4768 3
794 4769 3
794 4770 3
798 793 3
798 4789 3
798 4790 3
798 4791 3
798 4792 3
798 4793 3
798 4794 3
802 803 3
802 4813 3
802 4814 3
802 4815 3
802 4816 3
802 4817 3
802 4818 3
806 807 3
806 4837 3
806 4838 3
806 4839 3
806 4840 3
806 4841 3
806 4842 3
810 805 3
810 4861 3
810 4862 3
810 4863 3
810 4864 3
810 4865 3
810 4866 3
814 815 3
814 4885 3
814 4886 3
814 4887 3
814 4888 3
814 4889 3
814 4890 3
818 819 3
818 4909 3
818 4910 3
818 4911 3
818 4912 3
818 4913 3
818 4914 3
822 817 3
822 4933 3
822 4934 3
822 4935 3
822 4936 3
822 4937 3
822 4938 3
826 827 3
826 4957 3
826 4958 3
826 4959 3
826 4960 3
826 4961 3
826 4962 3
830 831 3
830 4981 3
830 4982 3
830 4983 3
830 4984 3
830 4985 3
830 4986 3
834 829 3
834 5005 3
834 5006 3
834 5007 3
834 5008 3
834 5009 3
834 5010 3
838 839 3
838 5029 3
838 5030 3
838 5031 3
838 5032 3
838 5033 3
838 5034 3
842 843 3
842 5053 3
842 5054 3
842 5055 3
842 5056 3
842 5057 3
842 5058 3
846 841 3
846 5077 3
846 5078 3
846 5079 3
846 5080 3
846 5081 3
846 5082 3
850 851 3
850 5101 3
850 5102 3
850 5103 3
850 5104 3
850 5105 3
850 5106 3
854 855 3
854 5125 3
854 5126 3
854 5127 3
854 5128 3
854 5129 3
854 5130 3
858 853 3
858 5149 3
858 5150 3
858 5151 3
858 5152 3
858 5153 3
858 5154 3
862 863 3
862 5173 3
862 5174 3
862 5175 3
862 5176 3
862 5177 3
862 5178 3
866 867 3
866 5197 3
866 5198 3
866 5199 3
866 5200 3
866 5201 3
866 5202 3
870 865 3
870 5221 3
870 5222 3
870 5223 3
870 5224 3
870 5225 3
870 5226 3
874 875 3
874 5245 3
874 5246 3
874 5247 3
874 5248 3
874 5249 3
874 5250 3
878 879 3
878 5269 3
878 5270 3
878 5271 3
878 5272 3
878 5273 3
878 5274 3
882 877 3
882 5293 3
882 5294 3
882 5295 3
882 5296 3
882 5297 3
882 5298 3
886 887 3
886 5317 3
886 5318 3
886 5319 3
886 5320 3
886 5321 3
886 5322 3
890 891 3
890 5341 3
890 5342 3
890 5343 3
890 5344 3
890 5345 3
890 5346 3
894 889 3
894 5365 3
894 5366 3
894 5367 3
894 5368 3
894 5369 3
894 5370 3
898 899 3
898 5389 3
898 5390 3
898 5391 3
898 5392 3
898 5393 3
898 5394 3
902 903 3
902 5413 3
902 5414 3
902 5415 3
902 5416 3
902 5417 3
902 5418 3
906 901 3
906 5437 3
906 5438 3
906 5439 3
906 5440 3
906 5441 3
906 5442 3
910 911 3
910 5461 3
910 5462 3
910 5463 3
910 5464 3
910 5465 3
910 5466 3
914 915 3
914 5485 3
914 5486 3
914 5487 3
914 5488 3
914 5489 3
914 5490 3
918 913 3
918 5509 3
918 5510 3
918 5511 3
918 5512 3
918 5513 3
918 5514 3
922 923 3
922 5533 3
922 5534 3
922 5535 3
922 5536 3
922 5537 3
922 5538 3
926 927 3
926 5557 3
926 5558 3
926 5559 3
926 5560 3
926 5561 3
926 5562 3
930 925 3
930 5581 3
930 5582 3
930 5583 3
930 5584 3
930 5585 3
930 5586 3
934 935 3
934 5605 3
934 5606 3
934 5607 3
934 5608 3
934 5609 3
934 5610 3
938 939 3
938 5629 3
938 5630 3
938 5631 3
938 5632 3
938 5633 3
938 5634 3
942 937 3
942 5653 3
942 5654 3
942 5655 3
942 5656 3
942 5657 3
942 5658 3
946 947 3
946 5677 3
946 5678 3
946 5679 3
946 5680 3
946 5681 3
946 5682 3
950 951 3
950 5701 3
950 5702 3
950 5703 3
950 5704 3
950 5705 3
950 5706 3
954 949 3
954 5725 3
954 5726 3
954 5727 3
954 5728 3
954 5729 3
954 5730 3
958 959 3
958 5749 3
958 5750 3
958 5751 3
958 5752 3
958 5753 3
958 5754 3
962 963 3
962 5773 3
962 5774 3
962 5775 3
962 5776 3
962 5777 3
962 5778 3
966 961 3
966 5797 3
966 5798 3
966 5799 3
966 5800 3
966 5801 3
966 5802 3
970 971 3
970 5821 3
970 5822 3
970 5823 3
970 5824 3
970 5825 3
970 5826 3
974 975 3
974 5845 3
974 5846 3
974 5847 3
974 5848 3
974 5849 3
974 5850 3
978 973 3
978 5869 3
978 5870 3
978 5871 3
978 5872 3
978 5873 3
978 5874 3
982 983 3
982 5893 3
982 5894 3
982 5895 3
982 5896 3
982 5897 3
982 5898 3
986 987 3
986 5917 3
986 5918 3
986 5919 3
986 5920 3
986 5921 3
986 5922 3
990 985 3
990 5941 3
990 5942 3
990 5943 3
990 5944 3
990 5945 3
990 5946 3
994 995 3
994 5965 3
994 5966 3
994 5967 3
994 5968 3
994 5969 3
994 5970 3
998 999 3
998 5989 3
998 5990 3
998 5991 3
998 5992 3
998 5993 3
998 5994 3
1002 997 3
1002 6013 3
1002 6014 3
1002 6015 3
1002 6016 3
1002 6017 3
1002 6018 3
1006 1007 3
1006 6037 3
1006 6038 3
1006 6039 3
1006 6040 3
1006 6041 3
1006 6042 3
1010 1011 3
1010 6061 3
1010 6062 3
1010 6063 3
1010 6064 3
1010 6065 3
1010 6066 3
1014 1009 3
1014 6085 3
1014 6086 3
1014 6087 3
1014 6088 3
1014 6089 3
1014 6090 3
1018 1019 3
1018 6109 3
1018 6110 3
1018 6111 3
1018 6112 3
1018 6113 3
1018 6114 3
1022 1023 3
1022 6133 3
1022 6134 3
1022 6135 3
1022 6136 3
1022 6137 3
1022 6138 3
1026 1021 3
1026 6157 3
1026 6158 3
1026 6159 3
1026 6160 3
1026 6161 3
1026 6162 3
1030 1031 3
1030 6181 3
1030 6182 3
1030 6183 3
1030 6184 3
1030 6185 3
1030 6186 3
1034 1035 3
1034 6205 3
1034 6206 3
1034 6207 3
1034 6208 3
1034 6209 3
1034 6210 3
1038 1033 3
1038 6229 3
1038 6230 3
1038 6231 3
1038 6232 3
1038 6233 3
1038 6234 3
1042 1043 3
1042 6253 3
1042 6254 3
1042 6255 3
1042 6256 3
1042 6257 3
1042 6258 3
1046 1047 3
1046 6277 3
1046 6278 3
1046 6279 3
1046 6280 3
1046 6281 3
1046 6282 3
1050 1045 3
1050 6301 3
1050 6302 3
1050 6303 3
1050 6304 3
1050 6305 3
1050 6306 3
1054 1055 3
1054 6325 3
1054 6326 3
1054 6327 3
1054 6328 3
1054 6329 3
1054 6330 3
1058 1059 3
1058 6349 3
1058 6350 3
1058 6351 3
1058 6352 3
1058 6353 3
1058 6354 3
1062 1057 3
1062 6373 3
1062 6374 3
1062 6375 3
1062 6376 3
1062 6377 3
1062 6378 3
1066 1067 3
1066 6397 3
1066 6398 3
1066 6399 3
1066 6400 3
1066 6401 3
1066 6402 3
1070 1071 3
1070 6421 3
1070 6422 3
1070 6423 3
1070 6424 3
1070 6425 3
1070 6426 3
1074 1069 3
1074 6445 3
1074 6446 3
1074 6447 3
1074 6448 3
1074 6449 3
1074 6450 3
1078 1079 3
1078 6469 3
1078 6470 3
1078 6471 3
1078 6472 3
1078 6473 3
1078 6474 3
1082 1083 3
1082 6493 3
1082 6494 3
1082 6495 3
1082 6496 3
1082 6497 3
1082 6498 3
1086 1081 3
1086 6517 3
1086 6518 3
1086 6519 3
1086 6520 3
1086 6521 3
1086 6522 3
1090 1091 3
1090 6541 3
1090 6542 3
1090 6543 3
1090 6544 3
1090 6545 3
1090 6546 3
1094 1095 3
1094 6565 3
1094 6566 3
1094 6567 3
1094 6568 3
1094 6569 3
1094 6570 3
1098 1093 3
1098 6589 3
1098 6590 3
1098 6591 3
1098 6592 3
1098 6593 3
1098 6594 3
1102 1103 3
1102 6613 3
1102 6614 3
1102 6615 3
1102 6616 3
1102 6617 3
1102 6618 3
1106 1107 3
1106 6637 3
1106 6638 3
1106 6639 3
1106 6640 3
1106 6641 3
1106 6642 3
1110 1105 3
1110 6661 3
1110 6662 3
1110 6663 3
1110 6664 3
1110 6665 3
1110 6666 3
1114 1115 3
1114 6685 3
1114 6686 3
1114 6687 3
1114 6688 3
1114 6689 3
1114 6690 3
1118 1119 3
1118 6709 3
1118 6710 3
1118 6711 3
1118 6712 3
1118 6713 3
1118 6714 3
1122 1117 3
1122 6733 3
1122 6734 3
1122 6735 3
1122 6736 3
1122 6737 3
1122 6738 3
1126 1127 3
1126 6757 3
1126 6758 3
1126 6759 3
1126 6760 3
1126 6761 3
1126 6762 3
1130 1131 3
1130 6781 3
1130 6782 3
1130 6783 3
1130 6784 3
1130 6785 3
1130 6786 3
1134 1129 3
1134 6805 3
1134 6806 3
1134 6807 3
1134 6808 3
1134 6809 3
1134 6810 3
1138 1139 3
1138 6829 3
1138 6830 3
1138 6831 3
1138 6832 3
1138 6833 3
1138 6834 3
1142 1143 3
1142 6853 3
1142 6854 3
1142 6855 3
1142 6856 3
1142 6857 3
1142 6858 3
1146 1141 3
1146 6877 3
1146 6878 3
1146 6879 3
1146 6880 3
1146 6881 3
1146 6882 3
1150 1151 3
1150 6901 3
1150 6902 3
1150 6903 3
1150 6904 3
1150 6905 3
1150 6906 3
1154 1155 3
1154 6925 3
1154 6926 3
1154 6927 3
1154 6928 3
1154 6929 3
1154 6930 3
1158 1153 3
1158 6949 3
1158 6950 3
1158 6951 3
1158 6952 3
1158 6953 3
1158 6954 3
1162 1163 3
1162 6973 3
1162 6974 3
1162 6975 3
1162 6976 3
1162 6977 3
1162 6978 3
1166 1167 3
1166 6997 3
1166 6998 3
1166 6999 3
1166 7000 3
1166 7001 3
1166 7002 3
1170 1165 3
1170 7021 3
1170 7022 3
1170 7023 3
1170 7024 3
1170 7025 3
1170 7026 3
1174 1175 3
1174 7045 3
1174 7046 3
1174 7047 3
1174 7048 3
1174 7049 3
1174 7050 3
1178 1179 3
1178 7069 3
1178 7070 3
1178 7071 3
1178 7072 3
1178 7073 3
1178 7074 3
1182 1177 3
1182 7093 3
1182 7094 3
1182 7095 3
1182 7096 3
1182 7097 3
1182 7098 3
1186 1187 3
1186 7117 3
1186 7118 3
1186 7119 3
1186 7120 3
1186 7121 3
1186 7122 3
1190 1191 3
1190 7141 3
1190 7142 3
1190 7143 3
1190 7144 3
1190 7145 3
1190 7146 3
1194 1189 3
1194 7165 3
1194 7166 3
1194 7167 3
1194 7168 3
1194 7169 3
1194 7170 3
1198 1199 3
1198 7189 3
1198 7190 3
1198 7191 3
1198 7192 3
1198 7193 3
1198 7194 3
1202 1203 3
1202 7213 3
1202 7214 3
1202 7215 3
1202 7216 3
1202 7217 3
1202 7218 3
1206 1201 3
1206 7237 3
1206 7238 3
1206 7239 3
1206 7240 3
1206 7241 3
1206 7242 3
1210 1211 3
1210 7261 3
1210 7262 3
1210 7263 3
1210 7264 3
1210 7265 3
1210 7266 3
1214 1215 3
1214 7285 3
1214 7286 3
1214 7287 3
1214 7288 3
1214 7289 3
1214 7290 3
1218 1213 3
1218 7309 3
1218 7310 3
1218 7311 3
1218 7312 3
1218 7313 3
1218 7314 3
1222 1223 3
1222 7333 3
1222 7334 3
1222 7335 3
1222 7336 3
1222 7337 3
1222 7338 3
1226 1227 3
1226 7357 3
1226 7358 3
1226 7359 3
1226 7360 3
1226 7361 3
1226 7362 3
1230 1225 3
1230 7381 3
1230 7382 3
1230 7383 3
1230 7384 3
1230 7385 3
1230 7386 3
1234 1235 3
1234 7405 3
1234 7406 3
1234 7407 3
1234 7408 3
1234 7409 3
1234 7410 3
1238 1239 3
1238 7429 3
1238 7430 3
1238 7431 3
1238 7432 3
1238 7433 3
1238 7434 3
1242 1237 3
1242 7453 3
1242 7454 3
1242 7455 3
1242 7456 3
1242 7457 3
1242 7458 3
1246 1247 3
1246 7477 3
1246 7478 3
1246 7479 3
1246 7480 3
1246 7481 3
1246 7482 3
1250 1251 3
1250 7501 3
1250 7502 3
1250 7503 3
1250 7504 3
1250 7505 3
1250 7506 3
1254 1249 3
1254 7525 3
1254 7526 3
1254 7527 3
1254 7528 3
1254 7529 3
1254 7530 3
1258 1259 3
1258 7549 3
1258 7550 3
1258 7551 3
1258 7552 3
1258 7553 3
1258 7554 3
1262 1263 3
1262 7573 3
1262 7574 3
1262 7575 3
1262 7576 3
1262 7577 3
1262 7578 3
1266 1261 3
1266 7597 3
1266 7598 3
1266 7599 3
1266 7600 3
1266 7601 3
1266 7602 3
1270 1271 3
1270 7621 3
1270 7622 3
1270 7623 3
1270 7624 3
1270 7625 3
1270 7626 3
1274 1275 3
1274 7645 3
1274 7646 3
1274 7647 3
1274 7648 3
1274 7649 3
1274 7650 3
1278 1273 3
1278 7669 3
1278 7670 3
1278 7671 3
1278 7672 3
1278 7673 3
1278 7674 3
1282 1283 3
1282 7693 3
1282 7694 3
1282 7695 3
1282 7696 3
1282 7697 3
1282 7698 3
1286 1287 3
1286 7717 3
1286 7718 3
1286 7719 3
1286 7720 3
1286 7721 3
1286 7722 3
1290 1285 3
1290 7741 3
1290 7742 3
1290 7743 3
1290 7744 3
1290 7745 3
1290 7746 3
1294 1295 3
1294 7765 3
1294 7766 3
1294 7767 3
1294 7768 3
1294 7769 3
1294 7770 3
1298 1299 3
1298 7789 3
1298 7790 3
1298 7791 3
1298 7792 3
1298 7793 3
1298 7794 3
1302 1297 3
1302 7813 3
1302 7814 3
1302 7815 3
1302 7816 3
1302 7817 3
1302 7818 3
1306 1307 3
1306 7837 3
1306 7838 3
1306 7839 3
1306 7840 3
1306 7841 3
1306 7842 3
1310 1311 3
1310 7861 3
1310 7862 3
1310 7863 3
1310 7864 3
1310 7865 3
1310 7866 3
1314 1309 3
1314 7885 3
1314 7886 3
1314 7887 3
1314 7888 3
1314 7889 3
1314 7890 3
1318 1319 3
1318 7909 3
1318 7910 3
1318 7911 3
1318 7912 3
1318 7913 3
1318 7914 3
1322 1323 3
1322 7933 3
1322 7934 3
1322 7935 3
1322 7936 3
1322 7937 3
1322 7938 3
1326 1321 3
1326 7957 3
1326 7958 3
1326 7959 3
1326 7960 3
1326 7961 3
1326 7962 3
1330 1331 3
1330 7981 3
1330 7982 3
1330 7983 3
1330 7984 3
1330 7985 3
1330 7986 3
1334 1335 3
1334 8005 3
1334 8006 3
1334 8007 3
1334 8008 3
1334 8009 3
1334 8010 3
1338 1333 3
1338 8029 3
1338 8030 3
1338 8031 3
1338 8032 3
1338 8033 3
1338 8034 3
1342 1343 3
1342 8053 3
1342 8054 3
1342 8055 3
1342 8056 3
1342 8057 3
1342 8058 3
1346 1347 3
1346 8077 3
1346 8078 3
1346 8079 3
1346 8080 3
1346 8081 3
1346 8082 3
1350 1345 3
1350 8101 3
1350 8102 3
1350 8103 3
1350 8104 3
1350 8105 3
1350 8106 3
1354 1355 3
1354 8125 3
1354 8126 3
1354 8127 3
1354 8128 3
1354 8129 3
1354 8130 3
1358 1359 3
1358 8149 3
1358 8150 3
1358 8151 3
1358 8152 3
1358 8153 3
1358 8154 3
1362 1357 3
1362 8173 3
1362 8174 3
1362 8175 3
1362 8176 3
1362 8177 3
1362 8178 3
1366 1367 3
1366 8197 3
1366 8198 3
1366 8199 3
1366 8200 3
1366 8201 3
1366 8202 3
1370 1371 3
1370 8221 3
1370 8222 3
1370 8223 3
1370 8224 3
1370 8225 3
1370 8226 3
1374 1369 3
1374 8245 3
1374 8246 3
1374 8247 3
1374 8248 3
1374 8249 3
1374 8250 3
1378 1379 3
1378 8269 3
1378 8270 3
1378 8271 3
1378 8272 3
1378 8273 3
1378 8274 3
1382 1383 3
1382 8293 3
1382 8294 3
1382 8295 3
1382 8296 3
1382 8297 3
1382 8298 3
1386 1381 3
1386 8317 3
1386 8318 3
1386 8319 3
1386 8320 3
1386 8321 3
1386 8322 3
1390 1391 3
1390 8341 3
1390 8342 3
1390 8343 3
1390 8344 3
1390 8345 3
1390 8346 3
1394 1395 3
1394 8365 3
1394 8366 3
1394 8367 3
1394 8368 3
1394 8369 3
1394 8370 3
1398 1393 3
1398 8389 3
1398 8390 3
1398 8391 3
1398 8392 3
1398 8393 3
1398 8394 3
1402 1403 3
1402 8413 3
1402 8414 3
1402 8415 3
1402 8416 3
1402 8417 3
1402 8418 3
1406 1407 3
1406 8437 3
1406 8438 3
1406 8439 3
1406 8440 3
1406 8441 3
1406 8442 3
1410 1405 3
1410 8461 3
1410 8462 3
1410 8463 3
1410 8464 3
1410 8465 3
1410 8466 3
1414 1415 3
1414 8485 3
1414 8486 3
1414 8487 3
1414 8488 3
1414 8489 3
1414 8490 3
1418 1419 3
1418 8509 3
1418 8510 3
1418 8511 3
1418 8512 3
1418 8513 3
1418 8514 3
1422 1417 3
1422 8533 3
1422 8534 3
1422 8535 3
1422 8536 3
1422 8537 3
1422 8538 3
1426 1427 3
1426 8557 3
1426 8558 3
1426 8559 3
1426 8560 3
1426 8561 3
1426 8562 3
1430 1431 3
1430 8581 3
1430 8582 3
1430 8583 3
1430 8584 3
1430 8585 3
1430 8586 3
1434 1429 3
1434 8605 3
1434 8606 3
1434 8607 3
1434 8608 3
1434 8609 3
1434 8610 3
1438 1439 3
1438 8629 3
1438 8630 3
1438 8631 3
1438 8632 3
1438 8633 3
1438 8634 3
1442 1443 3
1442 8653 3
1442 8654 3
1442 8655 3
1442 8656 3
1442 8657 3
1442 8658 3
1446 1441 3
1446 8677 3
1446 8678 3
1446 8679 3
1446 8680 3
1446 8681 3
1446 8682 3
1450 1451 3
1450 8701 3
1450 8702 3
1450 8703 3
1450 8704 3
1450 8705 3
1450 8706 3
1454 1455 3
1454 8725 3
1454 8726 3
1454 8727 3
1454 8728 3
1454 8729 3
1454 8730 3
1458 1453 3
1458 8749 3
1458 8750 3
1458 8751 3
1458 8752 3
1458 8753 3
1458 8754 3
1462 1463 3
1462 8773 3
1462 8774 3
1462 8775 3
1462 8776 3
1462 8777 3
1462 8778 3
1466 1467 3
1466 8797 3
1466 8798 3
1466 8799 3
1466 8800 3
1466 8801 3
1466 8802 3
1470 1465 3
1470 8821 3
1470 8822 3
1470 8823 3
1470 8824 3
1470 8825 3
1470 8826 3
1474 1475 3
1474 8845 3
1474 8846 3
1474 8847 3
1474 8848 3
1474 8849 3
1474 8850 3
1478 1479 3
1478 8869 3
1478 8870 3
1478 8871 3
1478 8872 3
1478 8873 3
1478 8874 3
1482 1477 3
1482 8893 3
1482 8894 3
1482 8895 3
1482 8896 3
1482 8897 3
1482 8898 3
1486 1487 3
1486 8917 3
1486 8918 3
1486 8919 3
1486 8920 3
1486 8921 3
1486 8922 3
1490 1491 3
1490 8941 3
1490 8942 3
1490 8943 3
1490 8944 3
1490 8945 3
1490 8946 3
1494 1489 3
1494 8965 3
1494 8966 3
1494 8967 3
1494 8968 3
1494 8969 3
1494 8970 3
1498 1499 3
1498 8989 3
1498 8990 3
1498 8991 3
1498 8992 3
1498 8993 3
1498 8994 3
1502 1503 3
1502 9013 3
1502 9014 3
1502 9015 3
1502 9016 3
1502 9017 3
1502 9018 3
1506 1501 3
1506 9037 3
1506 9038 3
1506 9039 3
1506 9040 3
1506 9041 3
1506 9042 3
1510 1511 3
1510 9061 3
1510 9062 3
1510 9063 3
1510 9064 3
1510 9065 3
1510 9066 3
1514 1515 3
1514 9085 3
1514 9086 3
1514 9087 3
1514 9088 3
1514 9089 3
1514 9090 3
1518 1513 3
1518 9109 3
1518 9110 3
1518 9111 3
1518 9112 3
1518 9113 3
1518 9114 3
1522 1523 3
1522 9133 3
1522 9134 3
1522 9135 3
1522 9136 3
1522 9137 3
1522 9138 3
1526 1527 3
1526 9157 3
1526 9158 3
1526 9159 3
1526 9160 3
1526 9161 3
1526 9162 3
1530 1525 3
1530 9181 3
1530 9182 3
1530 9183 3
1530 9184 3
1530 9185 3
1530 9186 3
1534 1535 3
1534 9205 3
1534 9206 3
1534 9207 3
1534 9208 3
1534 9209 3
1534 9210 3
1538 1539 3
1538 9229 3
1538 9230 3
1538 9231 3
1538 9232 3
1538 9233 3
1538 9234 3
1542 1537 3
1542 9253 3
1542 9254 3
1542 9255 3
1542 9256 3
1542 9257 3
1542 9258 3
1546 1547 3
1546 9277 3
1546 9278 3
1546 9279 3
1546 9280 3
1546 9281 3
1546 9282 3
1550 1551 3
1550 9301 3
1550 9302 3
1550 9303 3
1550 9304 3
1550 9305 3
1550 9306 3
1554 1549 3
1554 9325 3
1554 9326 3
1554 9327 3
1554 9328 3
1554 9329 3
1554 9330 3
1558 1559 3
1562 1563 3
1566 1561 3
1570 1571 3
1574 1575 3
1578 1573 3
1582 1583 3
1586 1587 3
1590 1585 3
1594 1595 3
1598 1599 3
1602 1597 3
1606 1607 3
1610 1611 3
1614 1609 3
1618 1619 3
1622 1623 3
1626 1621 3
1630 1631 3
1634 1635 3
1638 1633 3
1642 1643 3
1646 1647 3
1650 1645 3
1654 1655 3
1658 1659 3
1662 1657 3
1666 1667 3
1670 1671 3
1674 1669 3
1678 1679 3
1682 1683 3
1686 1681 3
1690 1691 3
1694 1695 3
1698 1693 3
1702 1703 3
1706 1707 3
1710 1705 3
1714 1715 3
1718 1719 3
1722 1717 3
1726 1727 3
1730 1731 3
1734 1729 3
1738 1739 3
1742 1743 3
1746 1741 3
1750 1751 3
1754 1755 3
1758 1753 3
1762 1763 3
1766 1767 3
1770 1765 3
1774 1775 3
1778 1779 3
1782 1777 3
1786 1787 3
1790 1791 3
1794 1789 3
1798 1799 3
1802 1803 3
1806 1801 3
1810 1811 3
1814 1815 3
1818 1813 3
1822 1823 3
1826 1827 3
1830 1825 3
1834 1835 3
1838 1839 3
1842 1837 3
1846 1847 3
1850 1851 3
1854 1849 3
1858 1859 3
1862 1863 3
1866 1861 3
1870 1871 3
1874 1875 3
1878 1873 3
1882 1883 3
1886 1887 3
1890 1885 3
1894 1895 3
1898 1899 3
1902 1897 3
1906 1907 3
1910 1911 3
1914 1909 3
1918 1919 3
1922 1923 3
1926 1921 3
1930 1931 3
1934 1935 3
1938 1933 3
1942 1943 3
1946 1947 3
1950 1945 3
1954 1955 3
1958 1959 3
1962 1957 3
1966 1967 3
1970 1971 3
1974 1969 3
1978 1979 3
1982 1983 3
1986 1981 3
1990 1991 3
1994 1995 3
1998 1993 3
2002 2003 3
2006 2007 3
2010 2005 3
2014 2015 3
2018 2019 3
2022 2017 3
2026 2027 3
2030 2031 3
2034 2029 3
2038 2039 3
2042 2043 3
2046 2041 3
2050 2051 3
2054 2055 3
2058 2053 3
2062 2063 3
2066 2067 3
2070 2065 3
2074 2075 3
2078 2079 3
2082 2077 3
2086 2087 3
2090 2091 3
2094 2089 3
2098 2099 3
2102 2103 3
2106 2101 3
2110 2111 3
2114 2115 3
2118 2113 3
2122 2123 3
2126 2127 3
2130 2125 3
2134 2135 3
2138 2139 3
2142 2137 3
2146 2147 3
2150 2151 3
2154 2149 3
2158 2159 3
2162 2163 3
2166 2161 3
2170 2171 3
2174 2175 3
2178 2173 3
2182 2183 3
2186 2187 3
2190 2185 3
2194 2195 3
2198 2199 3
2202 2197 3
2206 2207 3
2210 2211 3
2214 2209 3
2218 2219 3
2222 2223 3
2226 2221 3
2230 2231 3
2234 2235 3
2238 2233 3
2242 2243 3
2246 2247 3
2250 2245 3
2254 2255 3
2258 2259 3
2262 2257 3
2266 2267 3
2270 2271 3
2274 2269 3
2278 2279 3
2282 2283 3
2286 2281 3
2290 2291 3
2294 2295 3
2298 2293 3
2302 2303 3
2306 2307 3
2310 2305 3
2314 2315 3
2318 2319 3
2322 2317 3
2326 2327 3
2330 2331 3
2334 2329 3
2338 2339 3
2342 2343 3
2346 2341 3
2350 2351 3
2354 2355 3
2358 2353 3
2362 2363 3
2366 2367 3
2370 2365 3
2374 2375 3
2378 2379 3
2382 2377 3
2386 2387 3
2390 2391 3
2394 2389 3
2398 2399 3
2402 2403 3
2406 2401 3
2410 2411 3
2414 2415 3
2418 2413 3
2422 2423 3
2426 2427 3
2430 2425 3
2434 2435 3
2438 2439 3
2442 2437 3
2446 2447 3
2450 2451 3
2454 2449 3
2458 2459 3
2462 2463 3
2466 2461 3
2470 2471 3
2474 2475 3
2478 2473 3
2482 2483 3
2486 2487 3
2490 2485 3
2494 2495 3
2498 2499 3
2502 2497 3
2506 2507 3
2510 2511 3
2514 2509 3
2518 2519 3
2522 2523 3
2526 2521 3
2530 2531 3
2534 2535 3
2538 2533 3
2542 2543 3
2546 2547 3
2550 2545 3
2554 2555 3
2558 2559 3
2562 2557 3
2566 2567 3
2570 2571 3
2574 2569 3
2578 2579 3
2582 2583 3
2586 2581 3
2590 2591 3
2594 2595 3
2598 2593 3
2602 2603 3
2606 2607 3
2610 2605 3
2614 2615 3
2618 2619 3
2622 2617 3
2626 2627 3
2630 2631 3
2634 2629 3
2638 2639 3
2642 2643 3
2646 2641 3
2650 2651 3
2654 2655 3
2658 2653 3
2662 2663 3
2666 2667 3
2670 2665 3
2674 2675 3
2678 2679 3
2682 2677 3
2686 2687 3
2690 2691 3
2694 2689 3
2698 2699 3
2702 2703 3
2706 2701 3
2710 2711 3
2714 2715 3
2718 2713 3
2722 2723 3
2726 2727 3
2730 2725 3
2734 2735 3
2738 2739 3
2742 2737 3
2746 2747 3
2750 2751 3
2754 2749 3
2758 2759 3
2762 2763 3
2766 2761 3
2770 2771 3
2774 2775 3
2778 2773 3
2782 2783 3
2786 2787 3
2790 2785 3
2794 2795 3
2798 2799 3
2802 2797 3
2806 2807 3
2810 2811 3
2814 2809 3
2818 2819 3
2822 2823 3
2826 2821 3
2830 2831 3
2834 2835 3
2838 2833 3
2842 2843 3
2846 2847 3
2850 2845 3
2854 2855 3
2858 2859 3
2862 2857 3
2866 2867 3
2870 2871 3
2874 2869 3
2878 2879 3
2882 2883 3
2886 2881 3
2890 2891 3
2894 2895 3
2898 2893 3
2902 2903 3
2906 2907 3
2910 2905 3
2914 2915 3
2918 2919 3
2922 2917 3
2926 2927 3
2930 2931 3
2934 2929 3
2938 2939 3
2942 2943 3
2946 2941 3
2950 2951 3
2954 2955 3
2958 2953 3
2962 2963 3
2966 2967 3
2970 2965 3
2974 2975 3
2978 2979 3
2982 2977 3
2986 2987 3
2990 2991 3
2994 2989 3
2998 2999 3
3002 3003 3
3006 3001 3
3010 3011 3
3014 3015 3
3018 3013 3
3022 3023 3
3026 3027 3
3030 3025 3
3034 3035 3
3038 3039 3
3042 3037 3
3046 3047 3
3050 3051 3
3054 3049 3
3058 3059 3
3062 3063 3
3066 3061 3
3070 3071 3
3074 3075 3
3078 3073 3
3082 3083 3
3086 3087 3
3090 3085 3
3094 3095 3
3098 3099 3
3102 3097 3
3106 3107 3
3110 3111 3
3114 3109 3
3118 3119 3
3122 3123 3
3126 3121 3
3130 3131 3
3134 3135 3
3138 3133 3
3142 3143 3
3146 3147 3
3150 3145 3
3154 3155 3
3158 3159 3
3162 3157 3
3166 3167 3
3170 3171 3
3174 3169 3
3178 3179 3
3182 3183 3
3186 3181 3
3190 3191 3
3194 3195 3
3198 3193 3
3202 3203 3
3206 3207 3
3210 3205 3
3214 3215 3
3218 3219 3
3222 3217 3
3226 3227 3
3230 3231 3
3234 3229 3
3238 3239 3
3242 3243 3
3246 3241 3
3250 3251 3
3254 3255 3
3258 3253 3
3262 3263 3
3266 3267 3
3270 3265 3
3274 3275 3
3278 3279 3
3282 3277 3
3286 3287 3
3290 3291 3
3294 3289 3
3298 3299 3
3302 3303 3
3306 3301 3
3310 3311 3
3314 3315 3
3318 3313 3
3322 3323 3
3326 3327 3
3330 3325 3
3334 3335 3
3338 3339 3
3342 3337 3
3346 3347 3
3350 3351 3
3354 3349 3
3358 3359 3
3362 3363 3
3366 3361 3
3370 3371 3
3374 3375 3
3378 3373 3
3382 3383 3
3386 3387 3
3390 3385 3
3394 3395 3
3398 3399 3
3402 3397 3
3406 3407 3
3410 3411 3
3414 3409 3
3418 3419 3
3422 3423 3
3426 3421 3
3430 3431 3
3434 3435 3
3438 3433 3
3442 3443 3
3446 3447 3
3450 3445 3
3454 3455 3
3458 3459 3
3462 3457 3
3466 3467 3
3470 3471 3
3474 3469 3
3478 3479 3
3482 3483 3
3486 3481 3
3490 3491 3
3494 3495 3
3498 3493 3
3502 3503 3
3506 3507 3
3510 3505 3
3514 3515 3
3518 3519 3
3522 3517 3
3526 3527 3
3530 3531 3
3534 3529 3
3538 3539 3
3542 3543 3
3546 3541 3
3550 3551 3
3554 3555 3
3558 3553 3
3562 3563 3
3566 3567 3
3570 3565 3
3574 3575 3
3578 3579 3
3582 3577 3
3586 3587 3
3590 3591 3
3594 3589 3
3598 3599 3
3602 3603 3
3606 3601 3
3610 3611 3
3614 3615 3
3618 3613 3
3622 3623 3
3626 3627 3
3630 3625 3
3634 3635 3
3638 3639 3
3642 3637 3
3646 3647 3
3650 3651 3
3654 3649 3
3658 3659 3
3662 3663 3
3666 3661 3
3670 3671 3
3674 3675 3
3678 3673 3
3682 3683 3
3686 3687 3
3690 3685 3
3694 3695 3
3698 3699 3
3702 3697 3
3706 3707 3
3710 3711 3
3714 3709 3
3718 3719 3
3722 3723 3
3726 3721 3
3730 3731 3
3734 3735 3
3738 3733 3
3742 3743 3
3746 3747 3
3750 3745 3
3754 3755 3
3758 3759 3
3762 3757 3
3766 3767 3
3770 3771 3
3774 3769 3
3778 3779 3
3782 3783 3
3786 3781 3
3790 3791 3
3794 3795 3
3798 3793 3
3802 3803 3
3806 3807 3
3810 3805 3
3814 3815 3
3818 3819 3
3822 3817 3
3826 3827 3
3830 3831 3
3834 3829 3
3838 3839 3
3842 3843 3
3846 3841 3
3850 3851 3
3854 3855 3
3858 3853 3
3862 3863 3
3866 3867 3
3870 3865 3
3874 3875 3
3878 3879 3
3882 3877 3
3886 3887 3
3890 3891 3
3894 3889 3
3898 3899 3
3902 3903 3
3906 3901 3
3910 3911 3
3914 3915 3
3918 3913 3
3922 3923 3
3926 3927 3
3930 3925 3
3934 3935 3
3938 3939 3
3942 3937 3
3946 3947 3
3950 3951 3
3954 3949 3
3958 3959 3
3962 3963 3
3966 3961 3
3970 3971 3
3974 3975 3
3978 3973 3
3982 3983 3
3986 3987 3
3990 3985 3
3994 3995 3
3998 3999 3
4002 3997 3
4006 4007 3
4010 4011 3
4014 4009 3
4018 4019 3
4022 4023 3
4026 4021 3
4030 4031 3
4034 4035 3
4038 4033 3
4042 4043 3
4046 4047 3
4050 4045 3
4054 4055 3
4058 4059 3
4062 4057 3
4066 4067 3
4070 4071 3
4074 4069 3
4078 4079 3
4082 4083 3
4086 4081 3
4090 4091 3
4094 4095 3
4098 4093 3
4102 4103 3
4106 4107 3
4110 4105 3
4114 4115 3
4118 4119 3
4122 4117 3
4126 4127 3
4130 4131 3
4134 4129 3
4138 4139 3
4142 4143 3
4146 4141 3
4150 4151 3
4154 4155 3
4158 4153 3
4162 4163 3
4166 4167 3
4170 4165 3
4174 4175 3
4178 4179 3
4182 4177 3
4186 4187 3
4190 4191 3
4194 4189 3
4198 4199 3
4202 4203 3
4206 4201 3
4210 4211 3
4214 4215 3
4218 4213 3
4222 4223 3
4226 4227 3
4230 4225 3
4234 4235 3
4238 4239 3
4242 4237 3
4246 4247 3
4250 4251 3
4254 4249 3
4258 4259 3
4262 4263 3
4266 4261 3
4270 4271 3
4274 4275 3
4278 4273 3
4282 4283 3
4286 4287 3
4290 4285 3
4294 4295 3
4298 4299 3
4302 4297 3
4306 4307 3
4310 4311 3
4314 4309 3
4318 4319 3
4322 4323 3
4326 4321 3
4330 4331 3
4334 4335 3
4338 4333 3
4342 4343 3
4346 4347 3
4350 4345 3
4354 4355 3
4358 4359 3
4362 4357 3
4366 4367 3
4370 4371 3
4374 4369 3
4378 4379 3
4382 4383 3
4386 4381 3
4390 4391 3
4394 4395 3
4398 4393 3
4402 4403 3
4406 4407 3
4410 4405 3
4414 4415 3
4418 4419 3
4422 4417 3
4426 4427 3
4430 4431 3
4434 4429 3
4438 4439 3
4442 4443 3
4446 4441 3
4450 4451 3
4454 4455 3
4458 4453 3
4462 4463 3
4466 4467 3
4470 4465 3
4474 4475 3
4478 4479 3
4482 4477 3
4486 4487 3
4490 4491 3
4494 4489 3
4498 4499 3
4502 4503 3
4506 4501 3
4510 4511 3
4514 4515 3
4518 4513 3
4522 4523 3
4526 4527 3
4530 4525 3
4534 4535 3
4538 4539 3
4542 4537 3
4546 4547 3
4550 4551 3
4554 4549 3
4558 4559 3
4562 4563 3
4566 4561 3
4570 4571 3
4574 4575 3
4578 4573 3
4582 4583 3
4586 4587 3
4590 4585 3
4594 4595 3
4598 4599 3
4602 4597 3
4606 4607 3
4610 4611 3
4614 4609 3
4618 4619 3
4622 4623 3
4626 4621 3
4630 4631 3
4634 4635 3
4638 4633 3
4642 4643 3
4646 4647 3
4650 4645 3
4654 4655 3
4658 4659 3
4662 4657 3
4666 4667 3
4670 4671 3
4674 4669 3
4678 4679 3
4682 4683 3
4686 4681 3
4690 4691 3
4694 4695 3
4698 4693 3
4702 4703 3
4706 4707 3
4710 4705 3
4714 4715 3
4718 4719 3
4722 4717 3
4726 4727 3
4730 4731 3
4734 4729 3
4738 4739 3
4742 4743 3
4746 4741 3
4750 4751 3
4754 4755 3
4758 4753 3
4762 4763 3
4766 4767 3
4770 4765 3
4774 4775 3
4778 4779 3
4782 4777 3
4786 4787 3
4790 4791 3
4794 4789 3
4798 4799 3
4802 4803 3
4806 4801 3
4810 4811 3
4814 4815 3
4818 4813 3
4822 4823 3
4826 4827 3
4830 4825 3
4834 4835 3
4838 4839 3
4842 4837 3
4846 4847 3
4850 4851 3
4854 4849 3
4858 4859 3
4862 4863 3
4866 4861 3
4870 4871 3
4874 4875 3
4878 4873 3
4882 4883 3
4886 4887 3
4890 4885 3
4894 4895 3
4898 4899 3
4902 4897 3
4906 4907 3
4910 4911 3
4914 4909 3
4918 4919 3
4922 4923 3
4926 4921 3
4930 4931 3
4934 4935 3
4938 4933 3
4942 4943 3
4946 4947 3
4950 4945 3
4954 4955 3
4958 4959 3
4962 4957 3
4966 4967 3
4970 4971 3
4974 4969 3
4978 4979 3
4982 4983 3
4986 4981 3
4990 4991 3
4994 4995 3
4998 4993 3
5002 5003 3
5006 5007 3
5010 5005 3
5014 5015 3
5018 5019 3
5022 5017 3
5026 5027 3
5030 5031 3
5034 5029 3
5038 5039 3
5042 5043 3
5046 5041 3
5050 5051 3
5054 5055 3
5058 5053 3
5062 5063 3
5066 5067 3
5070 5065 3
5074 5075 3
5078 5079 3
5082 5077 3
5086 5087 3
5090 5091 3
5094 5089 3
5098 5099 3
5102 5103 3
5106 5101 3
5110 5111 3
5114 5115 3
5118 5113 3
5122 5123 3
5126 5127 3
5130 5125 3
5134 5135 3
5138 5139 3
5142 5137 3
5146 5147 3
5150 5151 3
5154 5149 3
5158 5159 3
5162 5163 3
5166 5161 3
5170 5171 3
5174 5175 3
5178 5173 3
5182 5183 3
5186 5187 3
5190 5185 3
5194 5195 3
5198 5199 3
5202 5197 3
5206 5207 3
5210 5211 3
5214 5209 3
5218 5219 3
5222 5223 3
5226 5221 3
5230 5231 3
5234 5235 3
5238 5233 3
5242 5243 3
5246 5247 3
5250 5245 3
5254 5255 3
5258 5259 3
5262 5257 3
5266 5267 3
5270 5271 3
5274 5269 3
5278 5279 3
5282 5283 3
5286 5281 3
5290 5291 3
5294 5295 3
5298 5293 3
5302 5303 3
5306 5307 3
5310 5305 3
5314 5315 3
5318 5319 3
5322 5317 3
5326 5327 3
5330 5331 3
5334 5329 3
5338 5339 3
5342 5343 3
5346 5341 3
5350 5351 3
5354 5355 3
5358 5353 3
5362 5363 3
5366 5367 3
5370 5365 3
5374 5375 3
5378 5379 3
5382 5377 3
5386 5387 3
5390 5391 3
5394 5389 3
5398 5399 3
5402 5403 3
5406 5401 3
5410 5411 3
5414 5415 3
5418 5413 3
5422 5423 3
5426 5427 3
5430 5425 3
5434 5435 3
5438 5439 3
5442 5437 3
5446 5447 3
5450 5451 3
5454 5449 3
5458 5459 3
5462 5463 3
5466 5461 3
5470 5471 3
5474 5475 3
5478 5473 3
5482 5483 3
5486 5487 3
5490 5485 3
5494 5495 3
5498 5499 3
5502 5497 3
5506 5507 3
5510 5511 3
5514 5509 3
5518 5519 3
5522 5523 3
5526 5521 3
5530 5531 3
5534 5535 3
5538 5533 3
5542 5543 3
5546 5547 3
5550 5545 3
5554 5555 3
5558 5559 3
5562 5557 3
5566 5567 3
5570 5571 3
5574 5569 3
5578 5579 3
5582 5583 3
5586 5581 3
5590 5591 3
5594 5595 3
5598 5593 3
5602 5603 3
5606 5607 3
5610 5605 3
5614 5615 3
5618 5619 3
5622 5617 3
5626 5627 3
5630 5631 3
5634 5629 3
5638 5639 3
5642 5643 3
5646 5641 3
5650 5651 3
5654 5655 3
5658 5653 3
5662 5663 3
5666 5667 3
5670 5665 3
5674 5675 3
5678 5679 3
5682 5677 3
5686 5687 3
5690 5691 3
5694 5689 3
5698 5699 3
5702 5703 3
5706 5701 3
5710 5711 3
5714 5715 3
5718 5713 3
5722 5723 3
5726 5727 3
5730 5725 3
5734 5735 3
5738 5739 3
5742 5737 3
5746 5747 3
5750 5751 3
5754 5749 3
5758 5759 3
5762 5763 3
5766 5761 3
5770 5771 3
5774 5775 3
5778 5773 3
5782 5783 3
5786 5787 3
5790 5785 3
5794 5795 3
5798 5799 3
5802 5797 3
5806 5807 3
5810 5811 3
5814 5809 3
5818 5819 3
5822 5823 3
5826 5821 3
5830 5831 3
5834 5835 3
5838 5833 3
5842 5843 3
5846 5847 3
5850 5845 3
5854 5855 3
5858 5859 3
5862 5857 3
5866 5867 3
5870 5871 3
5874 5869 3
5878 5879 3
5882 5883 3
5886 5881 3
5890 5891 3
5894 5895 3
5898 5893 3
5902 5903 3
5906 5907 3
5910 5905 3
5914 5915 3
5918 5919 3
5922 5917 3
5926 5927 3
5930 5931 3
5934 5929 3
5938 5939 3
5942 5943 3
5946 5941 3
5950 5951 3
5954 5955 3
5958 5953 3
5962 5963 3
5966 5967 3
5970 5965 3
5974 5975 3
5978 5979 3
5982 5977 3
5986 5987 3
5990 5991 3
5994 5989 3
5998 5999 3
6002 6003 3
6006 6001 3
6010 6011 3
6014 6015 3
6018 6013 3
6022 6023 3
6026 6027 3
6030 6025 3
6034 6035 3
6038 6039 3
6042 6037 3
6046 6047 3
6050 6051 3
6054 6049 3
6058 6059 3
6062 6063 3
6066 6061 3
6070 6071 3
6074 6075 3
6078 6073 3
6082 6083 3
6086 6087 3
6090 6085 3
6094 6095 3
6098 6099 3
6102 6097 3
6106 6107 3
6110 6111 3
6114 6109 3
6118 6119 3
6122 6123 3
6126 6121 3
6130 6131 3
6134 6135 3
6138 6133 3
6142 6143 3
6146 6147 3
6150 6145 3
6154 6155 3
6158 6159 3
6162 6157 3
6166 6167 3
6170 6171 3
6174 6169 3
6178 6179 3
6182 6183 3
6186 6181 3
6190 6191 3
6194 6195 3
6198 6193 3
6202 6203 3
6206 6207 3
6210 6205 3
6214 6215 3
6218 6219 3
6222 6217 3
6226 6227 3
6230 6231 3
6234 6229 3
6238 6239 3
6242 6243 3
6246 6241 3
6250 6251 3
6254 6255 3
6258 6253 3
6262 6263 3
6266 6267 3
6270 6265 3
6274 6275 3
6278 6279 3
6282 6277 3
6286 6287 3
6290 6291 3
6294 6289 3
6298 6299 3
6302 6303 3
6306 6301 3
6310 6311 3
6314 6315 3
6318 6313 3
6322 6323 3
6326 6327 3
6330 6325 3
6334 6335 3
6338 6339 3
6342 6337 3
6346 6347 3
6350 6351 3
6354 6349 3
6358 6359 3
6362 6363 3
6366 6361 3
6370 6371 3
6374 6375 3
6378 6373 3
6382 6383 3
6386 6387 3
6390 6385 3
6394 6395 3
6398 6399 3
6402 6397 3
6406 6407 3
6410 6411 3
6414 6409 3
6418 6419 3
6422 6423 3
6426 6421 3
6430 6431 3
6434 6435 3
6438 6433 3
6442 6443 3
6446 6447 3
6450 6445 3
6454 6455 3
6458 6459 3
6462 6457 3
6466 6467 3
6470 6471 3
6474 6469 3
6478 6479 3
6482 6483 3
6486 6481 3
6490 6491 3
6494 6495 3
6498 6493 3
6502 6503 3
6506 6507 3
6510 6505 3
6514 6515 3
6518 6519 3
6522 6517 3
6526 6527 3
6530 6531 3
6534 6529 3
6538 6539 3
6542 6543 3
6546 6541 3
6550 6551 3
6554 6555 3
6558 6553 3
6562 6563 3
6566 6567 3
6570 6565 3
6574 6575 3
6578 6579 3
6582 6577 3
6586 6587 3
6590 6591 3
6594 6589 3
6598 6599 3
6602 6603 3
6606 6601 3
6610 6611 3
6614 6615 3
6618 6613 3
6622 6623 3
6626 6627 3
6630 6625 3
6634 6635 3
6638 6639 3
6642 6637 3
6646 6647 3
6650 6651 3
6654 6649 3
6658 6659 3
6662 6663 3
6666 6661 3
6670 6671 3
6674 6675 3
6678 6673 3
6682 6683 3
6686 6687 3
6690 6685 3
6694 6695 3
6698 6699 3
6702 6697 3
6706 6707 3
6710 6711 3
6714 6709 3
6718 6719 3
6722 6723 3
6726 6721 3
6730 6731 3
6734 6735 3
6738 6733 3
6742 6743 3
6746 6747 3
6750 6745 3
6754 6755 3
6758 6759 3
6762 6757 3
6766 6767 3
6770 6771 3
6774 6769 3
6778 6779 3
6782 6783 3
6786 6781 3
6790 6791 3
6794 6795 3
6798 6793 3
6802 6803 3
6806 6807 3
6810 6805 3
6814 6815 3
6818 6819 3
6822 6817 3
6826 6827 3
6830 6831 3
6834 6829 3
6838 6839 3
6842 6843 3
6846 6841 3
6850 6851 3
6854 6855 3
6858 6853 3
6862 6863 3
6866 6867 3
6870 6865 3
6874 6875 3
6878 6879 3
6882 6877 3
6886 6887 3
6890 6891 3
6894 6889 3
6898 6899 3
6902 6903 3
6906 6901 3
6910 6911 3
6914 6915 3
6918 6913 3
6922 6923 3
6926 6927 3
6930 6925 3
6934 6935 3
6938 6939 3
6942 6937 3
6946 6947 3
6950 6951 3
6954 6949 3
6958 6959 3
6962 6963 3
6966 6961 3
6970 6971 3
6974 6975 3
6978 6973 3
6982 6983 3
6986 6987 3
6990 6985 3
6994 6995 3
6998 6999 3
7002 6997 3
7006 7007 3
7010 7011 3
7014 7009 3
7018 7019 3
7022 7023 3
7026 7021 3
7030 7031 3
7034 7035 3
7038 7033 3
7042 7043 3
7046 7047 3
7050 7045 3
7054 7055 3
7058 7059 3
7062 7057 3
7066 7067 3
7070 7071 3
7074 7069 3
7078 7079 3
7082 7083 3
7086 7081 3
7090 7091 3
7094 7095 3
7098 7093 3
7102 7103 3
7106 7107 3
7110 7105 3
7114 7115 3
7118 7119 3
7122 7117 3
7126 7127 3
7130 7131 3
7134 7129 3
7138 7139 3
7142 7143 3
7146 7141 3
7150 7151 3
7154 7155 3
7158 7153 3
7162 7163 3
7166 7167 3
7170 7165 3
7174 7175 3
7178 7179 3
7182 7177 3
7186 7187 3
7190 7191 3
7194 7189 3
7198 7199 3
7202 7203 3
7206 7201 3
7210 7211 3
7214 7215 3
7218 7213 3
7222 7223 3
7226 7227 3
7230 7225 3
7234 7235 3
7238 7239 3
7242 7237 3
7246 7247 3
7250 7251 3
7254 7249 3
7258 7259 3
7262 7263 3
7266 7261 3
7270 7271 3
7274 7275 3
7278 7273 3
7282 7283 3
7286 7287 3
7290 7285 3
7294 7295 3
7298 7299 3
7302 7297 3
7306 7307 3
7310 7311 3
7314 7309 3
7318 7319 3
7322 7323 3
7326 7321 3
7330 7331 3
7334 7335 3
7338 7333 3
7342 7343 3
7346 7347 3
7350 7345 3
7354 7355 3
7358 7359 3
7362 7357 3
7366 7367 3
7370 7371 3
7374 7369 3
7378 7379 3
7382 7383 3
7386 7381 3
7390 7391 3
7394 7395 3
7398 7393 3
7402 7403 3
7406 7407 3
7410 7405 3
7414 7415 3
7418 7419 3
7422 7417 3
7426 7427 3
7430 7431 3
7434 7429 3
7438 7439 3
7442 7443 3
7446 7441 3
7450 7451 3
7454 7455 3
7458 7453 3
7462 7463 3
7466 7467 3
7470 7465 3
7474 7475 3
7478 7479 3
7482 7477 3
7486 7487 3
7490 7491 3
7494 7489 3
7498 7499 3
7502 7503 3
7506 7501 3
7510 7511 3
7514 7515 3
7518 7513 3
7522 7523 3
7526 7527 3
7530 7525 3
7534 7535 3
7538 7539 3
7542 7537 3
7546 7547 3
7550 7551 3
7554 7549 3
7558 7559 3
7562 7563 3
7566 7561 3
7570 7571 3
7574 7575 3
7578 7573 3
7582 7583 3
7586 7587 3
7590 7585 3
7594 7595 3
7598 7599 3
7602 7597 3
7606 7607 3
7610 7611 3
7614 7609 3
7618 7619 3
7622 7623 3
7626 7621 3
7630 7631 3
7634 7635 3
7638 7633 3
7642 7643 3
7646 7647 3
7650 7645 3
7654 7655 3
7658 7659 3
7662 7657 3
7666 7667 3
7670 7671 3
7674 7669 3
7678 7679 3
7682 7683 3
7686 7681 3
7690 7691 3
7694 7695 3
7698 7693 3
7702 7703 3
7706 7707 3
7710 7705 3
7714 7715 3
7718 7719 3
7722 7717 3
7726 7727 3
7730 7731 3
7734 7729 3
7738 7739 3
7742 7743 3
7746 7741 3
7750 7751 3
7754 7755 3
7758 7753 3
7762 7763 3
7766 7767 3
7770 7765 3
7774 7775 3
7778 7779 3
7782 7777 3
7786 7787 3
7790 7791 3
7794 7789 3
7798 7799 3
7802 7803 3
7806 7801 3
7810 7811 3
7814 7815 3
7818 7813 3
7822 7823 3
7826 7827 3
7830 7825 3
7834 7835 3
7838 7839 3
7842 7837 3
7846 7847 3
7850 7851 3
7854 7849 3
7858 7859 3
7862 7863 3
7866 7861 3
7870 7871 3
7874 7875 3
7878 7873 3
7882 7883 3
7886 7887 3
7890 7885 3
7894 7895 3
7898 7899 3
7902 7897 3
7906 7907 3
7910 7911 3
7914 7909 3
7918 7919 3
7922 7923 3
7926 7921 3
7930 7931 3
7934 7935 3
7938 7933 3
7942 7943 3
7946 7947 3
7950 7945 3
7954 7955 3
7958 7959 3
7962 7957 3
7966 7967 3
7970 7971 3
7974 7969 3
7978 7979 3
7982 7983 3
7986 7981 3
7990 7991 3
7994 7995 3
7998 7993 3
8002 8003 3
8006 8007 3
8010 8005 3
8014 8015 3
8018 8019 3
8022 8017 3
8026 8027 3
8030 8031 3
8034 8029 3
8038 8039 3
8042 8043 3
8046 8041 3
8050 8051 3
8054 8055 3
8058 8053 3
8062 8063 3
8066 8067 3
8070 8065 3
8074 8075 3
8078 8079 3
8082 8077 3
8086 8087 3
8090 8091 3
8094 8089 3
8098 8099 3
8102 8103 3
8106 8101 3
8110 8111 3
8114 8115 3
8118 8113 3
8122 8123 3
8126 8127 3
8130 8125 3
8134 8135 3
8138 8139 3
8142 8137 3
8146 8147 3
8150 8151 3
8154 8149 3
8158 8159 3
8162 8163 3
8166 8161 3
8170 8171 3
8174 8175 3
8178 8173 3
8182 8183 3
8186 8187 3
8190 8185 3
8194 8195 3
8198 8199 3
8202 8197 3
8206 8207 3
8210 8211 3
8214 8209 3
8218 8219 3
8222 8223 3
8226 8221 3
8230 8231 3
8234 8235 3
8238 8233 3
8242 8243 3
8246 8247 3
8250 8245 3
8254 8255 3
8258 8259 3
8262 8257 3
8266 8267 3
8270 8271 3
8274 8269 3
8278 8279 3
8282 8283 3
8286 8281 3
8290 8291 3
8294 8295 3
8298 8293 3
8302 8303 3
8306 8307 3
8310 8305 3
8314 8315 3
8318 8319 3
8322 8317 3
8326 8327 3
8330 8331 3
8334 8329 3
8338 8339 3
8342 8343 3
8346 8341 3
8350 8351 3
8354 8355 3
8358 8353 3
8362 8363 3
8366 8367 3
8370 8365 3
8374 8375 3
8378 8379 3
8382 8377 3
8386 8387 3
8390 8391 3
8394 8389 3
8398 8399 3
8402 8403 3
8406 8401 3
8410 8411 3
8414 8415 3
8418 8413 3
8422 8423 3
8426 8427 3
8430 8425 3
8434 8435 3
8438 8439 3
8442 8437 3
8446 8447 3
8450 8451 3
8454 8449 3
8458 8459 3
8462 8463 3
8466 8461 3
8470 8471 3
8474 8475 3
8478 8473 3
8482 8483 3
8486 8487 3
8490 8485 3
8494 8495 3
8498 8499 3
8502 8497 3
8506 8507 3
8510 8511 3
8514 8509 3
8518 8519 3
8522 8523 3
8526 8521 3
8530 8531 3
8534 8535 3
8538 8533 3
8542 8543 3
8546 8547 3
8550 8545 3
8554 8555 3
8558 8559 3
8562 8557 3
8566 8567 3
8570 8571 3
8574 8569 3
8578 8579 3
8582 8583 3
8586 8581 3
8590 8591 3
8594 8595 3
8598 8593 3
8602 8603 3
8606 8607 3
8610 8605 3
8614 8615 3
8618 8619 3
8622 8617 3
8626 8627 3
8630 8631 3
8634 8629 3
8638 8639 3
8642 8643 3
8646 8641 3
8650 8651 3
8654 8655 3
8658 8653 3
8662 8663 3
8666 8667 3
8670 8665 3
8674 8675 3
8678 8679 3
8682 8677 3
8686 8687 3
8690 8691 3
8694 8689 3
8698 8699 3
8702 8703 3
8706 8701 3
8710 8711 3
8714 8715 3
8718 8713 3
8722 8723 3
8726 8727 3
8730 8725 3
8734 8735 3
8738 8739 3
8742 8737 3
8746 8747 3
8750 8751 3
8754 8749 3
8758 8759 3
8762 8763 3
8766 8761 3
8770 8771 3
8774 8775 3
8778 8773 3
8782 8783 3
8786 8787 3
8790 8785 3
8794 8795 3
8798 8799 3
8802 8797 3
8806 8807 3
8810 8811 3
8814 8809 3
8818 8819 3
8822 8823 3
8826 8821 3
8830 8831 3
8834 8835 3
8838 8833 3
8842 8843 3
8846 8847 3
8850 8845 3
8854 8855 3
8858 8859 3
8862 8857 3
8866 8867 3
8870 8871 3
8874 8869 3
8878 8879 3
8882 8883 3
8886 8881 3
8890 8891 3
8894 8895 3
8898 8893 3
8902 8903 3
8906 8907 3
8910 8905 3
8914 8915 3
8918 8919 3
8922 8917 3
8926 8927 3
8930 8931 3
8934 8929 3
8938 8939 3
8942 8943 3
8946 8941 3
8950 8951 3
8954 8955 3
8958 8953 3
8962 8963 3
8966 8967 3
8970 8965 3
8974 8975 3
8978 8979 3
8982 8977 3
8986 8987 3
8990 8991 3
8994 8989 3
8998 8999 3
9002 9003 3
9006 9001 3
9010 9011 3
9014 9015 3
9018 9013 3
9022 9023 3
9026 9027 3
9030 9025 3
9034 9035 3
9038 9039 3
9042 9037 3
9046 9047 3
9050 9051 3
9054 9049 3
9058 9059 3
9062 9063 3
9066 9061 3
9070 9071 3
9074 9075 3
9078 9073 3
9082 9083 3
9086 9087 3
9090 9085 3
9094 9095 3
9098 9099 3
9102 9097 3
9106 9107 3
9110 9111 3
9114 9109 3
9118 9119 3
9122 9123 3
9126 9121 3
9130 9131 3
9134 9135 3
9138 9133 3
9142 9143 3
9146 9147 3
9150 9145 3
9154 9155 3
9158 9159 3
9162 9157 3
9166 9167 3
9170 9171 3
9174 9169 3
9178 9179 3
9182 9183 3
9186 9181 3
9190 9191 3
9194 9195 3
9198 9193 3
9202 9203 3
9206 9207 3
9210 9205 3
9214 9215 3
9218 9219 3
9222 9217 3
9226 9227 3
9230 9231 3
9234 9229 3
9238 9239 3
9242 9243 3
9246 9241 3
9250 9251 3
9254 9255 3
9258 9253 3
9262 9263 3
9266 9267 3
9270 9265 3
9274 9275 3
9278 9279 3
9282 9277 3
9286 9287 3
9290 9291 3
9294 9289 3
9298 9299 3
9302 9303 3
9306 9301 3
9310 9311 3
9314 9315 3
9318 9313 3
9322 9323 3
9326 9327 3
9330 9325 3
