0|1231|511|
0|1451|164|
0|1677|895|
0|1729|1770|
0|1762|444|
0|1827|364|
0|1954|2094|
1000|1054|1038|
1000|1432|1382|
1000|1458|1404|
1000|1969|2133|
100|1013|133|
100|1061|1949|
1001|1048|1511|
1001|1232|1256|
100|1137|1294|
1001|1597|1956|
1001|1614|1556|
100|1464|2401|
100|1521|702|
1002|1729|142|
1002|1801|1740|
1002|1934|1430|
1003|1018|1129|
1003|1391|2330|
1003|1531|2269|
1003|1670|676|
1003|1706|2498|
1003|1862|724|
1004|1056|95|
1004|1418|254|
1004|1566|1563|
1004|1661|1902|
1004|1856|608|
1004|1896|2429|
1004|1957|1612|
1005|1722|2351|
1005|1931|399|
1006|1587|202|
1006|1593|899|
1006|1629|2398|
1007|1031|1840|
1007|1376|1952|
1007|1759|2230|
1007|1922|2187|
1007|1975|1581|
1008|1571|1809|
1008|1752|1480|
1010|1420|1414|
1010|1475|1458|
1010|1887|344|
1011|1008|1139|
1011|1008|1879|
1011|1188|2081|
1011|1809|449|
101|1590|743|
1012|1034|2365|
1012|1530|1222|
1012|1840|1396|
1012|1866|2159|
10|1279|1033|
1013|1623|463|
1013|1976|170|
1014|1291|443|
1015|1321|2093|
1015|1356|2051|
1015|1543|1850|
1016|1223|345|
10|1665|1464|
1017|1073|1627|
1017|1125|716|
1017|1780|811|
1017|1934|2466|
1018|1941|1337|
1019|1180|2410|
1019|1574|625|
1019|1598|2244|
10|1927|1705|
10|1945|1332|
10|1966|2452|
1020|1194|1421|
1020|1994|308|
102|1080|340|
102|1116|1690|
1021|1311|1236|
1021|1593|1942|
102|1850|2358|
1022|1133|106|
1022|1147|784|
1022|1586|1811|
1022|1594|2160|
1022|1896|1103|
1022|1952|1324|
1023|1446|2380|
1023|1536|1581|
1023|1687|1076|
1024|1082|1996|
1024|1216|2041|
1024|1559|2028|
1024|1633|666|
1025|1159|1977|
1025|1485|17|
1025|1582|701|
1025|1703|1573|
1025|1844|1616|
1026|1103|1617|
1026|1165|308|
1026|1212|312|
1026|1379|694|
1026|1843|535|
1026|1956|646|
1027|1194|2335|
1027|1346|556|
1029|1119|1381|
1029|1360|1459|
1029|1480|1022|
1029|1691|1600|
1029|1930|1600|
1029|1946|152|
1030|1092|440|
1030|1291|1052|
1030|1563|389|
103|1241|1287|
103|1715|2228|
1032|1078|1273|
1032|1416|1574|
1032|1481|2037|
1032|1575|966|
1032|1621|1838|
1032|1760|1850|
1033|1194|1411|
1033|1303|1669|
1033|1355|1057|
1034|1479|2054|
1035|1063|2012|
1035|1075|790|
1035|1116|1117|
1035|1417|21|
1035|1824|2400|
1035|1852|1893|
1035|1899|377|
1036|1879|1636|
1037|1383|1270|
1038|1546|1763|
1038|1662|810|
1038|1905|872|
1039|1135|406|
1040|1411|234|
1040|1615|851|
1041|1055|1336|
104|1871|1151|
1042|1050|69|
1042|1238|1873|
1042|1330|1819|
1042|1576|117|
1042|1658|634|
1042|1854|2183|
1042|1878|1620|
1043|1471|709|
1043|1664|262|
1043|1731|154|
1043|1970|422|
1044|1474|2145|
1044|1505|303|
1044|1616|1421|
1044|1616|406|
1045|1376|197|
1045|1511|735|
1046|1119|415|
1047|1058|2197|
1047|1159|1196|
1047|1184|1508|
1047|1503|1357|
1047|1556|1243|
1047|1808|793|
1048|1012|364|
1048|1202|163|
1048|1627|1393|
1048|1638|2307|
1048|1907|1556|
1049|1009|1364|
1049|1043|772|
1049|1409|1421|
1049|1506|324|
1049|1745|430|
1049|1846|454|
1049|1949|1359|
1049|1987|1018|
1050|1214|1397|
1050|1693|2276|
1050|1769|2130|
1050|1942|2214|
1051|1642|1927|
1051|1683|543|
105|1425|1332|
105|1677|1541|
105|1822|1927|
1052|1286|1513|
1052|1348|1003|
1052|1836|1561|
1052|1875|2168|
1053|1584|843|
1053|1946|2127|
1054|1078|456|
1054|1125|851|
1055|1013|745|
1055|1103|1721|
1055|1225|1448|
1055|1473|1537|
1055|1544|1300|
1056|1131|2280|
1056|1160|489|
1056|1767|823|
1056|1821|976|
1056|1841|431|
1057|1060|1666|
1057|1480|1077|
1057|1540|1747|
1058|1100|356|
1058|1703|190|
1060|1344|743|
1060|1483|677|
1060|1493|767|
1061|1461|76|
1061|1952|183|
106|1674|504|
106|1733|2469|
106|1769|677|
106|1968|1568|
1062|1348|697|
1062|1652|1645|
1062|1763|2244|
1063|1125|1915|
1063|1486|578|
1063|1740|541|
1064|1330|2278|
1064|1358|687|
1064|1543|1496|
1064|1771|2147|
1065|1884|2477|
1065|1972|352|
1066|1408|1467|
1066|1899|157|
1067|1069|2095|
1067|1379|1721|
1067|1706|589|
1068|1485|2143|
1068|1493|1878|
1068|1589|2190|
1069|1716|906|
1069|1732|1356|
1069|1803|1669|
1070|1175|1194|
1070|1237|2032|
1070|1707|1120|
1070|1827|52|
1071|1811|1982|
107|1187|2442|
1071|1901|1610|
107|1375|2323|
107|1679|323|
107|1749|892|
1072|1680|2125|
1072|1889|2321|
1073|1615|2374|
1074|1192|1966|
1074|1356|188|
1075|1167|468|
1076|1281|2465|
1076|1366|1060|
1077|1270|1179|
1077|1399|1629|
1077|1473|931|
1077|1479|715|
1078|1563|315|
1078|1583|1350|
1079|1107|843|
1079|1344|370|
1080|1620|1268|
1080|1692|1625|
1080|1978|2100|
108|1635|2408|
1082|1376|1646|
1083|1482|607|
1083|1895|582|
1083|1996|1966|
1084|1374|1423|
1084|1618|1445|
1085|1038|941|
1085|1375|1544|
1085|1555|347|
1085|1684|1057|
1085|1736|2267|
1086|1432|1076|
1086|1433|2282|
1087|1026|45|
1088|1141|417|
1089|1127|795|
1089|1303|716|
1089|1547|1318|
1090|1246|1119|
1091|1037|2012|
1091|1418|254|
1091|1520|1103|
109|1175|1159|
1091|1954|36|
109|1498|2349|
109|1831|2342|
109|1965|1291|
1092|1004|780|
1092|1155|2151|
1092|1871|2177|
1093|1117|2099|
1093|1984|1126|
1094|1393|1462|
1095|1311|2346|
1095|1545|1008|
1095|1654|2357|
1096|1241|804|
1096|1537|528|
1096|1695|640|
1096|1791|2237|
1096|1915|247|
1097|1287|1295|
1097|1839|723|
1097|1874|263|
1097|1892|1434|
1097|1900|572|
1098|1310|755|
1098|1620|1418|
1098|1643|994|
1098|1668|1281|
1099|1664|588|
1099|1836|303|
1100|1538|869|
1100|1568|2292|
1100|1735|1694|
1101|1308|789|
110|1167|1884|
1101|1937|972|
1102|1424|2033|
1103|1160|2168|
1103|1551|708|
1104|1217|2354|
1104|1453|859|
1104|1483|1333|
1104|1584|1259|
1104|1640|1783|
1104|1878|1363|
1105|1380|1577|
1105|1642|929|
1105|1838|2295|
1105|1851|1705|
1106|1173|2185|
1106|1738|2424|
1107|1063|2467|
1107|1539|1198|
1107|1628|1562|
1108|1074|1679|
1108|1227|386|
1108|1454|1566|
1108|1652|1244|
1108|1781|199|
1108|1930|832|
1109|1146|1985|
1109|1158|2302|
1|1094|1898|
1110|1306|849|
1110|1319|2411|
1110|1941|496|
111|1013|2480|
1111|1291|2421|
111|1535|286|
111|1585|1119|
111|1831|1980|
111|1910|1969|
1112|1097|2004|
1112|1127|5|
1112|1795|1529|
1112|1829|1019|
1112|1871|2447|
1112|1903|544|
1113|1048|1080|
1113|1473|751|
1114|1432|2096|
1114|1705|2105|
1114|1897|1975|
1114|1903|2434|
11|1454|469|
1115|1602|283|
1115|1799|835|
1116|1263|1632|
1116|1497|1322|
1117|1239|2147|
1117|1284|876|
1117|1583|1215|
11|1786|603|
11|1787|2020|
1118|1056|1042|
1118|1342|865|
1118|1646|920|
1119|1101|1713|
1119|1535|540|
1119|1681|839|
1119|1951|2016|
112|1086|2451|
1121|1938|1658|
112|1286|300|
112|1787|1096|
1122|1223|1230|
1122|1281|2434|
1122|1556|2345|
1122|1917|1714|
1123|1457|2379|
1123|1622|446|
1123|1806|1126|
1124|1172|462|
1124|1751|2449|
1124|1926|1052|
1125|1155|1016|
1125|1345|1474|
1125|1747|1383|
1126|1488|49|
1126|1571|34|
1127|1353|1270|
1127|1642|493|
1127|1859|720|
1128|1550|1885|
1128|1943|810|
1128|1961|917|
1129|1028|901|
1129|1353|964|
1129|1485|1341|
1129|1591|850|
1129|1743|692|
1129|1761|136|
1130|1191|2426|
1130|1198|1893|
1130|1229|1754|
1130|1429|892|
1130|1449|1078|
1130|1610|777|
1130|1733|2107|
1131|1188|552|
1131|1508|2331|
1131|1547|1343|
1131|1662|853|
1131|1668|1466|
113|1647|1586|
1132|1086|1356|
1132|1531|13|
1132|1760|1234|
1132|1781|1121|
1132|1830|1189|
1133|1006|1466|
1133|1191|1753|
1134|1833|765|
1135|1791|681|
1135|1809|1853|
1136|1118|1862|
1136|1205|1754|
1136|1302|1526|
1136|1610|50|
1137|1024|1278|
1137|1106|1988|
1137|1200|991|
1137|1565|1858|
1|1379|1764|
1138|1056|1924|
1139|1498|1663|
1140|1115|1339|
1140|1617|824|
1140|1675|983|
1140|1822|1978|
1140|1824|831|
114|1211|1556|
114|1730|2205|
1142|1649|1776|
1142|1937|946|
1143|1649|85|
1144|1358|150|
1144|1415|66|
1144|1426|43|
1144|1860|1703|
1145|1288|1752|
1145|1582|1786|
1145|1733|864|
1145|1859|475|
1146|1503|778|
1146|1662|1122|
1146|1878|448|
1147|1307|14|
1148|1056|1601|
1148|1064|773|
1148|1282|2153|
1148|1309|49|
1148|1816|353|
1148|1824|875|
1148|1952|1858|
1149|1478|401|
1149|1494|885|
1149|1831|1897|
1150|1552|1288|
1150|1596|485|
1150|1625|1339|
1150|1737|1050|
1151|1039|1414|
1151|1497|496|
1151|1842|1865|
1151|1947|1860|
115|1246|81|
1152|1021|2312|
1152|1080|724|
1152|1534|76|
1152|1952|1132|
1153|1057|2317|
1153|1681|1699|
1154|1053|1559|
1154|1518|2123|
1154|1978|2059|
1155|1337|1862|
1155|1440|529|
1156|1065|396|
1157|1226|1332|
1157|1353|665|
1157|1956|1970|
1158|1005|239|
1158|1365|360|
1158|1585|228|
1158|1822|1344|
1159|1103|1231|
1159|1248|1054|
1159|1292|1196|
1159|1568|1930|
1160|1068|1523|
1160|1249|1832|
1160|1537|2458|
1160|1757|1400|
1161|1316|175|
116|1143|2269|
1161|1460|1895|
1161|1625|350|
1161|1816|2033|
116|1590|617|
116|1704|1738|
1162|1705|953|
1163|1253|1764|
1163|1384|2371|
1163|1484|710|
1164|1118|2233|
1164|1898|1714|
1164|1933|1845|
1165|1486|2265|
1165|1679|1085|
1165|1775|2486|
1165|1963|1004|
1166|1063|24|
1166|1417|984|
1167|1339|1685|
1167|1360|2069|
1167|1405|218|
1167|1760|2414|
1167|1891|1964|
1167|1982|1471|
1167|1989|989|
1168|1183|520|
1168|1304|515|
1168|1562|392|
1168|1570|1157|
1168|1650|311|
1168|1690|2373|
1168|1720|766|
1169|1008|1475|
1169|1152|1349|
1169|1668|1946|
1169|1749|2490|
1170|1860|1305|
1170|1996|402|
1171|1024|2310|
1171|1054|1565|
1171|1923|2451|
117|1586|1399|
1172|1053|1577|
1172|1186|456|
1172|1302|1359|
1172|1350|749|
1172|1501|5|
1172|1591|2154|
1173|1980|2083|
1174|1016|343|
1174|1271|1463|
1174|1919|174|
1175|1098|1311|
1175|1224|590|
1175|1276|1625|
1175|1449|2065|
1175|1523|2332|
1175|1754|2039|
1176|1599|867|
1177|1818|565|
1178|1361|736|
1178|1467|52|
1178|1592|984|
1178|1731|1535|
1179|1279|1607|
1179|1609|1088|
1|1797|1444|
1180|1003|1945|
1181|1053|1647|
1181|1090|2282|
1181|1381|866|
1181|1432|1792|
1181|1922|2357|
118|1303|1492|
118|1909|2042|
1182|1134|625|
1182|1540|666|
1182|1561|2451|
1183|1930|1984|
1184|1136|1902|
1184|1557|1555|
1184|1720|1104|
1184|1907|1682|
1185|1074|1953|
1185|1253|1885|
1185|1867|1015|
1185|1969|1712|
1186|1383|1621|
1186|1716|1352|
1186|1797|1423|
1187|1168|1643|
1187|1209|1716|
1187|1788|619|
1187|1810|797|
1188|1158|1471|
1188|1896|1628|
1189|1308|1437|
1189|1639|641|
1190|1267|1517|
1190|1958|164|
1191|1080|101|
1191|1107|1762|
1191|1401|2313|
119|1357|997|
119|1934|494|
1192|1894|514|
1193|1200|2354|
1193|1291|1036|
1193|1318|1568|
1193|1771|1401|
1193|1957|2034|
1194|1125|2370|
1194|1706|853|
1195|1388|259|
1195|1688|1060|
1196|1576|2307|
1196|1600|725|
1196|1886|2361|
1197|1677|2245|
1197|1986|465|
1198|1141|2098|
1198|1348|1960|
1198|1363|2378|
1199|1011|2289|
1200|1006|930|
1200|1309|1768|
1201|1590|2435|
1201|1923|906|
120|1463|435|
1202|1456|2118|
1202|1557|760|
1202|1675|870|
1203|1145|2098|
1203|1496|1561|
1205|1856|2356|
1205|1898|2194|
1206|1001|292|
1207|1420|1497|
1207|1563|291|
1207|1856|461|
1208|1131|2294|
1208|1336|2450|
1208|1489|30|
1208|1534|1078|
1209|1036|675|
1209|1103|722|
1209|1742|1454|
1210|1761|1973|
1210|1810|56|
121|1004|1614|
1211|1267|1238|
1211|1528|1121|
1211|1948|1673|
121|1314|1877|
121|1458|137|
1212|1196|1872|
1212|1355|1396|
1213|1117|728|
1213|1155|1248|
1213|1449|516|
1214|1015|86|
1214|1118|2038|
1214|1377|253|
1214|1764|2313|
1214|1836|757|
1215|1319|1964|
1215|1615|885|
1215|1828|1088|
1215|1933|1987|
1216|1006|2188|
1216|1129|1721|
1216|1163|513|
1216|1325|1732|
1216|1513|2011|
1216|1635|135|
1216|1947|1330|
1217|1086|335|
1217|1709|1279|
1217|1923|2430|
1218|1017|750|
1218|1251|1482|
1218|1401|2000|
1218|1742|1470|
1219|1409|560|
12|1978|2451|
1220|1026|371|
1221|1505|2362|
122|1546|1502|
122|1795|2190|
122|1990|2418|
1222|1293|1079|
1222|1532|1491|
1222|1672|1135|
1222|1965|1629|
1223|1461|381|
1223|1883|1242|
1223|1953|1934|
1224|1652|2325|
1224|1974|2201|
1225|1440|2053|
1225|1789|974|
1225|1975|1866|
1226|1056|1244|
1226|1304|1377|
1226|1321|1954|
1226|1323|2420|
1226|1795|808|
1227|1412|458|
1227|1700|1310|
1228|1474|622|
1228|1711|287|
1228|1785|732|
1228|1785|771|
1228|1805|2089|
1228|1890|281|
1229|1508|1780|
1229|1816|1393|
1229|1889|741|
1230|1136|2456|
1230|1467|650|
1230|1559|291|
1231|1231|316|
123|1337|1754|
123|1786|604|
123|1889|510|
1232|1212|1473|
1232|1225|1212|
1232|1680|1013|
1232|1715|445|
1232|1778|2442|
1232|1859|2147|
1233|1827|168|
1233|1997|1353|
1234|1298|593|
1234|1345|1072|
1234|1737|1243|
1235|1055|140|
1235|1055|808|
1235|1427|789|
1235|1520|1311|
1235|1749|1300|
1236|1003|323|
1236|1385|1149|
1236|1458|580|
1236|1547|1168|
1236|1845|1198|
1236|1985|2318|
1237|1520|2494|
1237|1880|641|
1238|1054|195|
1238|1322|2414|
1238|1551|2462|
1239|1054|1994|
1239|1238|1748|
1239|1257|1928|
1239|1480|1844|
1240|1294|393|
124|1877|1177|
1242|1470|1644|
1242|1641|1033|
1242|1964|411|
1243|1332|1455|
1243|1559|2283|
1243|1678|1058|
1243|1811|2256|
1243|1896|1996|
1243|1897|416|
1244|1480|2275|
1244|1582|1079|
1245|1145|18|
1245|1189|1915|
1245|1216|184|
1245|1408|153|
1246|1025|901|
1246|1152|2396|
1246|1280|1448|
1246|1880|978|
1247|1425|729|
1247|1953|805|
1248|1743|1057|
1248|1846|1644|
1248|1979|2472|
1249|1103|765|
1249|1171|536|
1249|1269|2337|
1249|1691|1202|
1249|1912|1310|
1249|1928|1051|
1250|1036|1639|
1250|1176|364|
1250|1193|411|
1250|1961|1957|
1251|1076|1311|
1251|1145|1333|
1251|1501|1982|
1251|1783|2078|
1251|1799|392|
1251|1943|683|
1251|1947|1804|
125|1682|2443|
125|1980|1450|
1253|1389|539|
1253|1690|2356|
1253|1868|260|
1254|1022|1719|
1254|1189|1771|
1254|1503|701|
1254|1760|2154|
1255|1170|932|
1255|1498|2172|
1255|1701|123|
1255|1945|1440|
1256|1635|1311|
1257|1013|1611|
1257|1172|470|
1257|1210|319|
1257|1351|457|
1257|1367|1073|
1257|1376|827|
1257|1536|1106|
1257|1708|1705|
1258|1265|746|
1258|1665|1603|
1259|1214|1167|
1259|1291|2128|
1259|1335|428|
1259|1542|1747|
1259|1792|1073|
1260|1171|365|
1260|1935|1428|
126|1105|1532|
1261|1195|882|
1261|1401|1339|
1261|1862|1759|
126|1509|2481|
1262|1591|2472|
1262|1984|1587|
1263|1293|1069|
1263|1395|692|
1264|1073|1624|
1264|1394|991|
1264|1532|1549|
1264|1534|1646|
1264|1911|1711|
1264|1976|1422|
1265|1140|1952|
1265|1215|1245|
1265|1573|1889|
1266|1099|410|
1266|1183|2080|
1268|1042|598|
1270|1137|1235|
1270|1435|424|
1270|1513|1654|
1270|1740|1275|
1270|1774|617|
1271|1205|702|
1271|1304|2325|
1271|1430|1418|
1271|1566|597|
127|1217|235|
127|1635|1350|
127|1686|36|
127|1709|2006|
127|1759|384|
1273|1216|2125|
1273|1373|1741|
1273|1535|1963|
1273|1543|2381|
1273|1692|792|
1273|1976|922|
1274|1022|66|
1274|1153|542|
1274|1411|1676|
1274|1995|2403|
1275|1006|1671|
1275|1031|1464|
1275|1519|598|
1275|1523|1373|
1276|1374|230|
1276|1444|2016|
1276|1540|1661|
1277|1338|623|
1278|1007|39|
1278|1185|307|
1278|1330|286|
1278|1378|2134|
1279|1288|402|
1280|1316|1001|
1281|1125|1838|
1281|1258|2455|
1281|1433|1769|
1281|1457|118|
128|1496|639|
1282|1128|2043|
1282|1613|1137|
1282|1803|1143|
1282|1980|264|
1283|1066|2049|
1283|1195|1882|
1283|1955|2342|
1284|1061|1867|
1284|1306|2411|
1284|1732|799|
1285|1617|2450|
1285|1721|236|
1285|1775|1105|
1285|1810|1202|
1285|1942|2295|
1286|1248|2475|
1286|1474|604|
1286|1870|1273|
1286|1916|1827|
1287|1009|515|
1287|1048|1546|
1287|1225|2257|
1288|1254|1509|
1288|1455|2257|
1288|1723|2440|
1288|1956|2180|
1289|1645|1951|
1290|1220|1469|
1290|1277|2492|
1290|1616|2226|
1290|1856|1305|
129|1154|106|
1291|1558|2390|
129|1231|121|
129|1552|2268|
129|1754|1134|
129|1821|327|
1292|1036|1241|
1292|1850|848|
1293|1527|46|
1293|1592|2090|
1293|1713|1222|
1293|1723|2207|
1293|1884|832|
1294|1346|1192|
1294|1521|539|
1294|1712|1368|
1294|1898|1144|
1294|1995|211|
1295|1323|1465|
1295|1350|715|
1295|1608|2173|
1295|1882|874|
1296|1050|2382|
1296|1077|1334|
1296|1951|2013|
1297|1019|713|
1297|1868|1726|
1298|1327|2041|
1298|1765|2163|
1298|1905|57|
1299|1889|365|
1300|1134|564|
1300|1954|1898|
1301|1042|1993|
1301|1540|1840|
1301|1952|1687|
130|1616|1695|
130|1879|1397|
130|1893|1795|
130|1970|462|
1302|1102|1829|
1302|1453|906|
1302|1539|727|
1302|1587|1073|
1302|1830|1039|
1302|1909|1462|
1304|1113|531|
1304|1184|1869|
1304|1369|1728|
1304|1500|1440|
1304|1963|602|
1304|1965|2317|
1304|1996|262|
1305|1114|2005|
1305|1185|187|
1305|1317|1215|
1305|1317|489|
1305|1423|895|
1305|1433|1274|
1305|1593|1991|
1306|1535|2309|
1306|1544|1512|
1306|1649|2176|
1307|1109|1006|
1307|1342|1331|
1307|1905|1205|
1308|1035|738|
1308|1219|760|
1308|1672|577|
1308|1934|606|
1308|1936|1019|
1309|1391|984|
1309|1761|971|
1309|1941|1906|
1310|1023|307|
1310|1346|2371|
1310|1396|2486|
1310|1520|1895|
1310|1693|1851|
1310|1932|1030|
1310|1940|707|
1311|1208|969|
1311|1319|2177|
1311|1423|1397|
1311|1722|762|
1312|1078|494|
1312|1204|2313|
1312|1219|2497|
1312|1284|735|
1312|1482|1982|
1312|1704|91|
13|1260|758|
1313|1502|841|
1313|1972|901|
1314|1474|568|
1314|1613|1859|
1314|1992|1314|
1315|1716|1306|
1315|1777|2008|
1316|1376|1691|
1318|1195|2386|
1318|1232|2361|
1318|1474|2150|
1318|1840|2180|
1319|1111|301|
1319|1120|2234|
1319|1801|139|
1319|1851|771|
1319|1972|1262|
1320|1078|868|
1320|1110|1446|
1320|1209|137|
1320|1637|1604|
132|1039|2256|
1321|1338|908|
1321|1425|2465|
1321|1690|639|
1321|1862|914|
132|1196|1733|
1321|1990|297|
132|1570|2216|
132|1802|2013|
132|1968|893|
1322|1047|383|
1322|1260|2356|
1322|1463|2419|
1322|1700|412|
1322|1987|2417|
1323|1389|435|
1323|1442|514|
1323|1534|1065|
1323|1534|1262|
1323|1738|1060|
1324|1070|2353|
1324|1230|721|
1324|1577|2387|
1326|1077|2308|
1326|1702|2162|
1327|1103|1980|
1327|1365|297|
1327|1949|1052|
1328|1256|697|
1328|1929|534|
1329|1311|1438|
1329|1761|1044|
1329|1906|2363|
1330|1432|707|
1331|1893|1034|
1331|1955|1958|
133|1302|1187|
133|1489|944|
133|1558|2303|
133|1744|306|
133|1750|603|
1332|1069|1052|
1332|1118|403|
1332|1399|506|
1332|1557|1472|
1332|1613|1067|
1332|1895|2007|
1332|1990|598|
1333|1140|288|
1333|1715|598|
1334|1433|1029|
1334|1509|1239|
1334|1555|473|
1336|1280|1488|
1336|1327|1906|
1338|1003|108|
1338|1117|2082|
1338|1379|2247|
1338|1842|1988|
1339|1443|178|
1339|1507|1554|
1340|1250|1157|
1340|1735|1267|
1340|1883|1343|
1341|1109|570|
1341|1220|274|
1341|1946|917|
134|1733|2327|
1342|1454|2357|
1342|1469|234|
1342|1525|709|
1342|1766|1658|
1342|1912|51|
1342|1976|1130|
1343|1571|1343|
1343|1719|1401|
1343|1779|527|
1344|1145|1003|
1344|1277|1890|
1345|1054|749|
1345|1740|1844|
1346|1302|937|
1346|1925|646|
1347|1023|1724|
1347|1045|1006|
1347|1343|1196|
1349|1284|938|
1349|1446|321|
1349|1721|1449|
1349|1741|1617|
1349|1858|1236|
1349|1926|356|
1350|1526|577|
1350|1606|1768|
1350|1947|1683|
1351|1171|830|
1351|1470|2078|
135|1483|875|
135|1949|2440|
1352|1006|272|
1352|1613|924|
1353|1566|2381|
1354|1688|2480|
1354|1709|1060|
1354|1874|765|
1355|1131|1381|
1355|1732|1914|
1356|1426|1729|
1356|1474|1385|
1356|1537|41|
1356|1795|199|
1356|1818|1759|
1357|1055|2152|
1357|1775|1504|
1358|1304|2117|
1359|1398|1135|
1359|1434|1180|
1359|1496|1506|
1359|1703|1995|
1360|1008|1433|
1360|1104|1292|
1360|1118|114|
1360|1202|1420|
1360|1265|268|
1360|1346|327|
1360|1534|440|
1360|1552|2361|
1360|1865|930|
1361|1180|728|
1361|1317|1059|
1361|1380|45|
1361|1618|2293|
136|1764|1167|
136|1797|197|
136|1909|1710|
1362|1125|1366|
1363|1094|1019|
1364|1259|942|
1364|1332|1248|
1364|1484|646|
1364|1518|434|
1364|1692|1022|
1365|1065|937|
1365|1246|2371|
1365|1247|1228|
1366|1160|1561|
1366|1764|2389|
1366|1846|2027|
1368|1365|2480|
1370|1176|545|
1370|1209|2074|
1370|1456|833|
1370|1597|583|
1370|1694|2268|
137|1086|2341|
1371|1312|1880|
1371|1333|1470|
1371|1452|1789|
137|1860|2307|
1372|1577|2431|
1372|1633|918|
1373|1178|1887|
1373|1486|188|
1373|1813|1421|
1374|1206|2081|
1374|1375|474|
1374|1885|2027|
1375|1221|1208|
1375|1312|1445|
1375|1344|1895|
1375|1396|2040|
1376|1951|1759|
1377|1036|632|
1377|1123|1929|
1377|1567|1449|
1378|1537|105|
1378|1575|1038|
1378|1639|721|
1379|1103|725|
1379|1745|206|
1380|1430|427|
1380|1814|1249|
1380|1975|1585|
1381|1702|1064|
1382|1661|1497|
1383|1239|1765|
1383|1259|1295|
1383|1591|439|
1384|1076|1812|
1384|1491|130|
1384|1726|109|
1385|1020|209|
1385|1539|1454|
1386|1280|1290|
1386|1842|1511|
1387|1282|512|
1387|1395|402|
1388|1168|1872|
1388|1889|308|
1389|1323|721|
1390|1223|315|
1390|1475|562|
1390|1549|1098|
1391|1123|24|
1391|1536|1009|
1391|1795|18|
139|1974|512|
139|1994|382|
1392|1046|1277|
1392|1271|1183|
1392|1276|577|
1392|1327|2155|
1392|1506|2030|
1392|1512|950|
1392|1809|1063|
1393|1303|1276|
1393|1794|1002|
1394|1015|2152|
1394|1039|2395|
1394|1106|294|
1394|1252|1796|
1394|1681|584|
1394|1780|499|
1394|1854|618|
1395|1167|2268|
1397|1217|872|
1397|1303|1786|
1397|1495|1932|
1397|1741|1523|
1398|1256|1998|
1398|1362|495|
1398|1567|898|
1398|1728|1579|
1399|1018|1324|
1399|1159|1590|
1399|1238|2293|
1399|1249|1986|
1399|1340|1117|
1399|1355|2344|
1399|1727|1008|
1399|1781|863|
1399|1810|2478|
1400|1144|990|
1400|1617|1323|
1400|1903|399|
1401|1430|600|
1401|1647|2104|
140|1603|263|
1402|1846|707|
1404|1226|1182|
1404|1607|1549|
1404|1687|419|
1404|1935|1223|
1405|1045|584|
1405|1113|476|
1405|1408|597|
1405|1892|600|
1405|1935|1827|
1406|1255|1922|
1406|1574|2306|
1406|1847|2431|
1407|1484|1063|
1407|1924|1168|
1408|1066|443|
1408|1145|1363|
1408|1959|1855|
1409|1287|223|
1409|1608|1966|
1409|1670|1411|
1409|1698|1797|
1410|1186|315|
1410|1552|166|
1410|1773|1337|
14|1018|330|
141|1010|420|
1411|1025|723|
1411|1252|1313|
1411|1924|1247|
1411|1982|1848|
141|1250|848|
141|1518|2209|
14|1169|837|
141|1781|1539|
14|1181|1344|
141|1833|2183|
141|1846|2268|
1412|1998|1377|
1413|1204|1495|
1413|1401|644|
1413|1556|36|
1413|1592|2004|
1413|1633|1415|
1415|1816|181|
14|1575|2142|
1416|1146|1431|
1416|1202|1405|
1416|1494|611|
1416|1517|791|
1416|1747|1691|
1416|1866|1518|
1416|1908|1478|
14|1622|1322|
1417|1233|1647|
1417|1409|1215|
1417|1573|343|
1417|1738|1957|
14|1735|1864|
1418|1411|366|
1418|1477|1617|
1418|1980|187|
1419|1962|1497|
1420|1305|748|
1420|1754|2196|
1420|1975|2017|
1421|1080|749|
1421|1089|445|
1421|1354|533|
1421|1393|1282|
1421|1516|2046|
1421|1764|1290|
142|1445|2379|
142|1912|1567|
1422|1149|2370|
1423|1363|584|
1423|1712|596|
1423|1730|1479|
1423|1901|550|
1424|1324|1381|
1424|1736|2123|
1424|1965|850|
1426|1028|1299|
1426|1351|963|
1426|1500|983|
1427|1289|1864|
1427|1540|1046|
1427|1834|2230|
1427|1972|1726|
1428|1782|1794|
1428|1904|1424|
1428|1924|268|
1429|1061|1019|
1429|1465|485|
1429|1869|1623|
1430|1403|529|
1430|1475|1330|
1430|1827|1016|
1430|1950|1895|
1431|1022|1478|
143|1158|1735|
1431|1775|1045|
143|1354|2081|
143|1822|1161|
143|1984|1397|
1432|1091|2260|
1432|1450|2077|
1432|1455|1902|
1432|1662|2125|
1433|1353|976|
1434|1016|782|
1434|1186|2180|
1434|1233|828|
1434|1308|51|
1434|1436|322|
1434|1554|1188|
1434|1910|800|
1435|1019|357|
1435|1097|2348|
1435|1730|783|
1435|1854|217|
1436|1050|1664|
1436|1189|1820|
1436|1485|1638|
1436|1560|1566|
1437|1039|909|
1437|1466|859|
1437|1973|1930|
1438|1483|2198|
1438|1510|7|
1439|1153|1514|
1439|1170|471|
1439|1196|2171|
1439|1686|1876|
1439|1754|524|
1439|1765|1876|
1439|1826|478|
1440|1089|673|
1440|1410|1493|
1440|1922|915|
144|1045|1200|
1441|1094|1242|
1441|1151|1034|
1441|1200|192|
144|1145|403|
1441|1522|2184|
1441|1712|2478|
144|1269|592|
1442|1036|1238|
1442|1113|1745|
1442|1447|1698|
1443|1782|1428|
1444|1183|755|
1444|1330|1007|
1444|1401|929|
1444|1948|603|
1446|1651|439|
1446|1760|961|
1447|1120|560|
1447|1595|848|
1447|1905|1737|
1448|1368|1997|
1448|1446|2002|
1448|1827|1578|
1449|1031|1474|
1449|1576|455|
1450|1120|2364|
1450|1285|1559|
1450|1460|1599|
1450|1910|1380|
1450|1961|244|
145|1429|208|
145|1591|2370|
145|1668|1031|
145|1972|1940|
1452|1015|1964|
1453|1493|123|
1453|1501|1195|
1453|1507|1781|
1453|1841|1956|
1454|1102|1063|
1455|1606|22|
1455|1834|983|
1456|1064|2297|
1456|1292|1903|
1456|1697|1537|
1456|1820|1247|
1456|1981|749|
1458|1950|76|
1459|1135|228|
1459|1275|668|
1459|1950|141|
1460|1361|2497|
1460|1436|161|
1460|1976|836|
1460|1982|2066|
1461|1114|1916|
1461|1676|2070|
1461|1916|335|
146|1558|1572|
146|1561|173|
146|1701|2009|
1462|1582|387|
1463|1029|1835|
1463|1458|2403|
1463|1557|121|
1464|1095|1561|
1464|1689|815|
1464|1706|1710|
1465|1042|400|
1465|1645|1385|
1466|1417|2037|
1466|1436|498|
1466|1970|1300|
1467|1041|2486|
1467|1502|1201|
1468|1412|470|
1468|1600|1366|
1468|1764|347|
1468|1850|1500|
1469|1682|541|
1469|1791|1614|
1469|1872|740|
1470|1316|272|
1470|1402|2442|
1470|1815|384|
1471|1007|336|
1471|1348|1969|
1471|1461|1878|
1471|1488|2143|
1471|1793|1445|
147|1262|1966|
147|1506|203|
1472|1021|1479|
1472|1146|385|
1472|1265|1528|
1473|1043|2394|
1473|1099|76|
1473|1342|108|
1475|1516|531|
1475|1530|1420|
1475|1751|1687|
1476|1047|1670|
1477|1579|249|
1477|1776|1149|
1477|1826|757|
1479|1354|2126|
1479|1556|2117|
1479|1976|204|
1480|1113|634|
1480|1217|1705|
1480|1411|1085|
1480|1980|848|
1481|1259|627|
1481|1696|2301|
148|1652|2339|
148|1915|2083|
148|1979|426|
1482|1058|110|
1482|1495|1854|
1483|1508|285|
1483|1556|1720|
1483|1882|1127|
1484|1364|1163|
1484|1426|1440|
1484|1515|1323|
1484|1542|1016|
1484|1580|1295|
1485|1439|1786|
1485|1481|925|
1485|1768|2244|
1485|1838|44|
1487|1433|1484|
1487|1490|1176|
1487|1758|2048|
1487|1865|2261|
1487|1872|619|
1488|1897|51|
1488|1921|191|
1489|1058|682|
1489|1498|1504|
1491|1039|1600|
1492|1057|868|
1492|1149|2432|
1492|1342|827|
1492|1528|944|
1492|1594|1296|
1492|1629|825|
1492|1911|1481|
1493|1340|1302|
1493|1467|2461|
1493|1970|638|
1494|1013|1041|
1494|1693|592|
1494|1847|589|
1495|1566|124|
1495|1765|1178|
1495|1798|2228|
1495|1865|2241|
1496|1180|1789|
1496|1454|2024|
1496|1471|2404|
1496|1621|172|
1496|1688|2263|
1496|1698|872|
1497|1558|642|
1497|1687|72|
1497|1910|586|
1497|1989|1777|
1498|1666|1849|
1499|1245|1413|
1499|1434|341|
1499|1709|1687|
1499|1738|1824|
1499|1920|1501|
1500|1003|2433|
1500|1423|576|
1500|1529|956|
1500|1629|2027|
1501|1279|879|
150|1636|2442|
150|1952|467|
1502|1103|163|
1502|1131|1030|
1502|1171|36|
1502|1411|1826|
1502|1478|1447|
1502|1651|179|
1503|1030|1246|
1503|1217|2128|
1503|1437|1023|
1503|1802|1933|
1503|1910|2433|
1504|1499|624|
1504|1953|154|
1505|1038|357|
1505|1413|1850|
1506|1378|553|
1506|1628|151|
1506|1992|657|
1507|1398|1425|
1507|1758|1487|
1508|1657|1130|
1508|1940|1603|
1508|1998|294|
1509|1033|1499|
1509|1338|1819|
1509|1469|1270|
1509|1576|53|
1509|1627|290|
1510|1168|1297|
15|1103|1051|
15|1110|870|
1511|1895|705|
151|1369|1750|
151|1664|38|
151|1688|212|
1512|1073|2288|
1512|1942|1258|
1512|1956|1982|
1513|1527|1414|
1513|1811|1284|
15|1365|1410|
15|1365|2481|
1514|1074|2025|
1514|1645|1399|
1515|1081|2139|
1515|1085|707|
1515|1329|2054|
1515|1477|911|
1516|1029|1995|
1516|1740|1489|
1516|1880|1986|
1517|1954|1645|
1518|1473|83|
1518|1544|1330|
1518|1634|749|
1519|1867|1938|
1520|1419|425|
1520|1509|2420|
1520|1580|1051|
1520|1687|2056|
152|1087|55|
152|1101|2187|
152|1606|2082|
152|1736|2129|
1522|1076|795|
1522|1205|1292|
1522|1782|2131|
1522|1809|2173|
1522|1904|475|
1523|1010|1044|
1523|1514|1831|
1525|1290|745|
1525|1773|1567|
1526|1559|59|
1527|1156|1956|
1527|1443|1517|
1527|1555|835|
1527|1773|303|
1527|1938|1188|
1528|1156|1665|
1528|1175|170|
1528|1504|2373|
1528|1641|1354|
1528|1677|1905|
1528|1848|144|
1529|1173|1168|
1529|1998|2391|
1530|1237|2322|
1530|1258|1790|
1530|1330|359|
153|1073|504|
1531|1445|2185|
1531|1602|2335|
1531|1649|1143|
1532|1077|1959|
1532|1737|717|
1533|1064|2327|
1533|1380|749|
1533|1421|2469|
1533|1443|1102|
1533|1730|1319|
1533|1813|817|
1534|1273|248|
1534|1303|1312|
1534|1632|2388|
1534|1681|641|
1534|1780|1559|
1535|1652|506|
1535|1966|1619|
1536|1463|2382|
1536|1814|2051|
1536|1974|1008|
1537|1079|2443|
1537|1785|2400|
1537|1882|1631|
1537|1977|1498|
1538|1187|2161|
1538|1274|1203|
1538|1534|1595|
1538|1729|2057|
1538|1848|1899|
1538|1942|1673|
1539|1470|1186|
1539|1644|643|
1539|1828|224|
1539|1915|1284|
1540|1116|2262|
1540|1162|1311|
1540|1305|369|
1540|1536|2035|
1540|1995|449|
154|1101|1523|
1541|1411|1900|
154|1154|602|
154|1629|381|
154|1954|2067|
1542|1295|1061|
1542|1524|692|
1544|1056|314|
1544|1329|996|
1544|1670|2085|
1544|1711|1061|
1544|1900|245|
1544|1961|1701|
1544|1980|455|
1545|1001|438|
1545|1565|2084|
1545|1580|1724|
1546|1043|309|
1546|1087|1877|
1546|1375|1516|
1546|1498|2400|
1546|1512|2152|
1546|1622|364|
1546|1700|2051|
1547|1095|1698|
1547|1491|2247|
1547|1590|2472|
1547|1859|1000|
1547|1882|1672|
1547|1948|495|
1548|1030|1372|
1548|1304|228|
1548|1375|935|
1548|1502|976|
1548|1527|677|
1549|1575|1929|
1550|1160|1942|
1550|1174|1863|
1550|1242|980|
1551|1047|2106|
1551|1474|1384|
155|1447|221|
155|1803|651|
1552|1837|520|
1553|1253|1905|
1553|1304|1654|
1553|1354|162|
1555|1630|530|
1555|1663|2166|
1556|1212|213|
1556|1415|1734|
1557|1105|63|
1557|1482|2482|
1558|1931|2378|
1559|1248|1500|
1559|1388|40|
1559|1546|1358|
1559|1624|562|
1560|1177|1066|
1560|1918|6|
156|1101|745|
1561|1130|1835|
1561|1287|663|
1561|1804|1053|
1561|1909|2493|
156|1886|928|
156|1917|354|
1562|1033|603|
1563|1986|528|
1564|1216|377|
1564|1235|149|
1565|1175|1495|
1565|1746|821|
1565|1759|691|
1565|1867|721|
1565|1971|919|
1566|1382|1564|
1567|1013|2347|
1567|1241|1188|
1567|1892|1226|
1568|1268|1871|
1568|1922|1202|
1569|1498|1805|
1569|1656|2286|
1569|1748|186|
1570|1276|1356|
1570|1459|2417|
1570|1655|509|
1570|1730|1789|
1570|1804|108|
157|1034|1136|
1571|1773|592|
1571|1833|1799|
1571|1921|2399|
157|1769|1648|
157|1857|1462|
1572|1442|869|
1574|1548|1436|
1574|1658|1008|
1574|1891|1444|
1575|1251|1037|
1575|1473|1962|
1575|1749|2457|
1575|1900|1163|
1576|1029|520|
1576|1271|437|
1576|1384|2374|
1576|1665|1500|
1577|1638|1877|
1579|1033|851|
1579|1161|1924|
1579|1419|2301|
1579|1573|372|
1579|1926|422|
1580|1053|1922|
1580|1335|487|
1581|1248|1565|
1581|1823|260|
158|1792|31|
1582|1094|333|
1584|1515|2006|
1585|1032|2367|
1585|1307|2101|
1585|1660|450|
1585|1778|528|
1586|1611|1285|
1586|1707|2487|
1586|1857|288|
1586|1924|182|
1587|1026|2169|
1587|1934|2366|
1588|1145|185|
1588|1401|647|
1588|1462|1551|
1588|1469|165|
1589|1607|508|
1589|1631|341|
1589|1699|1138|
1589|1755|1041|
1590|1276|1363|
159|1043|304|
1591|1374|1093|
1591|1594|283|
159|1178|1598|
1591|1913|1047|
1591|1963|1393|
159|1531|79|
159|1797|628|
159|1990|263|
1592|1221|1719|
1592|1611|1572|
1592|1710|1542|
1592|1748|1325|
1593|1074|2060|
1593|1642|1934|
1594|1341|2190|
1594|1520|350|
1594|1851|1482|
1594|1987|1414|
1595|1050|1446|
1595|1543|993|
1595|1629|2032|
1595|1834|1787|
1595|1862|1707|
1596|1282|41|
1596|1604|971|
1596|1636|2342|
1596|1718|83|
1597|1510|1194|
1598|1078|1862|
1598|1280|205|
1598|1560|2433|
1598|1733|2173|
1598|1895|1710|
1599|1267|757|
1599|1881|1459|
1600|1125|125|
1600|1306|518|
1600|1392|2152|
1600|1873|651|
160|1093|1346|
1601|1556|1762|
160|1191|2392|
160|1257|1758|
160|1663|2351|
1602|1097|1098|
1602|1739|2183|
1602|1963|978|
1603|1689|1129|
1603|1919|521|
1604|1286|1203|
1604|1491|1894|
1604|1833|87|
1605|1420|1818|
1605|1593|656|
1605|1600|1610|
1605|1725|2099|
1605|1838|1581|
1605|1932|1066|
1606|1870|1705|
1607|1048|587|
1607|1943|396|
1608|1726|863|
1609|1409|1388|
1609|1865|622|
1609|1905|795|
1610|1254|2077|
1610|1343|577|
1610|1694|1572|
1611|1348|2367|
1611|1598|743|
161|1535|727|
161|1666|1866|
16|1176|1680|
1612|1431|1376|
1612|1460|1101|
1612|1625|99|
1612|1754|839|
1612|1875|736|
1612|1955|177|
1614|1528|1587|
1614|1831|1024|
16|1436|1688|
1615|1179|1260|
1615|1712|786|
1615|1723|216|
1615|1746|1531|
1616|1259|93|
1616|1291|2003|
1617|1930|1841|
1617|1992|1903|
16|1768|2459|
1618|1228|1722|
1618|1345|1421|
1618|1618|1966|
1618|1765|2031|
1619|1214|1562|
1619|1488|1627|
1619|1803|1467|
1620|1086|46|
1620|1214|1705|
1620|1290|2356|
1620|1423|1769|
1620|1529|2082|
1620|1936|2027|
1620|1989|240|
162|1087|1294|
1621|1086|121|
1621|1405|1026|
1621|1711|949|
1621|1735|410|
1621|1788|144|
1622|1208|1324|
1622|1424|1658|
1622|1910|120|
1624|1940|378|
1625|1087|2009|
1625|1100|1453|
1625|1557|1969|
1625|1805|1621|
1626|1251|501|
1627|1848|1217|
1628|1210|2266|
1628|1290|715|
1628|1825|1712|
1629|1761|2447|
1629|1854|328|
1630|1334|1320|
163|1059|2245|
1631|1105|1087|
1631|1157|1436|
1631|1269|459|
1631|1860|21|
163|1583|2284|
163|1650|1020|
1632|1429|1486|
1632|1503|1897|
1632|1781|634|
1633|1676|394|
1633|1914|1908|
1634|1767|835|
1634|1794|39|
1635|1057|793|
1635|1856|505|
1635|1893|2427|
1636|1554|798|
1637|1085|204|
1638|1125|1754|
1638|1269|171|
1638|1549|2025|
1638|1577|1954|
1638|1615|1950|
1639|1254|659|
1639|1281|1874|
1639|1430|1497|
1639|1931|649|
1640|1219|615|
1640|1451|2390|
164|1052|1443|
164|1071|1047|
1641|1618|547|
1641|1671|1601|
1641|1839|1648|
164|1636|756|
1642|1259|1890|
1642|1368|63|
1642|1827|238|
1642|1873|2203|
1642|1876|253|
1643|1071|1322|
1643|1564|2177|
1643|1581|2124|
1643|1584|2278|
1643|1879|2498|
1643|1881|2328|
1644|1368|552|
1644|1864|1526|
1645|1110|1493|
1645|1139|2266|
1645|1166|2012|
1645|1204|565|
1645|1693|1185|
1646|1278|2228|
1646|1325|1048|
1647|1158|1187|
1647|1788|1842|
1647|1812|2483|
1647|1863|99|
1648|1687|663|
1649|1568|493|
1649|1631|1072|
1649|1852|1090|
1650|1395|2026|
165|1098|1032|
1651|1032|1234|
1651|1176|766|
1651|1265|1583|
1651|1284|924|
165|1647|2380|
1652|1121|1582|
1652|1294|1284|
1652|1395|920|
1652|1510|403|
1652|1666|594|
1652|1937|236|
1653|1091|1651|
1653|1469|209|
1653|1882|138|
1654|1419|1456|
1654|1608|431|
1654|1732|2493|
1654|1820|2217|
1655|1363|2075|
1655|1414|1423|
1655|1864|71|
1655|1930|2192|
1656|1369|1715|
1656|1613|1186|
1657|1329|1903|
1657|1349|1108|
1657|1416|1329|
1657|1492|1461|
1657|1512|795|
1657|1830|2232|
1657|1846|661|
1657|1938|186|
1657|1947|1977|
1658|1221|175|
1658|1527|717|
1659|1115|669|
1659|1436|2032|
1659|1502|2165|
1659|1783|628|
1660|1172|266|
1660|1423|1136|
1660|1672|205|
1660|1759|760|
1660|1846|1895|
1660|1865|324|
1660|1894|2110|
166|1107|1971|
166|1493|1985|
166|1495|880|
166|1568|112|
166|1771|64|
1662|1022|1135|
1662|1069|224|
1662|1563|1804|
1662|1652|2162|
1663|1024|132|
1663|1034|30|
1664|1471|1856|
1665|1328|122|
1665|1681|1292|
1665|1870|2245|
1665|1972|1765|
167|1067|1985|
167|1834|1562|
168|1250|1543|
168|1253|1507|
168|1771|557|
169|1130|1685|
169|1255|1142|
169|1355|781|
169|1997|1942|
170|1038|2263|
170|1541|424|
170|1613|253|
17|1015|1305|
171|1057|2410|
171|1311|1832|
171|1474|1433|
171|1675|941|
17|1608|245|
17|1908|517|
172|1602|1685|
172|1772|1622|
172|1852|293|
172|1989|1452|
173|1275|1576|
173|1470|337|
173|1867|1338|
174|1361|1961|
174|1619|1768|
175|1094|1076|
175|1169|420|
175|1316|1580|
175|1378|1262|
176|1289|465|
177|1356|1417|
178|1307|1569|
178|1338|766|
179|1074|318|
179|1260|590|
179|1373|773|
179|1374|1708|
180|1118|856|
181|1278|1910|
181|1532|2400|
181|1543|1170|
181|1562|1895|
181|1635|113|
181|1981|197|
18|1232|1078|
18|1363|2344|
182|1188|1805|
182|1851|2190|
182|1883|2219|
182|1969|498|
183|1005|173|
183|1599|1663|
183|1888|891|
184|1671|1150|
185|1368|393|
186|1061|1074|
186|1707|1754|
187|1856|844|
188|1687|788|
188|1719|470|
189|1352|1135|
189|1359|145|
190|1166|493|
191|1054|822|
191|1756|677|
19|1228|84|
19|1238|1523|
19|1651|404|
19|1769|2333|
19|1828|1204|
192|1145|1422|
192|1419|39|
193|1783|2360|
194|1252|12|
194|1426|781|
194|1448|616|
195|1043|1255|
195|1221|985|
195|1608|2213|
195|1744|936|
195|1774|1777|
195|1837|588|
195|1941|805|
196|1422|1920|
197|1573|728|
197|1895|642|
199|1293|1528|
199|1710|2054|
199|1944|467|
200|1124|1108|
200|1529|179|
20|1055|1703|
201|1646|1090|
201|1660|1394|
20|1327|1473|
20|1558|1936|
202|1894|1134|
202|1932|2032|
203|1217|67|
203|1239|1323|
203|1642|1041|
203|1984|144|
204|1509|415|
204|1573|697|
204|1736|760|
205|1186|608|
205|1191|2107|
205|1625|800|
206|1432|750|
206|1558|128|
207|1609|1939|
208|1108|374|
208|1342|1820|
209|1535|2131|
210|1351|264|
210|1837|49|
21|1033|1021|
211|1227|2149|
211|1951|517|
21|1414|2291|
21|1557|1277|
21|1783|131|
21|1790|1080|
212|1275|237|
213|1763|189|
214|1333|2221|
214|1486|1432|
214|1583|2387|
214|1931|1997|
214|1935|2486|
215|1119|2348|
215|1496|2015|
215|1582|699|
215|1911|2054|
216|1014|711|
216|1087|1861|
216|1142|2084|
216|1204|2330|
216|1673|1916|
217|1254|2270|
2|1760|169|
218|1404|579|
218|1456|2347|
218|1477|1323|
218|1704|2350|
219|1546|304|
2|1923|479|
220|1936|1775|
221|1444|97|
221|1497|2004|
221|1563|762|
221|1845|1706|
22|1295|1736|
22|1612|272|
22|1770|276|
222|1159|1461|
222|1480|2292|
222|1906|790|
223|1621|1012|
224|1591|480|
224|1998|534|
225|1072|276|
225|1133|466|
225|1247|711|
225|1512|1792|
226|1242|1790|
227|1232|361|
228|1006|571|
228|1651|1745|
228|1931|446|
229|1184|1387|
229|1224|845|
229|1256|194|
229|1482|2409|
229|1551|187|
229|1763|2117|
230|1081|211|
230|1182|2468|
230|1763|735|
230|1882|2181|
230|1888|258|
23|1094|2383|
231|1172|1932|
231|1589|311|
231|1630|1987|
23|1553|455|
23|1971|1611|
232|1177|335|
232|1195|144|
232|1241|326|
232|1484|461|
233|1372|1802|
233|1423|13|
233|1589|360|
233|1719|1894|
233|1975|1785|
234|1559|206|
234|1603|1987|
234|1983|2453|
235|1582|544|
235|1824|1857|
236|1065|1046|
236|1070|23|
236|1236|1731|
237|1688|1488|
239|1384|1101|
239|1659|1900|
240|1273|1939|
240|1499|1329|
240|1508|717|
240|1649|243|
240|1829|981|
24|1141|2250|
241|1633|1164|
24|1165|2460|
24|1384|284|
244|1837|1236|
245|1049|2172|
245|1794|1813|
246|1164|421|
246|1953|722|
246|1958|494|
247|1331|2454|
248|1070|2373|
248|1441|1874|
248|1525|1992|
249|1099|974|
249|1183|1367|
249|1932|699|
250|1231|993|
250|1407|81|
250|1444|438|
251|1190|1809|
251|1329|1646|
251|1551|2069|
251|1693|521|
251|1695|1434|
252|1051|1228|
252|1100|472|
252|1155|1319|
252|1238|2066|
253|1313|1457|
253|1404|2283|
253|1486|1748|
253|1953|678|
254|1577|664|
254|1632|983|
255|1055|2206|
255|1113|736|
255|1234|78|
255|1329|584|
255|1647|1681|
256|1381|1697|
256|1898|127|
256|1909|2466|
257|1243|2336|
257|1540|237|
258|1031|558|
259|1016|202|
259|1367|2095|
259|1646|865|
259|1720|184|
259|1858|2053|
260|1191|1909|
260|1663|2074|
260|1878|450|
260|1925|1359|
260|1994|1483|
261|1189|2327|
261|1410|110|
261|1543|540|
261|1825|491|
261|1837|957|
26|1313|2492|
26|1558|825|
26|1889|188|
262|1555|1350|
263|1137|2494|
263|1700|1650|
264|1337|2093|
264|1550|865|
264|1661|1656|
264|1679|593|
265|1713|295|
265|1754|60|
265|1956|588|
266|1469|980|
266|1915|288|
266|1926|2428|
266|1941|1172|
266|1969|2481|
266|1971|510|
267|1549|637|
267|1752|915|
268|1967|344|
268|1980|1455|
269|1629|1874|
269|1810|1057|
269|1936|912|
270|1241|389|
270|1400|1533|
270|1687|242|
270|1828|837|
270|1948|1276|
271|1083|293|
27|1609|1355|
272|1185|110|
272|1614|1204|
273|1351|1074|
273|1386|502|
273|1542|580|
273|1771|781|
273|1886|367|
273|1946|1378|
274|1240|307|
274|1794|430|
275|1628|389|
275|1662|91|
276|1143|874|
276|1257|1551|
276|1570|820|
276|1629|2492|
277|1013|295|
277|1093|105|
277|1306|1571|
277|1367|2460|
278|1007|1666|
278|1148|2472|
278|1216|1841|
278|1895|960|
279|1006|362|
279|1288|741|
279|1305|1357|
279|1388|674|
279|1536|1699|
281|1035|2346|
28|1124|1962|
281|1675|2402|
281|1768|151|
281|1801|2263|
28|1450|725|
28|1663|2046|
28|1903|57|
282|1771|1290|
282|1884|182|
283|1483|348|
283|1538|219|
283|1571|1508|
283|1647|1891|
283|1793|925|
284|1346|97|
284|1773|2135|
284|1856|702|
284|1931|1282|
285|1697|1484|
285|1831|1976|
286|1597|2245|
286|1796|1872|
286|1815|321|
286|1869|1013|
286|1920|2212|
287|1127|493|
287|1419|718|
287|1658|663|
288|1516|864|
288|1618|859|
288|1671|876|
288|1892|1058|
289|1334|1271|
290|1119|1449|
290|1278|1825|
290|1315|2004|
290|1473|2351|
290|1722|1283|
290|1784|384|
291|1311|1391|
291|1550|1099|
291|1559|51|
29|1786|1497|
29|1897|2044|
292|1247|1218|
292|1405|516|
292|1639|363|
293|1065|296|
293|1082|438|
293|1589|151|
293|1824|331|
295|1096|1198|
296|1223|1562|
296|1659|2468|
296|1800|1324|
297|1441|1904|
297|1446|1516|
297|1468|327|
297|1783|2299|
297|1894|1515|
297|1939|551|
298|1434|2009|
298|1436|1160|
299|1387|2226|
299|1518|1706|
299|1670|712|
299|1934|1152|
300|1010|805|
300|1249|1676|
300|1282|908|
300|1314|87|
301|1305|1415|
301|1310|1809|
301|1374|2185|
301|1661|1610|
301|1784|831|
30|1571|520|
30|1748|1249|
30|1994|574|
302|1515|102|
302|1619|1735|
302|1709|958|
302|1725|1642|
302|1782|1905|
302|1883|887|
302|1912|657|
303|1231|196|
303|1326|1651|
303|1773|599|
304|1321|1282|
304|1384|1520|
305|1117|141|
305|1479|2374|
305|1733|1984|
306|1142|1295|
306|1370|2387|
306|1521|2384|
307|1019|600|
307|1114|2083|
307|1374|982|
307|1498|1627|
308|1060|551|
308|1217|2496|
308|1342|1497|
308|1981|2288|
309|1070|1198|
309|1167|891|
309|1343|2230|
309|1404|510|
309|1555|1203|
309|1623|643|
309|1636|1796|
310|1887|260|
310|1963|1265|
311|1146|1980|
311|1512|336|
311|1658|2485|
311|1675|951|
31|1410|1130|
31|1509|1641|
31|1688|102|
31|1748|1853|
31|1955|1524|
31|1981|985|
312|1594|2395|
312|1612|417|
312|1738|398|
313|1004|1139|
313|1267|1071|
313|1297|1010|
313|1986|1485|
314|1439|810|
314|1588|1592|
314|1646|320|
315|1785|1482|
316|1030|2101|
3|1612|1326|
316|1909|1259|
317|1920|1734|
318|1132|1776|
3|1824|704|
319|1184|69|
319|1727|1547|
3|1951|2262|
320|1162|889|
320|1281|564|
320|1446|1827|
320|1543|2033|
320|1652|1016|
32|1030|887|
32|1089|1130|
321|1014|1113|
321|1060|1368|
321|1852|192|
32|1369|704|
32|1433|170|
32|1552|2234|
322|1247|1969|
322|1283|298|
322|1559|1210|
322|1619|290|
322|1678|2095|
322|1695|409|
323|1033|1264|
323|1361|1852|
323|1528|2222|
323|1909|387|
324|1498|185|
324|1695|830|
325|1170|48|
325|1183|1753|
325|1196|812|
325|1730|1622|
325|1806|1420|
326|1305|1577|
326|1406|1449|
326|1694|349|
326|1737|1910|
326|1773|869|
327|1386|2047|
327|1449|58|
327|1829|725|
328|1096|1389|
328|1272|1527|
328|1350|1049|
329|1323|2082|
329|1525|218|
329|1804|2227|
329|1948|515|
330|1578|87|
33|1068|891|
331|1119|2301|
331|1157|148|
331|1443|2321|
331|1598|426|
331|1789|1553|
331|1877|2016|
331|1937|487|
33|1946|1|
332|1049|1286|
332|1380|218|
332|1522|634|
332|1660|1293|
333|1032|2090|
334|1058|1924|
334|1153|1651|
334|1402|1995|
334|1713|678|
335|1822|694|
335|1830|945|
335|1898|608|
336|1210|2258|
336|1306|1201|
336|1487|1419|
336|1531|2474|
336|1689|860|
336|1736|2073|
337|1038|770|
337|1334|1643|
337|1563|546|
338|1541|1197|
338|1713|934|
338|1960|2345|
339|1445|1828|
339|1614|2386|
339|1647|1518|
340|1174|24|
340|1312|868|
340|1352|1090|
341|1556|730|
34|1262|223|
34|1351|531|
34|1773|430|
34|1892|0|
342|1073|848|
342|1669|203|
342|1900|1785|
343|1297|2309|
343|1835|1026|
344|1157|2105|
344|1195|2259|
344|1805|900|
345|1053|216|
345|1556|2447|
345|1694|1672|
345|1697|2370|
346|1544|376|
346|1580|1814|
346|1990|1360|
347|1024|434|
347|1348|950|
347|1567|1254|
347|1665|225|
347|1848|2007|
348|1055|444|
348|1383|2149|
348|1641|1032|
349|1294|2420|
349|1722|2059|
349|1859|1460|
349|1907|1302|
349|1958|426|
349|1964|1517|
350|1066|983|
350|1295|1092|
350|1388|1554|
350|1707|1457|
351|1142|941|
351|1291|1918|
351|1519|2436|
351|1612|1441|
352|1588|722|
352|1766|71|
353|1186|620|
353|1460|545|
353|1492|1686|
353|1494|1526|
354|1255|1426|
354|1409|300|
354|1886|1356|
355|1001|1455|
355|1060|844|
356|1049|556|
356|1051|704|
356|1427|910|
357|1041|1904|
357|1180|540|
357|1467|921|
357|1914|1385|
358|1153|2499|
358|1345|2464|
358|1379|2338|
358|1660|140|
359|1126|45|
359|1127|1691|
359|1214|605|
359|1256|47|
360|1865|1713|
361|1113|1837|
361|1142|279|
361|1493|2320|
361|1563|318|
361|1779|2369|
361|1993|2457|
36|1466|449|
36|1847|1702|
362|1035|2089|
362|1060|593|
362|1237|1384|
362|1367|2053|
362|1712|2252|
362|1758|697|
362|1935|2251|
363|1047|432|
363|1059|1311|
363|1338|80|
364|1306|1428|
364|1478|467|
364|1779|2199|
365|1070|1909|
365|1119|1802|
365|1439|513|
365|1585|2219|
365|1667|1586|
365|1744|2081|
366|1551|1964|
367|1744|1501|
367|1944|2448|
368|1080|2307|
368|1606|1655|
368|1958|698|
368|1988|1216|
369|1507|50|
369|1602|264|
369|1624|1981|
370|1083|1079|
370|1291|2492|
370|1528|2141|
371|1091|908|
371|1454|124|
371|1503|613|
371|1558|43|
37|1164|2323|
371|1648|345|
371|1874|1213|
37|1486|1108|
37|1714|880|
372|1211|872|
372|1378|2234|
372|1432|2325|
372|1557|2331|
373|1455|1085|
373|1612|90|
374|1207|213|
374|1239|198|
374|1602|32|
375|1412|814|
375|1501|78|
375|1700|2065|
375|1799|1062|
376|1125|936|
376|1328|964|
376|1368|649|
376|1600|2150|
376|1864|550|
376|1884|2376|
377|1129|2426|
377|1176|2102|
377|1185|1932|
377|1289|51|
377|1354|506|
377|1589|1452|
377|1779|396|
377|1871|259|
377|1888|1930|
377|1984|1470|
379|1701|1703|
379|1769|656|
380|1101|1428|
380|1837|2047|
380|1846|571|
381|1105|533|
381|1437|1113|
381|1902|1027|
381|1928|999|
38|1310|165|
38|1313|2432|
38|1419|1392|
38|1809|1896|
382|1385|700|
383|1119|1405|
383|1156|363|
383|1645|2481|
384|1055|2461|
384|1291|1487|
384|1606|1070|
384|1621|2022|
385|1090|729|
385|1751|775|
385|1899|2302|
386|1269|271|
386|1731|218|
386|1950|802|
387|1427|1578|
387|1512|1574|
387|1749|2305|
387|1933|2088|
388|1422|431|
388|1426|918|
388|1473|2433|
388|1523|890|
389|1361|1846|
390|1167|961|
390|1353|1572|
390|1604|1233|
390|1678|2275|
390|1955|2424|
391|1088|320|
391|1318|528|
391|1436|2256|
39|1558|1132|
39|1669|1989|
39|1775|2264|
39|1995|1140|
39|1995|2202|
392|1164|1786|
392|1415|123|
392|1498|1519|
392|1506|951|
392|1679|818|
393|1386|504|
393|1840|1581|
394|1125|2257|
394|1143|1808|
394|1151|1956|
394|1769|1103|
394|1808|256|
395|1334|905|
396|1137|2084|
396|1303|2348|
396|1323|2192|
396|1347|397|
396|1385|1784|
396|1469|1452|
396|1817|1054|
397|1588|1275|
397|1877|131|
398|1385|2191|
398|1679|462|
398|1899|1943|
399|1019|1540|
399|1055|1840|
399|1465|164|
399|1467|1138|
399|1653|65|
399|1743|104|
401|1011|1345|
401|1229|532|
401|1516|1193|
401|1730|2226|
40|1319|813|
40|1501|974|
40|1787|468|
402|1657|2173|
402|1830|2459|
403|1087|1614|
403|1210|1803|
403|1625|2144|
404|1693|231|
404|1769|7|
404|1973|435|
405|1457|1231|
405|1557|2454|
406|1487|810|
406|1707|61|
406|1820|251|
407|1676|664|
407|1722|2215|
407|1936|385|
408|1134|274|
408|1234|235|
409|1230|1265|
409|1949|497|
410|1153|1075|
410|1235|2160|
410|1721|1665|
410|1804|426|
4|1055|2371|
411|1499|1024|
41|1170|2097|
411|1732|2440|
411|1818|683|
411|1858|1902|
4|1135|423|
41|1623|1423|
41|1954|1587|
412|1245|520|
412|1337|817|
413|1145|469|
413|1379|1637|
413|1451|2443|
413|1887|250|
413|1966|189|
414|1171|1103|
414|1298|1128|
414|1468|1718|
414|1715|2272|
4|1417|1719|
414|1840|1835|
415|1264|1884|
416|1131|2429|
416|1609|2216|
416|1824|664|
417|1750|350|
417|1757|597|
4|1792|2297|
418|1824|1624|
419|1439|745|
420|1029|2272|
420|1225|48|
420|1916|348|
421|1280|114|
421|1923|924|
42|1429|1360|
42|1933|1107|
422|1019|824|
423|1062|1184|
423|1109|454|
423|1115|2347|
423|1799|728|
423|1808|2046|
423|1943|170|
424|1386|1744|
424|1551|1049|
424|1864|2466|
425|1744|1819|
425|1855|18|
425|1951|524|
426|1080|754|
426|1092|548|
426|1248|1402|
427|1704|1140|
427|1840|160|
427|1842|1131|
427|1916|232|
427|1934|808|
428|1247|1931|
429|1901|2285|
430|1404|44|
431|1191|2041|
431|1777|810|
431|1897|399|
432|1005|2446|
432|1116|1517|
432|1648|484|
432|1880|1200|
433|1430|152|
433|1642|1720|
434|1237|1769|
434|1347|2119|
436|1016|684|
436|1414|409|
436|1795|845|
438|1212|1948|
438|1420|1363|
438|1492|1050|
439|1713|1851|
439|1929|570|
440|1235|755|
440|1454|1888|
440|1463|331|
440|1576|819|
441|1122|2088|
441|1468|1041|
441|1571|2105|
44|1479|2424|
44|1719|1985|
44|1787|976|
442|1337|2450|
442|1690|582|
442|1693|1675|
442|1795|1290|
443|1583|81|
443|1692|2034|
444|1093|2008|
444|1445|245|
444|1622|611|
444|1644|1302|
446|1655|199|
447|1294|1236|
447|1432|333|
447|1536|800|
447|1636|1645|
447|1795|86|
448|1215|703|
448|1370|1686|
448|1599|1558|
448|1612|402|
448|1913|536|
449|1128|1829|
449|1153|1223|
450|1469|120|
450|1744|2404|
450|1786|1883|
450|1867|542|
45|1079|236|
451|1604|1477|
451|1945|1948|
45|1850|654|
452|1195|1484|
452|1302|1380|
452|1607|1334|
452|1660|889|
452|1746|1020|
453|1363|537|
453|1487|674|
453|1762|921|
453|1851|2084|
453|1884|252|
454|1424|635|
454|1666|1387|
454|1902|868|
454|1959|1349|
455|1141|1421|
455|1171|431|
455|1435|1890|
455|1743|967|
455|1933|182|
456|1005|995|
456|1547|9|
456|1982|686|
457|1212|1939|
457|1261|559|
457|1473|2240|
457|1594|1910|
458|1108|5|
458|1289|2346|
458|1594|825|
458|1938|869|
459|1106|1995|
459|1344|2471|
459|1392|909|
460|1072|2250|
460|1095|1572|
460|1218|1886|
460|1618|908|
46|1128|2374|
461|1452|2049|
46|1416|1594|
46|1694|439|
46|1730|2023|
462|1091|2181|
462|1128|1170|
462|1199|1595|
462|1217|83|
462|1363|498|
462|1507|1943|
462|1554|1314|
462|1622|1826|
463|1029|2213|
463|1085|1377|
463|1149|2117|
463|1244|1052|
463|1592|1174|
463|1810|969|
464|1158|2237|
465|1038|111|
465|1219|1692|
465|1257|1042|
465|1394|210|
465|1557|1579|
465|1657|2211|
465|1784|2412|
466|1029|807|
466|1222|10|
466|1759|1892|
467|1256|317|
467|1541|1545|
467|1918|115|
468|1025|1750|
468|1811|852|
469|1322|649|
469|1367|398|
469|1691|1694|
470|1013|1436|
470|1238|1099|
47|1025|2006|
471|1283|1485|
471|1471|1434|
471|1787|2348|
472|1276|2278|
472|1606|432|
472|1660|985|
472|1721|1675|
472|1928|331|
473|1148|500|
473|1839|1453|
473|1974|1970|
474|1074|1524|
474|1424|2229|
474|1474|738|
474|1585|1844|
474|1589|194|
475|1490|1769|
475|1895|1310|
476|1094|627|
476|1110|1034|
476|1221|65|
477|1250|1720|
477|1315|2178|
477|1331|764|
478|1074|699|
478|1463|2411|
479|1353|831|
479|1498|2277|
479|1783|1876|
480|1325|209|
480|1587|2061|
480|1708|1527|
480|1717|1766|
480|1937|1114|
480|1981|2008|
48|1011|964|
481|1174|1053|
481|1377|2243|
48|1181|2434|
481|1858|125|
48|1294|1050|
48|1445|1509|
48|1645|302|
48|1944|1006|
482|1114|485|
482|1289|1689|
482|1387|1250|
483|1748|682|
483|1943|736|
483|1979|1837|
484|1794|137|
485|1406|2457|
485|1684|889|
485|1905|1129|
486|1276|1025|
486|1324|2139|
486|1566|1686|
486|1593|2259|
486|1941|2073|
487|1277|2459|
488|1340|1227|
488|1341|1071|
489|1166|363|
489|1776|1251|
489|1820|2053|
490|1104|1078|
490|1333|590|
490|1675|1702|
491|1102|488|
491|1130|94|
49|1639|1676|
49|1793|1686|
49|1911|1587|
492|1172|14|
492|1477|1640|
492|1752|715|
493|1422|1386|
493|1615|680|
493|1632|747|
493|1683|2267|
494|1359|2330|
494|1863|153|
494|1929|2031|
495|1104|2077|
495|1237|1397|
495|1888|1833|
496|1324|1189|
496|1753|2163|
496|1894|758|
496|1918|1437|
496|1996|863|
497|1091|318|
497|1196|401|
497|1703|1941|
497|1839|1914|
498|1033|737|
498|1526|198|
499|1315|286|
499|1732|255|
499|1785|507|
500|1943|1196|
50|1092|1678|
501|1498|47|
501|1564|1682|
501|1657|1912|
501|1716|349|
501|1900|2242|
50|1267|1845|
50|1330|898|
50|1856|1200|
50|1988|1366|
502|1263|2475|
502|1515|498|
502|1667|2186|
502|1827|1486|
502|1846|2064|
503|1005|1558|
503|1228|1878|
503|1956|1542|
503|1974|1809|
505|1124|2383|
505|1280|1569|
506|1109|70|
506|1142|1985|
506|1236|1808|
506|1343|2289|
506|1399|1266|
507|1870|345|
508|1008|2091|
508|1583|1471|
508|1650|89|
508|1675|2237|
508|1769|2376|
509|1004|1309|
509|1095|2206|
509|1172|1021|
509|1372|2379|
509|1831|62|
509|1984|1131|
510|1088|2142|
510|1131|1892|
510|1189|1936|
510|1294|551|
510|1651|2462|
510|1828|690|
51|1060|814|
511|1140|168|
511|1171|1840|
511|1781|622|
511|1829|327|
511|1882|674|
511|1955|1189|
51|1380|1250|
5|1172|1577|
51|1995|1138|
512|1082|2434|
513|1274|820|
513|1925|1382|
514|1042|1364|
514|1149|1603|
514|1246|325|
514|1529|1498|
514|1962|1257|
515|1321|1920|
515|1845|1767|
515|1921|1620|
516|1953|492|
517|1307|1714|
517|1496|1973|
517|1584|417|
5|1814|886|
518|1595|2415|
518|1934|2080|
518|1964|760|
518|1972|1468|
519|1159|1290|
519|1506|2236|
520|1282|1744|
520|1552|609|
520|1727|1466|
520|1727|1715|
521|1429|387|
521|1552|794|
521|1558|1478|
52|1183|2178|
52|1703|1337|
52|1704|841|
522|1243|2313|
522|1595|238|
522|1676|319|
523|1442|1524|
524|1428|592|
524|1448|1254|
524|1528|872|
524|1655|1545|
524|1925|1174|
525|1070|210|
525|1605|617|
525|1688|2401|
525|1739|2456|
525|1913|101|
526|1051|505|
526|1233|2344|
526|1631|930|
526|1789|1265|
527|1166|135|
527|1315|1360|
527|1849|727|
528|1192|610|
528|1193|1245|
528|1578|25|
528|1835|682|
528|1848|1033|
529|1074|802|
529|1376|1644|
529|1590|2090|
529|1891|1696|
530|1133|428|
530|1150|787|
530|1786|236|
531|1019|369|
531|1318|1533|
531|1545|642|
531|1586|1508|
531|1737|2048|
53|1195|610|
53|1597|209|
53|1769|2084|
532|1101|737|
532|1240|1789|
532|1744|1432|
532|1922|965|
533|1118|1225|
533|1182|2494|
533|1529|1631|
534|1086|734|
534|1381|1076|
534|1434|1759|
534|1974|923|
535|1499|350|
535|1775|725|
535|1798|816|
535|1821|2449|
536|1025|2472|
536|1861|710|
536|1970|48|
537|1016|1033|
537|1121|712|
537|1183|71|
537|1549|1860|
537|1910|1819|
538|1549|1118|
538|1593|1231|
539|1087|890|
539|1979|1651|
540|1548|367|
540|1940|1039|
541|1015|1768|
541|1211|1824|
541|1325|2343|
541|1440|541|
541|1604|1705|
542|1023|1265|
542|1121|2008|
542|1367|754|
542|1436|1149|
542|1518|2338|
542|1565|2472|
543|1704|1802|
544|1114|44|
544|1788|22|
545|1145|1631|
545|1151|1190|
545|1286|292|
545|1898|292|
546|1426|2054|
546|1561|391|
546|1857|639|
547|1677|2052|
547|1829|2422|
547|1868|2349|
547|1886|1324|
548|1712|2382|
548|1736|638|
549|1516|1183|
549|1527|1793|
549|1947|1536|
550|1186|311|
550|1346|1979|
550|1666|2250|
55|1056|1873|
551|1263|1511|
551|1332|2102|
55|1332|1870|
55|1534|1551|
55|1785|2212|
55|1811|606|
552|1341|231|
553|1146|1468|
553|1198|1018|
553|1340|944|
553|1601|1279|
553|1604|1822|
553|1694|454|
553|1737|1963|
554|1276|1556|
557|1441|1487|
557|1479|912|
557|1834|1221|
558|1027|1683|
558|1427|291|
559|1203|1936|
559|1209|377|
560|1421|1589|
560|1947|2407|
561|1420|1435|
561|1428|2275|
561|1717|292|
56|1403|234|
562|1982|730|
563|1366|2005|
563|1903|659|
564|1244|957|
564|1681|1930|
564|1780|563|
565|1094|2318|
565|1249|1377|
565|1990|2035|
566|1758|1819|
566|1900|355|
566|1984|150|
567|1454|415|
567|1670|2342|
567|1790|1048|
568|1462|2367|
568|1562|2323|
568|1935|576|
568|1967|2431|
569|1206|585|
569|1229|2153|
569|1588|236|
569|1824|356|
569|1861|1832|
569|1974|849|
570|1693|1689|
57|1056|1178|
571|1637|356|
571|1645|1158|
571|1647|365|
571|1683|115|
57|1416|1937|
57|1665|75|
57|1792|851|
572|1274|209|
572|1302|1133|
572|1662|370|
572|1918|535|
573|1311|476|
574|1159|85|
574|1456|1921|
574|1475|856|
574|1692|537|
574|1948|2424|
575|1245|1106|
575|1250|991|
575|1438|1387|
575|1455|1069|
575|1618|2458|
575|1644|468|
575|1681|360|
575|1893|2260|
576|1092|1340|
576|1408|825|
576|1650|227|
576|1747|1642|
576|1863|1194|
577|1431|396|
578|1087|2347|
578|1366|218|
578|1819|1262|
579|1245|774|
579|1443|1451|
579|1895|2002|
580|1247|122|
580|1347|789|
580|1728|1569|
580|1983|1245|
581|1738|452|
581|1815|751|
58|1736|2443|
58|1848|135|
582|1255|383|
582|1632|2493|
582|1662|1924|
582|1689|2465|
583|1315|2042|
583|1813|1523|
584|1218|738|
584|1511|1007|
584|1584|451|
584|1588|2384|
585|1019|1150|
585|1919|72|
585|1970|757|
586|1183|2078|
587|1129|1303|
587|1161|1900|
587|1175|1277|
587|1314|1462|
587|1345|2390|
587|1993|1221|
588|1019|2262|
588|1148|1947|
588|1293|27|
588|1352|577|
588|1984|1557|
589|1342|1982|
590|1228|20|
590|1481|1381|
590|1577|1463|
591|1150|875|
591|1330|526|
591|1862|1816|
591|1954|1368|
59|1421|170|
59|1617|674|
59|1946|2156|
59|1959|338|
59|1964|427|
592|1068|2230|
592|1147|1300|
592|1657|2336|
592|1776|1355|
592|1834|628|
592|1880|583|
593|1443|2081|
593|1533|18|
593|1738|1517|
593|1988|1238|
595|1069|1016|
595|1145|2048|
595|1385|1536|
595|1698|1805|
597|1160|1049|
597|1323|302|
598|1072|197|
598|1645|622|
598|1981|208|
599|1021|1580|
599|1406|950|
599|1505|926|
600|1716|1939|
601|1141|1055|
601|1568|694|
60|1157|2065|
60|1158|1549|
60|1387|811|
602|1866|1101|
602|1992|2091|
603|1382|1195|
603|1593|1117|
603|1840|1043|
604|1538|1764|
605|1898|2413|
606|1333|508|
606|1522|2101|
606|1568|1892|
606|1921|1427|
606|1942|243|
607|1972|1553|
608|1092|206|
608|1372|1853|
608|1465|1527|
608|1489|325|
608|1957|395|
609|1375|712|
609|1950|1842|
610|1451|300|
610|1502|2210|
610|1633|2412|
610|1647|2193|
610|1849|300|
611|1892|95|
61|1301|875|
61|1803|2162|
61|1912|552|
61|1992|588|
612|1223|192|
612|1461|1985|
612|1778|1747|
612|1979|698|
613|1080|1089|
613|1166|700|
613|1447|2123|
613|1466|720|
614|1137|15|
614|1352|842|
614|1536|2197|
614|1877|1671|
615|1136|872|
615|1354|1538|
616|1145|2204|
616|1433|1342|
616|1544|1926|
616|1772|2450|
616|1825|353|
617|1171|364|
617|1710|1843|
617|1842|2130|
6|1769|1394|
618|1401|2|
618|1433|1212|
619|1155|1868|
620|1189|1920|
620|1362|860|
620|1524|711|
621|1146|1927|
621|1275|2302|
621|1733|2217|
62|1184|174|
62|1286|1239|
62|1979|1350|
622|1096|1573|
622|1107|2093|
622|1574|1906|
622|1901|2115|
623|1207|2066|
623|1210|362|
623|1742|507|
623|1823|2367|
623|1860|2082|
624|1680|91|
626|1191|1713|
626|1334|1300|
626|1535|543|
626|1572|384|
626|1631|678|
626|1651|72|
626|1744|1265|
627|1001|2018|
628|1072|593|
628|1253|1579|
628|1809|1138|
629|1675|1905|
629|1865|303|
630|1248|1133|
630|1641|271|
630|1718|2491|
630|1930|1695|
631|1176|324|
631|1630|2049|
631|1778|1760|
63|1352|2358|
63|1594|1314|
63|1972|215|
632|1068|700|
632|1400|489|
632|1526|1028|
633|1216|1356|
633|1450|2327|
633|1774|201|
633|1826|1467|
633|1945|544|
634|1193|1331|
634|1270|1799|
634|1733|450|
635|1124|1091|
635|1366|2432|
635|1868|66|
636|1125|50|
636|1918|1288|
636|1954|809|
636|1979|1060|
637|1341|987|
637|1654|2195|
637|1670|2152|
637|1975|2|
638|1114|1893|
638|1227|2021|
638|1311|1666|
638|1829|1137|
639|1139|2208|
639|1236|2018|
639|1377|545|
640|1409|245|
640|1712|1763|
641|1180|2040|
641|1461|1548|
642|1153|996|
642|1386|1267|
642|1915|2207|
643|1286|288|
643|1454|2414|
643|1989|1888|
644|1007|1596|
645|1582|921|
646|1536|985|
646|1949|1186|
647|1125|192|
647|1297|990|
648|1076|881|
648|1104|223|
648|1751|1181|
648|1770|1063|
648|1940|1870|
649|1149|2329|
649|1221|1484|
649|1408|1703|
649|1878|604|
649|1977|992|
650|1538|1101|
651|1273|935|
651|1633|642|
651|1654|1450|
651|1756|2085|
65|1346|1917|
652|1378|662|
652|1430|1467|
652|1497|761|
652|1587|375|
652|1744|1867|
652|1753|803|
652|1963|1736|
653|1007|1337|
653|1135|2490|
653|1920|685|
654|1524|921|
655|1483|1509|
655|1537|807|
656|1148|684|
656|1191|1725|
657|1028|1279|
657|1087|2125|
657|1150|157|
657|1388|2067|
657|1617|1520|
658|1495|296|
658|1649|2385|
658|1725|1419|
659|1119|285|
659|1430|348|
659|1566|587|
659|1584|1755|
661|1098|1545|
661|1229|1757|
661|1234|409|
661|1437|2163|
661|1461|536|
661|1705|1999|
661|1844|53|
66|1301|1847|
66|1468|2013|
66|1496|548|
66|1738|2037|
66|1811|1542|
663|1019|579|
663|1298|1000|
663|1541|1406|
663|1908|1242|
664|1886|1604|
665|1165|2095|
665|1179|47|
665|1340|824|
665|1690|1706|
666|1358|2361|
666|1537|956|
666|1568|268|
666|1586|840|
666|1994|601|
667|1354|580|
667|1679|946|
667|1699|2294|
668|1215|946|
668|1238|2149|
668|1525|1146|
669|1419|94|
669|1599|438|
669|1730|2248|
669|1826|679|
669|1931|1198|
670|1064|1625|
670|1230|2057|
670|1453|335|
670|1775|1985|
670|1930|2142|
671|1025|1387|
671|1061|914|
671|1690|122|
671|1938|539|
67|1886|1499|
67|1887|1851|
672|1212|2255|
672|1548|1265|
672|1570|1424|
672|1684|629|
673|1317|874|
673|1432|1551|
673|1905|474|
674|1543|118|
674|1579|1813|
674|1623|1170|
674|1686|2447|
674|1962|1858|
675|1020|235|
675|1196|1715|
676|1015|1166|
676|1585|2296|
676|1667|2116|
676|1911|356|
677|1172|2188|
677|1434|1853|
678|1296|2053|
678|1775|1837|
679|1357|2059|
679|1502|2022|
679|1826|2366|
680|1107|1325|
680|1509|12|
680|1514|1431|
681|1739|16|
68|1186|1408|
68|1413|2051|
68|1549|2106|
682|1421|1162|
682|1813|519|
683|1345|1370|
683|1434|1752|
683|1527|320|
683|1701|1613|
683|1724|2048|
683|1852|1301|
684|1036|948|
684|1065|21|
684|1169|679|
684|1291|627|
684|1452|843|
684|1776|311|
684|1961|497|
684|1995|246|
685|1059|1286|
685|1508|2476|
686|1367|56|
687|1153|1455|
687|1282|1763|
687|1824|2279|
687|1828|1954|
687|1910|271|
688|1067|518|
688|1157|884|
688|1706|701|
688|1797|461|
688|1942|721|
689|1137|221|
689|1630|578|
690|1110|1926|
690|1505|253|
690|1568|2471|
690|1675|2473|
690|1752|913|
690|1864|2385|
690|1987|1930|
691|1117|800|
691|1211|1561|
691|1405|2418|
69|1316|2027|
69|1525|1483|
69|1887|1349|
69|1935|841|
692|1546|1102|
693|1738|1489|
694|1431|914|
694|1448|109|
694|1652|1627|
695|1367|2046|
695|1424|1652|
695|1572|1437|
695|1905|1839|
696|1568|364|
696|1634|1437|
697|1236|78|
697|1361|830|
697|1400|1178|
697|1468|892|
697|1871|912|
698|1431|905|
698|1777|671|
698|1971|741|
699|1989|2182|
700|1237|2028|
700|1482|1867|
701|1009|2284|
701|1280|1010|
701|1547|125|
70|1496|127|
70|1811|1922|
70|1845|1364|
702|1275|2088|
702|1438|88|
704|1027|2289|
704|1223|597|
704|1298|1808|
704|1606|1668|
704|1952|1968|
705|1087|2253|
706|1609|1018|
706|1958|2305|
707|1124|2187|
707|1258|1196|
707|1713|2145|
707|1884|2304|
708|1019|2359|
708|1110|29|
708|1702|1636|
708|1998|320|
709|1641|1420|
709|1981|2217|
710|1048|1284|
710|1367|371|
710|1605|774|
710|1659|1343|
710|1806|1748|
71|1011|105|
71|1031|698|
711|1270|2435|
711|1463|2459|
711|1578|731|
711|1658|1680|
71|1252|965|
7|1138|2021|
71|1795|2332|
713|1277|933|
713|1439|208|
713|1666|2378|
7|1383|1812|
714|1012|2434|
714|1327|1454|
714|1529|736|
7|1442|729|
715|1011|170|
715|1148|1538|
715|1155|2024|
715|1262|367|
715|1314|98|
715|1567|2277|
716|1088|677|
716|1128|1918|
716|1989|549|
717|1196|2408|
717|1300|1503|
717|1704|836|
717|1747|1261|
718|1483|2041|
718|1724|1281|
718|1724|1470|
719|1167|2295|
719|1592|2253|
719|1613|2461|
720|1213|1600|
720|1516|1128|
720|1671|166|
721|1310|1770|
721|1657|908|
721|1728|1531|
722|1103|216|
722|1172|1718|
722|1191|2480|
722|1292|2174|
723|1813|138|
724|1246|595|
724|1486|782|
724|1591|2127|
724|1650|1359|
725|1449|1565|
725|1763|1429|
725|1872|2359|
726|1473|1520|
727|1132|802|
727|1297|571|
727|1389|1715|
727|1396|1030|
727|1770|307|
728|1081|1149|
728|1241|2401|
728|1493|1567|
728|1564|883|
728|1723|2378|
729|1021|1426|
729|1127|1507|
729|1624|1075|
730|1049|1172|
730|1153|2064|
730|1417|2057|
73|1006|2375|
731|1840|2159|
731|1966|2166|
73|1318|2033|
73|1483|2379|
73|1715|2|
732|1187|1913|
732|1270|2380|
733|1087|395|
733|1160|878|
733|1277|1987|
733|1363|1124|
734|1208|2320|
734|1849|1431|
735|1045|1660|
735|1838|1536|
736|1699|2180|
737|1296|2124|
737|1571|1420|
737|1620|2375|
738|1137|1161|
738|1494|1541|
739|1099|526|
739|1415|259|
739|1494|711|
739|1864|386|
740|1107|1496|
740|1117|1025|
740|1146|1608|
740|1236|1343|
740|1665|1816|
741|1280|282|
74|1312|108|
74|1402|2373|
74|1421|825|
74|1994|170|
742|1090|56|
742|1497|1179|
742|1505|678|
742|1893|427|
743|1049|2468|
744|1326|1502|
744|1600|1050|
745|1279|514|
745|1804|1100|
746|1268|560|
746|1491|700|
746|1595|694|
747|1515|1535|
747|1546|950|
747|1873|2050|
747|1880|1218|
747|1964|1605|
747|1983|1075|
748|1429|1189|
748|1942|1484|
748|1952|636|
749|1605|2067|
749|1733|2058|
749|1857|814|
751|1027|928|
751|1243|585|
751|1481|773|
751|1505|1248|
751|1603|423|
751|1738|62|
751|1793|2278|
75|1833|1224|
752|1022|1014|
752|1077|2147|
752|1548|2047|
753|1995|799|
754|1066|1664|
754|1307|1612|
754|1336|2240|
754|1654|1320|
755|1014|1569|
755|1249|722|
755|1289|2347|
755|1358|401|
755|1369|2105|
755|1679|1814|
755|1832|1359|
756|1040|1000|
756|1616|2494|
757|1064|233|
757|1892|1207|
758|1240|1412|
759|1290|2298|
759|1688|194|
760|1485|2109|
760|1732|990|
76|1085|80|
761|1195|2466|
76|1184|671|
761|1993|1278|
76|1626|98|
76|1918|1416|
762|1132|54|
762|1213|1012|
762|1930|374|
763|1027|1514|
763|1319|697|
763|1449|2214|
764|1215|445|
764|1220|2357|
764|1678|2079|
764|1932|2085|
764|1990|2216|
765|1223|98|
765|1532|258|
765|1979|2460|
766|1230|1300|
766|1804|2452|
766|1867|29|
766|1874|1826|
767|1160|731|
767|1255|2038|
767|1291|1334|
767|1617|1398|
767|1873|1625|
767|1920|2337|
767|1992|2342|
768|1010|435|
768|1406|632|
768|1659|1811|
769|1262|363|
769|1426|2045|
769|1607|624|
770|1603|473|
770|1759|629|
77|1080|1304|
771|1026|845|
771|1614|2114|
77|1249|2306|
77|1534|837|
77|1706|1060|
772|1899|2349|
773|1253|1174|
773|1311|2201|
773|1595|94|
773|1898|1754|
774|1023|1353|
774|1089|1691|
774|1257|42|
774|1496|216|
776|1717|211|
776|1818|434|
777|1267|2419|
777|1821|1791|
777|1870|1345|
777|1975|2490|
778|1075|657|
778|1651|1026|
778|1671|852|
778|1780|1169|
779|1196|2215|
779|1943|1462|
780|1691|1711|
780|1913|1486|
781|1116|1113|
781|1223|930|
781|1469|1139|
78|1999|941|
782|1047|134|
784|1118|613|
784|1609|1821|
784|1973|435|
785|1041|1433|
785|1662|1250|
785|1739|968|
785|1754|529|
786|1062|300|
786|1277|2345|
786|1600|1933|
787|1100|1973|
787|1164|1813|
787|1723|2391|
787|1911|889|
788|1260|2383|
788|1683|1814|
788|1914|1712|
789|1002|445|
789|1101|1045|
789|1639|1217|
789|1705|920|
790|1589|1226|
790|1994|1211|
791|1029|1166|
791|1244|1924|
791|1677|200|
79|1498|276|
792|1216|1196|
792|1264|811|
792|1823|287|
793|1432|2350|
793|1801|2170|
794|1114|1039|
794|1495|1220|
794|1498|864|
795|1297|115|
795|1492|864|
795|1663|1523|
795|1681|2051|
796|1706|1726|
797|1778|648|
797|1813|1936|
798|1215|2368|
799|1111|720|
799|1120|369|
799|1389|1113|
799|1911|1577|
800|1111|1370|
800|1520|1219|
800|1534|2350|
800|1956|868|
800|1959|1571|
801|1654|688|
80|1276|1111|
80|1555|1426|
80|1790|437|
80|1930|1441|
802|1088|2293|
802|1101|444|
802|1684|211|
802|1859|652|
802|1932|579|
803|1057|800|
803|1426|1506|
803|1457|235|
803|1883|531|
804|1376|1261|
804|1537|1311|
805|1068|108|
805|1385|2025|
806|1303|1142|
806|1380|746|
807|1141|713|
807|1674|1851|
808|1426|2284|
808|1652|87|
809|1087|3|
809|1478|1826|
809|1821|327|
809|1988|1925|
810|1007|709|
810|1370|1804|
81|1077|2361|
811|1126|874|
81|1379|2012|
81|1565|2493|
812|1098|2496|
812|1512|1003|
812|1514|2400|
813|1307|702|
813|1583|2015|
813|1860|946|
814|1214|2145|
814|1337|438|
814|1503|1391|
814|1594|642|
814|1956|1535|
815|1637|1380|
815|1656|1706|
815|1978|2069|
816|1268|2405|
816|1310|646|
816|1498|1293|
816|1755|1864|
8|1704|584|
817|1023|951|
817|1029|642|
817|1414|2473|
817|1787|41|
817|1803|789|
8|1722|671|
8|1778|22|
818|1234|2188|
818|1645|638|
818|1647|392|
819|1327|898|
819|1608|965|
820|1354|1621|
820|1515|2416|
821|1256|1122|
821|1309|844|
82|1238|775|
82|1378|983|
82|1385|2445|
82|1641|189|
82|1715|2245|
82|1870|728|
822|1028|1817|
822|1438|1090|
823|1277|1954|
823|1580|941|
823|1661|1248|
824|1960|1576|
825|1081|2468|
825|1223|1925|
825|1235|895|
825|1543|2088|
825|1770|1600|
825|1821|1025|
826|1654|1922|
826|1868|686|
827|1502|747|
827|1723|1586|
827|1726|188|
827|1743|773|
828|1687|827|
829|1072|2480|
829|1107|817|
829|1493|501|
829|1792|1516|
830|1519|1446|
831|1329|143|
831|1715|1607|
83|1427|1442|
83|1481|1597|
83|1972|766|
832|1138|1538|
833|1740|370|
834|1159|1882|
834|1460|1761|
834|1521|1496|
834|1952|2244|
836|1146|2328|
836|1769|2170|
837|1295|2021|
837|1825|203|
837|1897|1548|
837|1956|521|
838|1185|1363|
838|1309|677|
838|1642|2005|
839|1548|1365|
840|1853|2219|
840|1903|2228|
841|1332|2168|
841|1616|1288|
84|1476|800|
84|1543|114|
84|1544|1445|
84|1828|1151|
84|1907|1763|
842|1374|1391|
844|1089|595|
844|1319|1611|
844|1386|1490|
844|1796|1439|
844|1797|2177|
844|1869|465|
845|1812|984|
845|1863|432|
845|1869|361|
846|1457|703|
846|1530|103|
846|1736|156|
847|1258|120|
847|1436|1027|
847|1590|853|
848|1032|412|
848|1260|779|
848|1285|732|
848|1422|1438|
848|1539|850|
848|1758|228|
848|1773|2436|
849|1100|246|
850|1795|1332|
851|1101|1974|
851|1458|2490|
851|1565|1479|
851|1592|1992|
851|1840|1423|
851|1937|769|
85|1618|22|
85|1936|1832|
852|1637|364|
852|1785|1665|
853|1105|1891|
853|1189|732|
853|1505|412|
853|1509|2079|
853|1655|2086|
854|1136|2306|
855|1169|1073|
855|1394|1518|
855|1464|323|
855|1971|1381|
856|1019|1136|
856|1314|2090|
856|1811|513|
856|1843|702|
857|1066|2014|
857|1084|2173|
857|1772|1052|
858|1681|2375|
859|1228|1908|
859|1409|1297|
859|1489|1739|
859|1961|231|
860|1001|1667|
860|1664|1010|
861|1153|356|
861|1374|357|
861|1468|100|
861|1826|598|
861|1989|621|
86|1216|414|
86|1678|1842|
862|1212|1388|
863|1203|2482|
863|1474|785|
863|1540|1312|
864|1067|634|
864|1815|2399|
864|1855|796|
865|1258|1911|
865|1707|32|
865|1800|1150|
866|1043|2072|
866|1373|1448|
866|1477|1863|
866|1511|159|
866|1683|2451|
867|1086|2423|
867|1173|977|
867|1227|1754|
867|1573|205|
867|1669|447|
867|1735|2253|
867|1824|2238|
867|1829|2396|
868|1280|886|
868|1360|1322|
868|1487|1500|
869|1371|1466|
869|1652|1223|
870|1303|1549|
870|1490|343|
870|1618|2284|
87|1010|221|
871|1320|545|
87|1218|2133|
87|1219|1657|
87|1328|1285|
87|1328|16|
87|1987|309|
872|1057|646|
872|1268|239|
872|1597|2366|
873|1200|1183|
873|1729|1088|
874|1027|549|
874|1102|1712|
874|1133|859|
874|1355|1350|
874|1467|359|
874|1469|41|
874|1560|1748|
874|1905|1779|
875|1321|2255|
875|1519|443|
875|1692|582|
875|1714|806|
875|1793|532|
877|1204|1249|
877|1506|2354|
877|1631|33|
877|1701|1888|
878|1366|1395|
878|1431|771|
879|1146|705|
879|1151|869|
879|1539|1403|
879|1764|164|
879|1787|1888|
879|1858|980|
880|1086|1216|
880|1145|2307|
880|1627|2407|
880|1797|1039|
880|1906|352|
881|1322|887|
881|1803|1323|
88|1316|1853|
88|1412|209|
88|1474|1317|
88|1772|105|
882|1204|592|
882|1857|1078|
882|1976|2051|
883|1228|1864|
883|1405|738|
883|1796|75|
883|1811|960|
884|1385|506|
884|1431|1615|
884|1456|1295|
884|1680|1772|
884|1913|1962|
885|1446|2048|
885|1516|1888|
885|1848|2127|
886|1403|1320|
886|1434|2327|
886|1622|1520|
886|1765|1612|
887|1115|1602|
887|1378|42|
887|1799|601|
888|1037|829|
888|1210|398|
888|1233|1230|
888|1873|353|
889|1603|1448|
889|1645|1755|
889|1722|546|
889|1935|1493|
890|1361|766|
89|1100|1239|
891|1169|2025|
89|1118|1675|
89|1130|1371|
891|1644|1377|
891|1868|1097|
892|1396|2301|
892|1725|190|
893|1011|2119|
893|1782|2093|
894|1103|1952|
894|1455|2143|
894|1458|1225|
894|1647|1443|
895|1167|192|
895|1431|2215|
895|1854|1804|
896|1239|1774|
896|1318|1412|
896|1871|704|
897|1708|339|
897|1781|64|
898|1481|523|
898|1576|651|
898|1789|1610|
899|1253|2220|
899|1804|1764|
900|1075|1508|
900|1601|1104|
900|1814|1260|
90|1155|698|
901|1569|2461|
901|1842|1905|
901|1917|1473|
90|1406|2178|
902|1184|777|
902|1279|1454|
902|1335|1632|
902|1479|79|
902|1485|2130|
902|1673|133|
902|1762|659|
902|1852|978|
904|1210|2460|
904|1360|183|
905|1009|1922|
905|1199|1028|
906|1009|2400|
906|1028|48|
907|1438|2065|
907|1745|579|
907|1811|1320|
907|1891|53|
908|1453|1179|
908|1888|260|
909|1292|1489|
909|1890|1930|
909|1997|96|
910|1514|622|
910|1711|730|
910|1962|1556|
9|1052|2088|
911|1182|239|
911|1335|727|
911|1347|1112|
911|1529|2175|
91|1162|2037|
911|1880|1532|
91|1283|1349|
91|1519|1661|
91|1535|323|
91|1682|2212|
91|1846|1401|
91|1868|2178|
912|1147|1729|
912|1242|1909|
912|1737|1760|
912|1814|1429|
912|1923|1840|
913|1060|21|
913|1810|599|
9|1336|789|
914|1849|1478|
914|1877|2065|
915|1010|1009|
915|1136|276|
915|1533|1780|
916|1354|862|
916|1521|817|
916|1576|35|
916|1645|1050|
916|1704|940|
916|1837|82|
916|1851|762|
916|1872|814|
917|1233|252|
917|1419|538|
917|1421|1715|
917|1897|2173|
918|1192|428|
918|1751|131|
918|1820|1962|
918|1855|487|
920|1058|1908|
920|1530|2389|
920|1931|1262|
921|1147|227|
921|1200|1022|
921|1460|2076|
921|1634|203|
921|1726|2377|
921|1842|2007|
921|1985|257|
92|1533|2286|
922|1002|1779|
922|1649|2468|
922|1728|1628|
923|1157|453|
923|1401|996|
923|1490|1178|
923|1802|942|
923|1893|773|
923|1922|1061|
923|1948|1556|
924|1732|1223|
924|1748|1693|
924|1948|146|
925|1180|2386|
925|1290|469|
925|1404|1167|
925|1793|608|
925|1914|303|
926|1409|1676|
926|1539|535|
926|1649|1489|
926|1696|1286|
927|1268|1276|
927|1908|1094|
928|1283|2414|
928|1330|996|
928|1811|1493|
929|1414|1613|
929|1901|1221|
929|1994|1545|
930|1230|1962|
930|1298|696|
931|1043|1398|
931|1059|583|
931|1369|473|
93|1503|1768|
93|1607|1277|
93|1928|1110|
932|1155|660|
932|1528|77|
932|1531|690|
933|1358|882|
934|1097|2219|
934|1374|463|
934|1635|1283|
934|1825|622|
935|1133|1513|
935|1399|951|
935|1523|306|
935|1724|874|
936|1518|61|
937|1198|1216|
937|1364|103|
937|1418|1980|
939|1427|205|
939|1525|1884|
939|1556|1256|
939|1832|228|
939|1863|945|
940|1101|388|
940|1302|2137|
940|1480|1137|
940|1503|1116|
941|1010|868|
941|1514|1449|
94|1153|2319|
941|1591|960|
941|1593|1613|
941|1715|547|
941|1872|1200|
94|1343|2293|
94|1446|488|
94|1877|201|
94|1932|658|
942|1214|1395|
942|1246|1939|
942|1260|665|
942|1356|2083|
942|1664|2003|
942|1887|172|
942|1910|1989|
943|1015|2185|
943|1744|1249|
944|1060|2275|
944|1227|2122|
945|1038|2370|
945|1626|1509|
946|1074|764|
946|1203|1232|
946|1283|998|
946|1427|717|
946|1638|1940|
946|1959|994|
947|1225|2269|
947|1248|1579|
947|1360|983|
947|1634|1224|
947|1699|368|
947|1716|463|
947|1977|1828|
948|1030|1796|
948|1233|2268|
948|1512|1058|
948|1844|549|
949|1737|1967|
949|1987|1999|
950|1132|1134|
950|1759|1789|
950|1780|350|
951|1200|406|
951|1637|324|
951|1747|1013|
951|1808|480|
95|1556|1321|
953|1359|1080|
953|1511|2019|
953|1630|1658|
954|1746|672|
954|1908|1042|
954|1920|1300|
955|1018|2062|
955|1157|1545|
955|1388|1209|
955|1528|1023|
955|1689|450|
956|1179|1023|
956|1398|2108|
957|1282|598|
957|1843|921|
957|1901|23|
958|1615|1642|
958|1679|878|
959|1012|1321|
959|1294|1800|
959|1382|2273|
959|1947|2459|
960|1743|2154|
961|1717|1671|
96|1261|842|
96|1403|980|
96|1762|994|
962|1052|1170|
962|1149|214|
962|1248|1926|
962|1444|1161|
962|1475|553|
962|1485|1148|
963|1087|22|
963|1913|2290|
964|1053|1646|
964|1067|2019|
964|1215|1831|
964|1683|1865|
965|1098|2039|
966|1081|477|
966|1130|1846|
966|1214|1906|
966|1409|1314|
966|1788|1813|
966|1819|1906|
966|1874|821|
967|1280|274|
967|1524|761|
967|1924|1443|
968|1386|1559|
968|1577|485|
968|1904|574|
969|1532|1431|
970|1040|932|
970|1100|332|
970|1167|614|
970|1730|912|
971|1465|1835|
971|1554|1316|
971|1799|163|
971|1897|2277|
97|1234|303|
97|1339|1046|
97|1395|2113|
97|1732|1034|
97|1738|259|
97|1771|1762|
97|1814|1169|
972|1894|662|
973|1123|1449|
973|1382|80|
973|1834|990|
974|1022|1180|
974|1192|566|
974|1884|1789|
975|1743|2442|
976|1048|1471|
976|1338|2306|
976|1722|424|
976|1999|1264|
977|1117|434|
977|1491|889|
977|1636|103|
978|1974|1004|
979|1409|36|
979|1612|1618|
980|1136|1141|
980|1947|177|
98|1035|1507|
98|1040|1559|
981|1433|254|
98|1172|2144|
981|1801|1193|
98|1321|1354|
98|1501|1216|
98|1781|1765|
98|1861|2090|
982|1135|529|
982|1216|1387|
982|1321|1351|
983|1180|2005|
983|1231|1055|
983|1236|1515|
983|1392|830|
984|1434|1109|
984|1533|689|
984|1889|2173|
984|1925|2367|
985|1002|790|
985|1218|722|
985|1346|2354|
985|1648|974|
985|1702|2477|
986|1292|228|
986|1854|617|
987|1356|1414|
988|1327|368|
988|1423|1594|
988|1651|952|
988|1968|664|
990|1156|390|
990|1950|273|
991|1032|1226|
991|1386|1094|
991|1996|2250|
99|1663|1665|
99|1722|331|
992|1009|1575|
992|1013|443|
992|1045|838|
992|1355|2074|
993|1491|269|
994|1350|1145|
994|1684|2230|
994|1799|537|
995|1119|59|
995|1518|2335|
995|1522|1577|
996|1240|2432|
996|1638|638|
996|1863|1097|
997|1023|1434|
997|1476|1656|
997|1578|2162|
997|1936|2117|
998|1994|852|
999|1070|722|
999|1195|1657|
