0|5|9596|1834|
1000|3|6919|2144|
1001|5|9528|2018|
1002|3|5957|1779|
1003|4|9508|2433|
1004|4|9979|1614|
1005|5|7194|2446|
1006|8|9189|2375|
1007|6|9292|1666|
1008|5|8034|2091|
1009|6|9374|2400|
100|9|9870|2363|
1010|7|9186|1044|
1011|6|9492|2289|
1012|3|9929|2434|
1013|9|9678|2480|
1014|3|8745|1569|
101|4|9942|2120|
1015|7|7760|2185|
1016|5|9974|1033|
1017|1|1300|750|
1018|4|9689|2062|
1019|11|9351|2359|
1020|2|8438|235|
1021|4|9827|2312|
1022|6|8934|1719|
1023|6|9510|1724|
1024|4|9025|2310|
102|4|7164|2374|
1025|6|9555|2472|
1026|4|9876|2169|
1027|5|9530|2289|
1028|5|8854|1817|
1029|8|8883|2272|
1030|5|8645|2101|
1031|5|7468|1840|
1032|5|9631|2367|
1033|6|9204|1499|
1034|3|8486|2365|
1035|4|6320|2346|
1036|6|9493|1639|
1037|2|4898|2012|
103|7|9820|2338|
10|3|8233|1908|
1038|6|9723|2370|
1039|5|5836|2395|
1040|3|7756|1559|
1041|3|8300|2486|
1042|4|3559|1993|
1043|7|9396|2394|
1045|5|9536|1660|
1046|1|1311|1277|
1047|5|9714|2106|
104|7|9568|2169|
1048|6|8942|1546|
1049|5|4750|2468|
1050|4|7160|2382|
1051|3|7996|1228|
1052|3|6874|2088|
1053|6|7519|1922|
1054|6|9592|1994|
1055|10|8163|2461|
105|5|7203|2011|
1056|8|9494|1924|
1057|6|7737|2410|
1058|5|6672|2197|
1059|4|9230|2245|
1060|8|8909|2275|
1061|5|8984|1949|
1062|2|2901|1184|
1063|3|9293|2467|
106|3|6760|2115|
1064|5|9326|2327|
1065|5|8481|1046|
1066|5|7993|2049|
1067|4|9041|2019|
1068|5|9001|2230|
1069|4|8839|2095|
1070|7|9802|2373|
1071|2|7385|1322|
1072|5|8664|2480|
1073|5|5152|2288|
1074|9|8599|2060|
1075|3|6030|1508|
107|5|6144|2001|
1076|4|7121|1812|
1077|5|7354|2361|
1078|5|7158|1862|
1079|2|9843|2443|
1080|8|9924|2307|
1081|5|9857|2468|
1082|3|7965|2434|
1083|2|7036|1079|
1084|1|4041|2173|
1085|4|9435|1377|
108|5|9623|2464|
1086|9|8655|2451|
1087|13|9769|2347|
1088|4|5097|2293|
1089|5|6299|1691|
1090|3|8143|2282|
1091|5|5053|2260|
1092|5|8119|1678|
1093|3|6814|2008|
109|3|7080|2394|
1094|8|9464|2383|
1095|4|7959|2206|
1096|3|4430|1573|
1097|4|5842|2348|
1098|5|8717|2496|
1099|4|9323|974|
1100|7|9932|1973|
1101|10|7813|2187|
1102|4|6686|1829|
1103|11|8421|1980|
1104|4|9320|2077|
1105|5|9020|1891|
1106|3|5374|1995|
1107|7|9103|2093|
1108|2|7953|374|
1109|4|9400|1006|
110|9|8298|2391|
1110|6|9603|1926|
1111|3|8695|1370|
1113|6|8754|1837|
1114|7|9733|2083|
1115|4|7606|2347|
1116|5|9429|2262|
111|7|7891|1816|
1117|7|9955|2099|
1118|9|7480|2233|
1119|9|9451|2348|
1120|4|1530|2364|
1121|3|9704|2008|
1122|1|451|2088|
1123|3|5874|1929|
1124|5|8812|2383|
1125|12|9847|2370|
1126|2|6730|874|
1127|5|8641|1691|
112|7|9746|2092|
1128|5|6988|2374|
1129|3|8243|2426|
1130|5|8317|1846|
1131|6|7288|2429|
1132|4|9579|1776|
1133|5|9552|1513|
1134|3|5438|625|
1135|5|7733|2490|
1136|6|9127|2456|
113|6|9674|1667|
1137|7|8632|2494|
1138|2|6555|2021|
1139|2|7616|2266|
1140|3|7292|1952|
1141|6|9273|2250|
1142|5|6863|2084|
1143|3|4253|2269|
1144|1|8260|990|
114|4|8299|2467|
1145|13|8724|2307|
1146|9|9875|2328|
1147|4|9263|1729|
1148|5|8822|2472|
1149|6|7711|2432|
1150|3|9196|875|
1151|4|9410|1956|
1152|2|6639|2396|
1153|11|8468|2499|
115|3|8850|1942|
1154|2|3661|602|
1155|8|4846|2151|
1156|4|8669|1956|
1157|7|9079|2105|
1158|6|9441|2302|
11|5|9120|2356|
1159|7|9581|1977|
1160|7|9830|2168|
1161|2|8991|1924|
1162|3|7896|2037|
1163|1|5028|513|
1164|4|8653|2323|
116|4|9670|1351|
1165|3|8443|2460|
1166|5|8845|2012|
1167|8|5317|2295|
1168|3|5520|1872|
1169|5|9856|2025|
1170|4|8620|2097|
1171|8|9786|1840|
1172|10|8571|2188|
1173|3|6858|2185|
1174|3|3729|1863|
1175|5|9836|1495|
1176|6|9658|2102|
1177|2|3441|1066|
117|7|8720|1387|
1178|2|9998|1887|
1179|3|9452|1260|
1180|7|9619|2410|
1181|2|7371|2434|
1182|3|9574|2494|
1183|8|8103|2178|
1184|7|8263|1869|
1185|5|8600|1932|
1186|7|9690|2180|
1187|3|8011|2442|
118|7|9078|2455|
1188|3|8445|2081|
1189|7|9801|2327|
1190|1|4574|1809|
1191|9|8095|2480|
1192|4|8808|1966|
1193|3|4843|1331|
1194|3|4292|2335|
1195|9|8625|2466|
1196|8|9781|2408|
119|6|9898|1916|
1198|3|6140|1893|
1199|2|9137|1595|
1200|6|9871|2354|
1202|3|9171|1420|
1203|3|8261|2482|
1204|6|7874|2330|
1205|3|6038|1754|
1206|2|6062|2081|
120|6|7464|1989|
1207|2|4277|2066|
1208|3|8463|2320|
1209|4|8265|2074|
1210|7|7362|2460|
1211|4|7613|1824|
1212|7|9780|2255|
1213|2|9783|1600|
121|4|7510|1432|
1214|8|8208|2145|
1215|6|9788|2368|
1216|9|9742|2125|
1217|8|8910|2496|
1218|4|5211|2133|
1219|5|4674|2497|
1220|3|7598|2357|
1221|6|7220|1719|
1222|1|3540|10|
1223|9|8885|1925|
1224|2|3631|845|
1225|5|9565|2269|
122|5|9083|2247|
1226|2|4935|1332|
1227|5|9010|2149|
1228|6|7781|1908|
1229|4|6151|2153|
1230|5|9750|2057|
1231|6|7844|1055|
1232|4|8737|2361|
1233|6|8312|2344|
1234|5|9982|2188|
1235|4|8210|2160|
1236|6|8851|2018|
1237|6|8429|2322|
123|7|8232|1567|
1238|8|9112|2293|
1239|5|9672|2147|
1240|4|9947|2432|
1241|6|8558|2401|
1242|3|9575|1909|
1243|3|4263|2336|
1244|3|9144|1924|
124|4|6526|1349|
1245|4|5216|1413|
1246|6|8985|2371|
1247|6|8396|1969|
1248|8|8713|2475|
1249|6|8957|2306|
1250|5|9545|1720|
1251|3|3822|1482|
1252|4|9881|1796|
1253|7|8941|2220|
1254|4|9167|2270|
125|4|8268|2108|
1255|5|7812|2038|
1256|6|9951|1998|
1257|5|8860|1928|
1258|5|9773|2455|
1259|5|6950|1890|
1260|6|8222|2383|
1261|2|7901|842|
1262|4|9629|1966|
1263|3|1909|2475|
1264|2|7327|1884|
1265|4|7417|1583|
126|5|9933|2082|
1267|6|9943|2419|
1268|5|9706|2405|
1269|5|9885|2337|
1270|4|9408|2435|
1271|3|7357|1463|
1272|1|7837|1527|
1273|3|6719|1939|
127|3|3760|2126|
1274|3|6421|1203|
1275|5|8901|2302|
1276|8|9976|2278|
1277|7|9064|2492|
1278|3|5823|2228|
1279|5|7603|1607|
12|7|9888|2035|
1280|10|9964|1569|
1281|4|8551|2465|
1282|7|9882|2153|
1283|5|9564|2414|
1284|4|7386|938|
1285|2|3628|1559|
128|5|6074|1556|
1286|6|8726|1513|
1287|3|9296|1295|
1288|3|7754|1752|
1289|6|9662|2347|
1290|5|7087|2356|
1291|11|9520|2492|
1292|5|8171|2174|
1293|4|9443|1528|
1294|7|9737|2420|
1295|4|5407|2021|
1296|2|7211|2124|
129|6|9175|2270|
1297|5|8453|2309|
1298|5|5503|1808|
1300|1|5596|1503|
1301|2|8430|1847|
1302|7|8520|2137|
1303|9|9991|2348|
1304|6|8536|2325|
1305|5|7608|1577|
130|5|9608|1479|
1306|6|5147|2411|
1307|6|9287|2101|
1308|3|3388|1437|
1309|4|8686|1768|
1310|5|6552|1809|
1311|8|9423|2346|
1312|4|8270|1880|
1313|3|7950|2492|
1314|5|9414|2090|
1315|5|6396|2178|
1316|6|9316|2027|
1317|4|7673|1215|
131|7|9236|2460|
1318|5|8960|2033|
1319|6|9858|2411|
1320|1|2860|545|
1321|7|8773|2255|
1322|3|7851|2414|
1323|6|9094|2420|
1324|3|6163|2139|
132|4|8089|2462|
1325|4|9241|2343|
1326|2|9076|1651|
1327|7|7307|2155|
1328|4|7457|1285|
1329|6|8666|2054|
1330|8|9426|2278|
1331|2|6706|2454|
1332|5|7986|2168|
1333|4|7079|2221|
133|3|9412|2063|
1334|5|9868|1643|
1335|4|8579|1632|
1336|3|8677|2450|
13|3|6987|1738|
1337|6|8964|2450|
1338|6|8802|2306|
1339|2|3561|1685|
1340|5|9158|1302|
1341|4|6430|2190|
1342|7|9576|1982|
1343|5|8531|2293|
1344|4|7297|2471|
1345|6|8962|2464|
1346|8|9824|2371|
1347|4|5996|2119|
1348|6|8272|2367|
1349|1|8920|1108|
134|9|9566|2326|
1350|4|8176|1145|
1351|5|6640|1074|
1352|5|8327|2358|
135|2|6256|1303|
1353|6|8373|1572|
1354|9|9379|2126|
1355|6|7293|2344|
1356|5|9700|2083|
1357|2|7317|2059|
1358|5|9959|2361|
1359|3|7399|2330|
1360|5|7819|2069|
1361|7|9963|2497|
1362|2|6772|860|
1363|7|9656|2378|
1364|2|6971|1163|
136|4|6268|2466|
1365|5|8855|2481|
1366|5|9914|2432|
1367|9|8305|2460|
1368|5|7647|1997|
1369|6|9346|2105|
1370|3|8572|2387|
1371|1|4566|1466|
1372|3|9653|2379|
1373|3|5416|1741|
1374|9|9364|2185|
137|5|3532|2434|
1375|6|9887|2323|
1376|7|9649|1952|
1377|3|7774|2243|
1378|7|9086|2234|
1379|7|8274|2338|
1380|6|7687|1577|
1381|3|9845|1697|
1382|4|7871|2273|
1383|4|8630|2149|
1384|5|9523|2374|
1385|8|9549|2445|
1386|8|8461|2047|
1387|3|9309|2226|
1388|6|6293|2067|
138|8|9621|1404|
1389|4|9878|1715|
1391|2|3275|2330|
1392|3|9174|2152|
1393|2|6389|1462|
1394|3|8157|1518|
1395|5|8290|2113|
139|5|8293|1520|
1396|4|8324|2486|
1398|3|9102|2108|
1399|4|8512|1629|
1400|3|7825|1533|
1401|8|8742|2313|
1402|3|9314|2442|
1403|4|5248|1320|
1404|5|8936|2283|
1405|5|9463|2418|
140|5|8199|2280|
1406|5|9935|2457|
1407|1|103|81|
1408|5|9461|1703|
1409|10|9890|1676|
1410|3|7553|1493|
141|11|9660|2376|
1411|6|9027|1900|
1412|4|8862|814|
1413|2|8287|2051|
1414|5|9687|2473|
1415|4|8914|1734|
1416|4|9514|1937|
1417|5|8428|2057|
1418|3|9745|1980|
1419|8|8153|2301|
1420|5|8955|1818|
1421|6|8660|2469|
1422|4|9013|1920|
1423|7|9925|1769|
1424|5|6695|2229|
142|4|9776|2345|
1425|3|5112|2465|
1426|9|9466|2284|
1427|7|9235|1578|
1428|2|5928|2275|
14|2|9437|2498|
1429|6|8362|1486|
1430|7|8931|1497|
1431|7|8047|2215|
1432|10|8554|2350|
1433|9|8306|2282|
1434|8|6980|2327|
1435|2|4033|1890|
1436|9|8590|2256|
1437|3|7106|2163|
1438|4|8092|2065|
1439|5|9810|1786|
1440|3|7540|2053|
1441|3|8489|1904|
1442|4|9863|1524|
1443|6|6963|2321|
1444|4|7716|2016|
144|4|9366|2270|
1445|5|9651|2379|
1446|7|9499|2380|
1447|3|6521|2123|
1448|3|8389|1254|
1449|6|8882|2214|
1450|3|4384|2327|
1451|4|9600|2443|
1452|3|6845|2049|
1453|4|9757|1179|
1454|8|9100|2414|
1455|5|9344|2257|
1456|5|9526|2347|
1457|5|9481|2379|
145|7|8959|2487|
1458|6|6001|2490|
1459|1|2158|2417|
1460|6|9711|2076|
1461|6|7073|1985|
1462|2|7042|2367|
1463|6|9972|2459|
1464|2|6420|2401|
1465|4|8949|1835|
146|5|5916|1778|
1466|3|6611|859|
1467|6|9541|2461|
1468|6|9095|2013|
1469|9|7437|1452|
1470|4|6825|2078|
1471|4|7313|2404|
147|3|8495|2423|
1473|9|9808|2433|
1474|11|9968|2150|
1475|5|8452|1458|
1476|2|9790|1656|
1477|5|9460|1863|
1478|4|9061|1826|
1479|6|9544|2424|
1480|6|7141|2292|
1481|6|6646|2037|
1482|5|3568|2482|
1483|8|6577|2379|
148|3|9639|2355|
1484|4|9851|1063|
1485|7|8856|2143|
1486|7|9909|2265|
1487|4|5007|1500|
1488|3|8823|2143|
1489|4|8223|1739|
1490|4|8336|1769|
1491|6|7768|2247|
1492|4|6865|1686|
1493|7|8961|2320|
1494|5|9361|1541|
1495|5|9923|1932|
149|6|8718|1948|
1496|8|8220|2015|
1497|5|7985|2004|
1498|14|9368|2400|
1499|4|9588|1329|
1500|2|8149|1440|
1501|6|5637|1982|
1502|7|9275|2210|
1503|8|9070|1897|
1504|1|2828|2373|
1505|7|8731|2362|
150|5|9944|2288|
1506|6|6400|2354|
1507|4|6311|1943|
1508|5|9825|2476|
1509|7|9879|2481|
1510|3|8501|1194|
1511|4|6519|2019|
1512|8|8807|2152|
1513|2|3205|2011|
1514|5|8113|2400|
1515|6|7703|2416|
151|5|9362|2301|
1516|7|9741|2046|
1517|1|8234|791|
1518|7|9861|2338|
1519|5|9068|2436|
1520|6|9598|2494|
1521|5|8172|2384|
1522|4|5628|2184|
1523|4|7995|2332|
1524|4|9590|921|
1525|6|8786|1992|
1526|3|990|1028|
1527|6|8491|1793|
1528|8|8229|2222|
152|8|9485|2458|
1529|7|5506|2175|
1530|4|7323|2389|
1531|5|9572|2474|
1532|5|9356|2400|
1533|4|6202|2286|
1534|10|9668|2350|
1535|8|8980|2309|
1536|8|6156|2197|
1537|7|6944|2458|
1538|4|7752|1764|
153|8|8925|2374|
1539|6|8456|1454|
1540|7|9605|1840|
1541|4|9453|1545|
1542|3|7840|1747|
1543|10|8796|2381|
1544|6|9302|1926|
154|4|9110|2191|
1545|2|7492|1008|
1546|6|9524|1763|
1547|5|6797|1343|
1548|5|6976|2047|
15|4|9274|2324|
1549|6|7699|2106|
1550|3|5148|1885|
1551|6|7806|2462|
1552|7|9975|2361|
1553|1|8895|455|
1554|4|8937|1316|
1555|6|7196|1426|
1556|10|5149|2447|
155|6|8185|2258|
1557|9|8436|2454|
1558|10|8406|2390|
1559|7|9899|2283|
1560|3|9994|2433|
1561|3|6860|2451|
1562|3|5189|2323|
1563|7|8952|1804|
1564|3|8643|2177|
1565|5|8940|2493|
156|5|7611|1557|
1566|6|9620|2381|
1567|4|7558|2277|
1568|9|9357|2471|
1569|1|4778|2461|
1570|4|9200|2216|
1571|7|9159|2105|
1572|2|1883|1437|
1573|6|9877|1889|
1574|3|4571|2306|
1575|4|7066|2142|
1576|7|8830|2307|
157|6|9420|2114|
1577|6|9775|2431|
1578|4|9213|2162|
1579|2|8826|1813|
1580|5|8433|1814|
1581|1|1036|2124|
1582|7|8077|1786|
158|3|4643|2231|
1583|7|9902|2387|
1584|6|7360|2278|
1585|5|9051|2296|
1586|4|9487|1811|
1587|4|5163|2061|
1588|5|9080|2384|
1589|7|6746|2190|
1590|6|7999|2472|
1591|8|8072|2472|
1592|6|9814|2253|
1593|8|9445|2259|
1594|8|7544|2395|
1595|5|9232|2415|
1596|1|1505|485|
159|6|9418|2441|
1597|5|9999|2366|
1598|3|6777|2244|
1599|4|6110|1663|
1600|6|7698|2150|
1601|2|7014|1279|
1602|5|8785|2335|
1603|5|7894|1987|
1604|5|9602|1822|
1605|3|7671|2067|
1606|7|8351|2082|
1607|5|9840|1549|
160|7|9516|1470|
1608|6|7324|2213|
1609|6|9003|2216|
1610|2|3783|777|
1611|2|6153|1572|
1612|7|9587|1618|
1613|7|9966|2461|
1614|4|9606|2386|
1615|6|7814|2374|
1616|6|9212|2494|
1617|6|9717|2450|
161|7|9996|2366|
1618|9|7604|2458|
1619|3|8371|1768|
1620|3|5887|2375|
1621|4|9372|2022|
1622|6|8030|1826|
1623|4|9347|1423|
1624|3|4831|1981|
1625|5|9081|2144|
1626|2|4144|1509|
1627|3|5923|2407|
1628|3|4699|1562|
1629|7|8209|2492|
162|9|9772|2431|
1630|5|9992|2049|
1631|5|9026|1072|
1632|4|8262|2493|
1633|6|9695|2412|
1634|4|9428|1437|
163|4|9057|1924|
1635|6|9359|2408|
1636|6|8483|2442|
1637|5|6708|1604|
1638|4|8799|2307|
1639|5|9869|1676|
1640|1|8319|1783|
1641|6|7370|1420|
1642|7|6029|2005|
1643|1|8881|994|
1644|4|7473|1377|
1645|10|9983|2481|
1646|4|8539|1090|
1647|10|9838|2380|
1648|3|4638|974|
164|8|9961|2158|
1649|8|9646|2468|
1650|5|8493|1359|
1651|8|7344|2462|
1652|10|9758|2339|
1653|1|7528|65|
1654|6|9367|2357|
1655|4|9659|2086|
165|5|9472|2288|
1656|2|6474|2286|
1657|6|8702|2336|
1658|5|9388|2485|
1659|4|8368|2468|
1660|6|8782|1394|
1661|5|9308|1902|
1662|8|7700|2125|
166|2|9696|1685|
1663|6|7513|2351|
1664|5|9978|2003|
1665|6|9247|1816|
1666|6|6390|2378|
1667|3|9739|2186|
1668|4|6406|1946|
1669|3|8638|1989|
16|6|9458|2263|
1670|6|8744|2342|
167|1|3141|514|
1671|5|7283|1601|
1672|3|6920|1135|
1673|2|8732|1916|
1674|2|4605|1851|
1675|9|8912|2473|
1676|4|8356|2070|
1677|6|9442|2245|
1678|5|9691|2275|
1679|8|9901|1814|
1680|4|8591|2125|
1681|9|7269|2375|
1682|3|7626|2443|
1683|6|6378|2451|
168|3|8741|974|
1684|5|9090|2230|
1686|3|4875|2447|
1687|8|9833|2056|
1688|8|7554|2480|
1689|5|9149|2465|
1690|6|9132|2373|
1691|4|9052|1711|
1692|6|7916|2034|
169|3|7947|815|
1693|8|9760|2276|
1694|6|7659|2268|
1695|4|6086|1434|
1696|2|8946|2301|
1697|3|8662|2370|
1698|3|7795|1805|
1699|4|9527|2294|
1700|5|6303|2065|
1701|5|9138|2009|
1702|4|9677|2477|
1703|5|8074|1995|
1704|9|7331|2350|
1705|4|8313|2105|
1706|7|8519|2498|
1707|6|9201|2487|
170|7|8437|1891|
1708|3|7963|1705|
1709|5|9806|2006|
1710|3|8002|2054|
1711|4|7350|1061|
1712|7|5205|2478|
1713|6|9747|2145|
1714|2|2474|880|
171|4|8081|2157|
1715|8|8837|2272|
1716|6|5705|1939|
1717|4|8063|1766|
1718|2|7943|2491|
1719|4|7197|1985|
1720|3|9915|1104|
1721|4|9661|1675|
1722|9|9004|2351|
1723|6|9105|2440|
1724|4|8627|2048|
1725|4|3178|2099|
1726|4|9269|2377|
1727|4|9211|1715|
172|7|9939|2364|
1728|4|7640|1628|
1729|4|8563|2057|
1730|10|8561|2248|
1731|3|9046|1535|
1732|9|9735|2493|
1733|9|7535|2469|
1735|5|8553|2253|
173|5|6243|1176|
1736|8|9610|2443|
1737|8|6764|2048|
1738|11|8594|2424|
1739|4|8355|2456|
1740|5|9394|1844|
1741|2|7426|1617|
1742|3|4342|1470|
1743|7|9531|2442|
1744|10|7764|2404|
1745|3|2605|579|
174|5|9050|2393|
1746|4|8849|1531|
1747|5|9679|1691|
1748|6|9749|1853|
1749|5|7695|2490|
1750|2|4906|603|
1751|5|7511|2449|
1752|4|9363|1480|
1753|2|9476|2163|
1754|7|9931|2196|
175|4|8200|1064|
1755|2|8120|1864|
1756|2|7377|2085|
1757|2|8547|1400|
17|5|7873|2299|
1758|5|9517|2048|
1759|7|7414|2230|
1760|6|9353|2414|
1761|5|5400|2447|
176|1|6391|1179|
1762|4|9638|994|
1763|5|6010|2244|
1764|6|7683|2389|
1765|5|9249|2163|
1766|2|7602|1658|
1767|2|5107|835|
1768|3|7275|2459|
1769|11|9634|2376|
1770|4|8670|1600|
1771|7|9108|2147|
1772|4|9698|2450|
1773|9|9936|2436|
1774|3|2447|1777|
177|4|5221|2102|
1775|8|8133|2486|
1776|4|8139|1355|
1777|3|9671|2008|
1778|6|8504|2442|
1779|4|7922|2369|
1780|6|8416|1559|
1781|8|7520|1765|
1782|5|7099|2131|
1783|6|9997|2360|
1784|3|6076|2412|
1785|7|7416|2400|
1786|5|9299|1883|
1787|7|7592|2348|
1788|5|6849|1842|
178|8|8869|2497|
1789|4|8123|1610|
1790|3|6282|1080|
1791|3|7974|2237|
1792|5|9501|2297|
1793|6|8787|2278|
1794|5|9237|1813|
179|4|8759|1392|
1795|10|9988|2332|
1796|3|5396|1872|
1797|7|9761|2177|
1798|2|5467|2228|
1799|7|8205|1062|
1800|2|4744|1324|
1801|5|5965|2263|
1802|3|8162|2013|
1803|7|9642|2162|
1804|7|9457|2452|
1805|3|8693|2089|
1806|3|5738|1748|
180|7|9432|1889|
1808|4|7423|2046|
1809|6|8513|2173|
1810|7|8346|2478|
1811|11|8046|2256|
1812|2|7969|2483|
1813|6|9535|1936|
181|3|8956|2029|
1814|6|9727|2051|
1815|4|9981|2399|
1816|4|9015|2033|
1817|1|5044|1054|
1818|4|8341|1759|
1819|2|7046|1906|
1820|5|8380|2217|
1821|6|9009|2449|
1822|5|8271|1978|
1823|3|9913|2367|
182|3|5479|2080|
1824|11|8752|2400|
1825|5|9334|1712|
1826|6|7696|2366|
1827|7|6200|1578|
1828|7|8442|1954|
1829|7|9355|2422|
1830|5|9285|2459|
1831|6|7824|2342|
1832|2|5875|1359|
1833|5|8369|2183|
183|3|8905|2261|
1834|7|8059|2230|
1835|2|8236|1026|
1836|3|9832|1561|
1837|7|9971|2047|
1838|4|9892|2295|
1839|4|9537|1914|
1840|8|9872|2180|
1841|2|9401|1956|
1842|7|8841|2130|
1843|3|6838|921|
184|3|5220|1799|
1844|3|9506|1616|
1845|4|8834|1767|
1846|10|9973|2268|
1847|3|8096|2431|
1848|7|9243|2127|
1849|4|4799|1478|
1850|4|9949|2358|
1851|6|9049|2190|
1852|6|9295|1893|
1853|1|9349|2219|
1854|6|8607|2183|
1855|3|8774|796|
1856|8|9922|2356|
1857|5|7766|1462|
1858|5|9839|2053|
185|8|9604|2226|
1859|6|9177|2147|
1860|6|8467|2307|
1861|3|9229|2090|
1862|5|4851|1816|
1863|6|9032|1194|
1864|6|7936|2466|
1865|7|8556|2261|
1866|3|8874|2159|
186|6|8766|1698|
1867|6|9755|1938|
1868|7|9640|2349|
1869|4|2037|1623|
1870|6|8953|2245|
187|10|9092|2222|
1871|6|6780|2447|
1872|5|8499|2359|
1873|5|6917|2203|
1874|5|8831|1826|
1875|2|9612|2168|
1876|1|9030|253|
1877|6|9431|2065|
1878|5|9669|1620|
1879|3|8976|2498|
1880|7|7991|1986|
1881|2|5762|2328|
1882|7|9548|2181|
1883|5|8998|2219|
1884|7|9676|2477|
1885|1|7555|2027|
188|5|9597|2423|
1886|7|9928|2361|
1|8|8697|1673|
1887|6|8018|1851|
1888|5|9613|1930|
1889|7|8224|2321|
1890|2|8494|1930|
1891|4|6208|1964|
1892|7|6595|1434|
1893|6|9812|2427|
1894|6|8628|2110|
189|5|7375|1933|
1895|8|9515|2007|
1896|4|8104|2429|
1897|8|9407|2277|
1898|8|8117|2413|
1899|5|9340|2349|
18|9|9624|2249|
1900|6|9411|2242|
1901|6|5250|2285|
1902|2|8440|1027|
1903|6|9024|2434|
1904|3|9577|1424|
190|4|6066|2182|
1905|9|9980|1839|
1906|3|7815|2363|
1907|4|8309|1763|
1908|5|9256|1478|
1909|7|8723|2493|
1910|9|9000|2433|
1911|7|6352|2054|
1912|5|8115|1567|
1913|6|6908|2290|
1914|4|9954|1908|
1915|5|9554|2207|
191|5|9726|1873|
1916|4|8879|1827|
1917|3|5668|1714|
1918|6|9007|1437|
1919|3|9953|521|
1920|6|6652|2337|
1921|4|5241|2399|
1922|6|9404|2357|
1923|6|9124|2451|
1924|5|8523|1443|
1925|5|3697|2367|
1926|4|7831|2428|
192|6|9705|2476|
1927|1|3653|1705|
1928|4|9390|1110|
1929|3|7161|2031|
1930|9|9205|2192|
1931|8|9222|2378|
1932|7|9614|2085|
1933|5|6816|2088|
1934|8|9721|2466|
1935|8|9271|2486|
1936|7|7274|2117|
1937|6|9301|1114|
193|7|8194|1909|
1938|5|8598|1658|
1939|1|9956|551|
1940|5|8412|1870|
1941|6|7112|2073|
1942|7|8809|2295|
1943|7|8016|1462|
1944|3|7867|2448|
1945|4|6916|1948|
194|5|5572|2291|
1946|6|9738|2156|
1947|9|9728|2459|
1948|8|8760|2424|
1949|5|5304|2440|
1950|6|8129|1895|
1951|6|7879|2262|
1952|9|8375|2244|
1953|6|9135|1934|
1954|8|8775|2094|
1955|6|9393|2424|
195|6|9023|2270|
1956|9|9865|2180|
1957|3|7691|2034|
1958|5|7662|2305|
1959|5|9291|1855|
1960|2|7193|2345|
1961|6|7645|1957|
1962|4|8168|1858|
1963|6|9338|1736|
1964|5|9168|1605|
1965|4|8897|2317|
1966|4|8285|2452|
1967|2|8179|2431|
1968|3|7908|1568|
196|8|9563|2166|
19|6|9272|2141|
1969|4|7761|2481|
1970|6|9962|1300|
197|1|2440|519|
1971|5|8155|1611|
1972|10|9224|1940|
1973|3|4972|1930|
1974|8|9221|2201|
1975|7|8609|2490|
1976|7|8331|2051|
1977|3|9529|1828|
1978|4|9946|2451|
1979|8|7277|2472|
1980|7|9446|2083|
1981|7|9450|2288|
1982|5|9777|2066|
1983|3|8863|2453|
198|3|9258|2216|
1984|8|9601|1587|
1985|2|1848|2318|
1986|3|6504|1485|
1987|6|9284|2417|
1988|4|9794|1925|
1989|8|8302|2182|
1990|7|9699|2418|
1992|6|9261|2342|
1993|3|8857|2457|
1994|9|9957|1545|
199|5|8050|2498|
1995|8|7747|2403|
1996|5|7074|2250|
1997|3|7870|1942|
1998|5|8958|2391|
1999|2|5437|1264|
200|2|2931|1289|
201|4|9283|2351|
202|3|9543|1524|
203|9|8865|1920|
204|9|8668|2364|
205|8|9219|2363|
206|4|5660|1729|
207|5|8749|2177|
208|3|8758|2394|
209|4|8031|955|
20|9|8000|2178|
210|8|9217|2349|
211|6|8325|2239|
212|2|8911|1809|
213|7|9771|1673|
214|7|7037|2452|
215|2|4308|1336|
21|5|9986|2341|
216|5|9798|2193|
217|3|4021|2226|
218|5|8592|1379|
219|11|9181|2205|
220|7|9139|2147|
221|3|6569|2330|
222|9|8410|2041|
223|2|3248|2353|
22|3|6192|2020|
224|3|9686|2403|
225|5|9335|1686|
226|6|9202|2385|
227|4|6123|1673|
229|5|8267|2424|
230|7|9729|1925|
231|6|7336|2388|
232|2|9784|1677|
233|2|9927|1698|
234|5|7035|1278|
23|4|9072|2102|
235|5|4606|2093|
236|8|7230|2426|
237|5|9977|665|
238|1|5060|1757|
239|5|8352|2069|
240|3|6743|1781|
24|14|9183|2360|
241|6|9561|1575|
242|4|4485|1997|
243|6|9546|2301|
244|7|9161|2027|
245|8|9037|2223|
246|9|6308|1532|
247|4|5945|2499|
248|3|8601|1754|
249|7|9796|1906|
250|5|9950|2429|
251|6|9331|2041|
252|7|7289|2167|
253|8|8064|2379|
254|7|9119|1788|
255|6|9906|2152|
25|6|9169|1993|
256|9|9970|2368|
257|6|9643|2169|
258|7|9648|2362|
259|1|2350|261|
260|8|9153|2387|
261|6|8066|2057|
262|7|9281|2090|
263|7|7801|2162|
264|5|9525|2369|
265|5|8156|2375|
266|4|9615|2146|
267|3|5218|2429|
26|7|9990|2279|
268|5|9101|2362|
2|6|9448|2169|
269|6|9766|2331|
270|6|7122|2391|
271|6|8728|2399|
27|2|3195|1864|
272|4|5319|2059|
273|7|9918|2446|
274|3|8052|2222|
275|3|7725|1847|
276|1|5862|1333|
277|3|4438|2302|
279|3|7387|2162|
280|6|7454|2392|
281|2|2552|598|
282|4|8647|2353|
283|2|2745|2025|
284|7|8275|2208|
285|5|7041|2483|
28|5|7994|2488|
286|7|8939|2257|
287|5|9821|1991|
288|4|8500|2472|
289|2|8471|1318|
290|5|6531|2475|
29|10|9831|2183|
291|3|6238|2133|
292|4|9647|2147|
293|4|3028|1968|
294|7|9584|1607|
295|3|7419|2033|
296|3|9087|1986|
297|5|9289|1957|
298|7|9040|2496|
299|4|5591|2381|
300|5|8722|2060|
301|3|9685|2447|
302|8|7979|2122|
303|5|9456|2411|
304|3|6964|1949|
305|3|6958|1672|
30|5|9534|1912|
306|3|9791|2143|
307|10|9826|2424|
308|5|6565|2386|
309|7|6383|2481|
310|2|4355|1408|
311|6|9430|1920|
31|2|4074|1611|
312|8|9688|2270|
313|4|9475|2004|
314|8|9300|1531|
315|3|9540|1955|
316|4|9069|986|
317|3|8867|1205|
318|6|8680|2363|
319|8|9016|2160|
320|3|9663|1748|
321|2|6414|1823|
322|3|9077|2040|
32|2|9560|1713|
323|7|7639|2431|
324|7|9220|2457|
325|6|9743|2116|
326|3|7236|2190|
327|3|7927|2435|
328|11|9397|2114|
329|4|9789|1785|
330|4|6118|2423|
331|5|9350|2315|
33|2|8565|600|
332|8|9763|2448|
333|4|8060|946|
334|6|9762|1831|
335|5|5150|2305|
336|6|7326|2328|
337|3|8181|1815|
338|4|7083|2469|
339|2|4377|2062|
3|3|9732|645|
340|10|7961|2239|
341|7|8492|2324|
342|8|8701|2349|
343|5|5128|1790|
344|2|6735|1745|
345|4|9910|1690|
346|2|8613|1732|
34|6|9324|2275|
347|7|9874|2232|
348|3|9459|1518|
349|5|9265|1676|
350|2|712|1485|
351|4|8370|2207|
352|5|7854|2035|
353|7|9313|2398|
354|3|5711|1584|
355|6|8902|1615|
356|1|804|1502|
35|6|7883|2167|
357|6|9522|2421|
358|1|6051|2281|
359|6|9294|2378|
360|7|7107|2327|
361|6|9063|2359|
362|1|9819|1010|
36|2|8921|1145|
363|1|6733|2385|
364|3|9333|1703|
365|6|8997|937|
366|3|6628|2360|
367|1|6811|1336|
368|9|9883|2130|
369|4|7265|2479|
370|5|9489|2321|
371|7|9330|2164|
372|8|9206|2349|
373|7|9129|2255|
374|7|9673|1868|
375|6|8084|2399|
376|4|9387|1313|
37|7|6384|1743|
377|7|7828|2455|
378|5|8800|1398|
379|2|6362|1307|
380|3|9162|827|
381|3|9995|1003|
382|4|7865|1687|
38|3|4142|1953|
383|5|5414|2020|
384|9|8426|2445|
385|5|8135|2458|
386|3|8550|2269|
387|9|6042|2433|
388|4|9570|2328|
389|9|8917|2481|
390|2|4236|1842|
391|6|9768|2194|
392|6|5252|2295|
393|3|8464|2483|
394|8|8790|2239|
39|4|9754|1336|
395|5|7483|1865|
396|3|8294|1307|
397|4|6804|1293|
398|3|5068|428|
399|5|9853|2460|
400|3|9154|2425|
401|4|9497|2285|
402|11|8460|2395|
403|8|8576|2477|
40|3|9886|2413|
404|4|9093|1099|
405|2|9262|1633|
406|5|6629|1954|
407|3|7607|2315|
408|6|9391|2110|
409|4|7859|2297|
410|5|9849|2318|
411|4|9532|1557|
412|6|9713|1640|
413|6|9178|2499|
414|10|8444|2472|
415|6|9425|2200|
41|5|9657|2446|
416|4|7431|2072|
417|6|8767|2318|
418|3|8971|1752|
419|6|6444|1656|
420|3|6982|2147|
421|5|9787|1425|
422|6|9491|2023|
423|7|8508|2381|
424|5|9163|1630|
425|4|9130|2324|
42|5|9958|2047|
426|4|9444|2328|
427|6|8972|2197|
428|8|9505|2249|
429|3|9828|1177|
430|2|736|1751|
431|6|9937|2491|
432|4|9195|1246|
433|9|9500|2474|
434|2|7807|2338|
435|6|7590|2499|
436|10|8900|2460|
43|6|7596|2260|
437|7|9483|2283|
438|3|4756|2402|
439|3|8159|1293|
440|3|9665|1867|
441|6|7218|1337|
442|6|9764|1885|
443|3|5646|1845|
444|3|7182|1842|
44|4|6313|2428|
445|7|8169|2458|
446|5|8372|2392|
447|6|8899|1234|
448|2|7506|1646|
449|3|8040|2180|
450|4|7231|1782|
451|2|4475|1320|
452|11|8575|1281|
453|2|9511|1646|
45|3|9803|1080|
454|2|9288|2498|
455|4|8230|1806|
4|5|5723|2378|
456|3|8988|1616|
457|6|9722|2222|
458|4|8320|1610|
459|5|7966|1366|
460|4|9477|2406|
461|3|5791|1098|
462|6|8858|2338|
463|8|9062|2353|
464|3|4805|1297|
46|4|9818|2301|
465|3|6307|2246|
467|3|5161|2376|
468|4|9774|2061|
469|4|8765|2016|
470|8|8725|2344|
471|4|7409|891|
472|4|7521|1616|
473|5|8541|2264|
47|3|8764|1344|
474|6|6694|2358|
475|5|7068|2463|
476|8|9919|2418|
477|10|9664|2184|
478|4|6887|1658|
479|8|8673|2289|
480|3|9099|2410|
481|9|9416|1909|
482|6|7075|1403|
483|5|7397|2280|
484|4|5869|2318|
485|5|6181|2474|
486|7|8716|2352|
48|6|9841|2303|
487|4|9719|2150|
488|3|9109|2239|
489|6|9873|2221|
490|7|9327|2241|
491|2|6266|2206|
492|5|7556|2167|
493|3|6341|2183|
494|5|7011|1929|
495|3|9618|2091|
496|3|9627|1423|
497|10|9778|2428|
49|7|7620|2415|
498|8|8906|2453|
499|5|9756|2170|
500|4|5715|1962|
501|7|8890|2305|
502|7|9360|2137|
504|6|8203|2437|
505|3|9060|1471|
50|5|8291|2167|
506|4|7472|2460|
507|3|8719|2123|
508|4|7316|2454|
509|6|7702|2447|
510|2|8286|1733|
511|4|9578|1094|
5|1|171|1522|
512|8|8564|2088|
513|4|5626|2340|
514|6|7667|2307|
515|7|8582|2371|
516|2|9343|2398|
51|6|9965|2469|
517|1|5018|1224|
518|2|9702|1946|
519|5|9617|1705|
520|3|4705|1607|
521|4|9533|2492|
522|4|8951|997|
523|4|9122|1853|
524|9|9231|1866|
525|3|7263|2229|
52|5|8864|1684|
526|6|7071|2462|
527|8|9921|2312|
528|6|9765|2406|
529|4|9264|2086|
530|4|8477|1879|
531|4|8425|1015|
53|1|6283|659|
532|3|9607|2215|
533|6|9490|1667|
534|10|8465|2418|
535|6|7290|1553|
536|5|4103|2008|
537|2|3499|1869|
538|1|873|1153|
539|4|9054|2487|
540|6|8366|2030|
541|3|5369|2329|
542|5|9512|2006|
543|4|5324|2333|
544|3|8364|700|
545|8|9807|2308|
546|6|8584|2079|
547|5|9895|2017|
54|7|9329|2327|
548|1|6537|2162|
549|1|9848|133|
550|7|9952|2324|
551|6|9417|1641|
552|7|9891|2242|
553|8|9681|2341|
554|3|8131|1876|
555|2|1297|1701|
55|5|5905|2046|
556|6|8803|2226|
557|5|7489|1008|
558|9|9385|2317|
559|6|9125|1855|
560|3|7657|1795|
561|6|8537|2107|
562|2|7724|2116|
563|3|2298|1516|
56|3|3230|2463|
564|4|8777|2312|
565|7|7808|2466|
566|8|5854|2440|
567|3|7665|1903|
568|5|8528|2490|
569|7|9115|1959|
570|6|8913|1944|
571|4|9701|1280|
572|10|9736|2449|
573|7|9348|2343|
574|11|8137|2406|
57|4|9636|2430|
575|4|9666|2488|
576|7|7202|2266|
577|4|8051|2245|
578|7|9084|2285|
579|4|9071|2146|
580|6|6174|2299|
581|4|8794|2449|
582|6|6990|1892|
583|3|1967|1805|
584|4|4757|2143|
585|2|6888|2447|
58|5|9693|2229|
586|4|9488|1621|
587|6|9866|1939|
588|4|3934|1836|
589|7|9795|2434|
590|4|1790|2411|
591|4|7914|1802|
592|7|8996|1708|
593|5|5917|2406|
594|3|4808|798|
595|2|5276|2015|
59|5|9018|2170|
596|7|9770|1409|
597|10|9395|2441|
598|8|8407|2406|
599|7|9210|2366|
600|8|9854|2279|
601|7|9176|2151|
602|3|7507|2178|
603|6|9934|2385|
604|6|9926|2436|
605|2|9969|441|
607|3|7157|2389|
608|9|9470|2445|
60|9|8781|2434|
609|8|9507|2455|
610|4|5743|1663|
611|5|9538|2273|
612|3|4665|2451|
613|4|9940|2222|
614|4|5844|2166|
615|5|9375|2128|
616|4|9907|2166|
61|6|7117|2070|
617|5|8878|2218|
618|2|8288|1827|
619|3|8608|1601|
620|5|4442|2198|
621|6|9199|2174|
622|8|9315|2440|
623|8|9276|2390|
624|5|9920|2426|
625|8|8982|2305|
62|6|8413|2220|
626|9|9837|2474|
627|8|7990|2360|
628|3|8417|2058|
629|3|9240|1706|
630|5|7057|2378|
631|7|9398|2303|
632|5|6557|2438|
633|6|8118|2447|
634|5|6477|2419|
635|3|9989|1610|
636|6|9985|2366|
63|6|8892|2377|
637|2|5961|898|
638|6|8730|1787|
639|7|9817|2022|
640|4|8681|2302|
641|6|8705|2022|
642|4|8457|2095|
643|2|6429|2135|
644|6|6231|2451|
645|3|8578|1129|
646|8|9599|2159|
647|2|5740|2277|
64|8|8004|2213|
649|1|7413|789|
650|2|7410|2104|
651|5|8036|1355|
652|2|4024|2468|
653|3|2246|955|
654|8|9593|2468|
655|5|7839|2107|
65|5|8076|2386|
656|7|8130|2376|
657|2|5550|1325|
6|5|8333|2466|
658|3|7816|2011|
659|5|7689|1925|
660|5|6915|2485|
661|5|7206|2132|
66|2|7548|1065|
662|9|8743|2069|
663|8|7381|2036|
664|6|6353|2336|
665|4|9852|1393|
666|3|7481|2244|
667|5|8192|2414|
668|4|7144|1578|
669|4|7623|673|
670|6|6556|1645|
671|3|9842|1433|
672|4|9022|2441|
673|2|4581|2379|
674|6|9260|1620|
675|7|9805|1964|
676|2|8423|878|
677|3|7348|2114|
67|7|9244|2116|
678|4|9846|2265|
679|4|9900|1299|
680|4|9550|1856|
681|1|1403|1866|
682|3|8415|1597|
68|2|6850|937|
683|5|9748|1952|
684|5|8792|2250|
685|4|9720|1820|
686|2|3775|1775|
687|6|9703|1391|
688|4|9967|1610|
689|7|9322|2281|
690|6|6907|2368|
691|4|9251|1721|
692|7|6044|2408|
693|5|5699|2048|
694|4|7690|1966|
695|8|9630|2131|
696|9|9365|2486|
697|3|9194|1406|
698|3|7536|2162|
69|8|8922|1491|
699|5|6765|2291|
700|4|9298|2298|
701|3|4508|1825|
702|5|8589|806|
703|4|7972|2291|
704|6|9580|2213|
70|4|9088|1590|
705|7|9626|1990|
706|7|5532|975|
707|3|6538|2154|
708|7|8793|2279|
709|3|9214|2369|
710|2|9454|1416|
711|5|5730|2048|
712|2|8005|1957|
713|5|9752|1949|
714|4|7978|2059|
715|5|6340|1806|
716|1|9058|869|
71|6|9725|2396|
717|2|3033|2290|
718|7|9645|2457|
719|7|9816|2471|
720|9|8819|2267|
721|10|9399|2146|
722|9|9008|2253|
723|7|9278|2282|
724|5|9905|2414|
725|6|9609|2116|
726|10|9782|1917|
727|7|9984|1756|
728|2|5082|1110|
729|2|7103|1914|
72|9|8687|2265|
730|5|8801|1535|
731|1|7579|2148|
732|7|8675|2411|
733|9|9908|2459|
734|5|9203|1718|
735|6|7751|2115|
736|2|6602|1961|
73|6|9938|2301|
737|5|9225|1722|
738|5|7800|1477|
739|9|9509|2217|
740|1|3460|47|
741|8|6997|2469|
742|9|9371|2183|
743|7|9917|2253|
744|4|3789|2194|
745|5|8595|2232|
746|1|4372|324|
74|6|9421|2201|
747|5|4962|2400|
748|6|9804|2018|
749|5|9558|2259|
750|6|8377|2168|
751|7|9948|2138|
752|2|7574|2076|
75|2|9896|1717|
753|5|6900|1963|
754|7|9267|1807|
755|3|2665|1636|
756|6|9894|1936|
757|7|8279|2401|
758|7|8671|2466|
759|3|9226|1649|
760|7|7618|2212|
761|3|7632|2286|
762|5|7148|2077|
763|3|9589|2337|
764|6|9150|1980|
765|2|2460|1561|
76|5|8933|2457|
766|8|9317|1718|
767|6|8887|2174|
768|5|7494|2269|
769|4|9655|963|
770|2|8511|2058|
771|4|7159|1299|
772|5|7693|2326|
77|3|3914|2022|
773|8|8516|2229|
774|4|9697|1510|
775|4|6785|1494|
776|5|9559|1954|
777|4|8555|1759|
778|5|9930|2442|
779|4|8969|1275|
780|3|7514|1716|
781|4|8659|1988|
782|8|9504|1708|
783|9|9521|1968|
784|2|9751|1264|
785|1|7826|1294|
78|5|5809|1356|
786|1|8992|543|
787|6|3182|2397|
788|4|7643|1213|
789|4|8918|1485|
790|2|7641|2499|
791|7|9386|2243|
792|7|5674|2467|
793|5|9455|1895|
794|5|3827|1532|
795|7|8709|2365|
796|2|9644|2390|
79|6|9993|2086|
797|4|9091|1647|
798|5|9427|2285|
799|4|5316|2147|
800|6|9053|2180|
801|2|8488|1176|
802|7|7541|2428|
803|7|9280|2288|
804|6|8954|2231|
805|3|6952|2009|
806|3|6013|1409|
807|4|7907|2318|
808|4|5858|2026|
80|8|9382|2323|
809|8|9889|2443|
810|3|9941|1908|
811|8|7788|2227|
812|6|8848|1787|
813|6|6932|2437|
814|7|9835|2325|
815|6|8538|2483|
816|5|3971|2443|
81|6|8400|2369|
817|3|8496|1695|
818|4|4607|1630|
819|7|9193|1741|
820|8|6934|1838|
821|6|7453|2444|
822|5|8619|2457|
823|3|9085|2326|
82|3|7257|2065|
824|2|9850|1063|
825|3|8170|1533|
826|8|9268|2492|
827|6|9595|2010|
828|1|4500|1869|
829|6|5636|2326|
830|12|9474|2486|
831|5|8350|2234|
832|7|9297|2291|
833|7|9209|1940|
83|3|8710|1137|
835|4|9556|1369|
836|5|9855|1720|
837|4|8142|2016|
838|10|9238|1818|
8|3|8691|2246|
839|3|4264|1272|
840|3|8122|1791|
841|7|9945|1829|
842|7|8815|2324|
843|8|9569|2356|
844|3|3979|2434|
845|8|6550|2314|
846|5|8768|1925|
847|1|1906|1817|
84|7|9911|2125|
848|5|3469|2420|
849|4|8811|2460|
850|5|7222|2233|
851|1|9622|1208|
852|5|7443|2456|
853|2|3859|1954|
854|8|9542|2178|
855|7|9034|2485|
85|5|9632|2194|
857|6|8636|2106|
858|4|9242|1643|
859|4|9218|2303|
860|7|9035|2465|
861|5|9104|1528|
862|8|8784|2417|
863|1|6875|2002|
864|3|4166|2241|
865|1|2641|612|
866|8|9134|2308|
867|5|7670|2035|
86|7|9422|2314|
868|3|9180|1895|
869|8|9675|2452|
870|4|9433|2185|
871|1|6005|917|
872|6|7227|1589|
873|8|8694|2459|
874|3|8108|1254|
875|5|8871|2279|
87|5|7185|2394|
876|2|8714|1139|
877|4|9126|2167|
878|3|9042|1814|
879|5|9792|2414|
880|5|8968|1330|
881|7|6673|2013|
882|8|8884|2145|
883|3|6507|283|
884|4|8024|1872|
885|1|9074|1151|
886|5|6491|2308|
887|3|9036|1525|
88|7|8981|2474|
888|5|9116|2430|
889|4|8431|2439|
890|3|6232|732|
891|6|9779|2266|
892|3|7660|2267|
893|6|9117|2340|
894|6|9484|2482|
895|7|9440|1834|
896|4|7001|1700|
897|8|8187|2429|
89|7|9319|2315|
898|5|9867|2382|
899|7|9403|2449|
900|7|6843|2270|
901|6|8334|1033|
902|3|6438|956|
903|9|8126|2066|
904|4|9502|2470|
905|5|9345|2475|
906|6|7895|2465|
907|5|9730|2277|
90|7|9785|2177|
908|6|9337|2155|
909|9|8791|2465|
910|2|9718|1158|
9|10|9311|2338|
911|8|9633|2465|
912|5|4218|1888|
913|4|6368|2354|
914|2|5582|1945|
915|7|3582|2189|
916|6|8661|2046|
917|3|9191|1820|
91|7|9654|2429|
918|3|5769|2135|
919|3|8255|2419|
920|2|8652|1795|
921|5|8750|1970|
922|4|9383|2439|
923|9|9055|2230|
924|1|4278|1215|
925|5|9667|2385|
926|5|9282|1882|
92|6|9834|2091|
927|7|8330|2488|
928|6|9709|2205|
929|6|8384|1285|
930|7|9680|2097|
931|4|8866|2246|
932|7|9844|2254|
933|4|8676|2129|
934|6|5188|2222|
935|5|7276|2022|
936|8|9740|2480|
937|4|8529|1225|
938|1|5039|1911|
93|8|8490|2468|
939|3|1839|2276|
940|4|9987|2035|
941|5|8631|2373|
942|5|6404|2398|
943|5|8689|2153|
94|4|6072|2342|
944|7|9339|2482|
945|3|9862|1918|
946|6|9799|1420|
947|6|7821|2467|
948|3|7235|1521|
949|3|2240|1771|
950|7|7782|1959|
951|4|9172|1845|
952|5|3492|2035|
953|4|6617|1731|
954|5|8973|1339|
955|6|8816|2189|
956|4|8083|2116|
957|4|7576|1952|
958|5|7246|1487|
959|6|8357|2449|
95|9|8840|2022|
960|8|9884|2466|
961|6|8259|2316|
962|7|7964|2074|
963|7|9829|2111|
964|5|9415|1620|
965|6|9059|2481|
96|5|9044|1781|
966|5|9823|1612|
967|4|8197|1924|
968|3|4023|2042|
969|4|9279|1453|
970|1|6936|565|
971|5|9759|2111|
972|8|6793|2320|
973|3|5490|2409|
974|6|6921|1391|
975|6|8926|2328|
976|4|9594|2425|
97|6|7775|2052|
977|8|9960|2462|
978|3|7923|1372|
979|4|8880|1943|
980|8|6978|2259|
981|7|9912|2313|
982|5|9547|2164|
983|6|8549|2442|
984|3|2576|2129|
985|6|8778|1795|
986|8|9864|2204|
987|6|7538|1160|
988|7|8257|1342|
989|6|8829|2162|
98|9|8447|2332|
990|3|3618|2177|
99|11|8546|2374|
991|4|9897|2259|
992|6|9106|2036|
993|6|9469|1934|
994|5|9582|2461|
995|3|9370|1860|
996|3|8498|2071|
997|4|8250|2190|
998|5|8776|2489|
999|2|4890|1651|
